-3.955713499999999883e-01
1.365950099999999889e-01
9.992510700000000190e-01
1.094834199999999893e-03
-2.686840600000000023e-01
5.215880000000000516e-01
8.897821000000000202e-02
6.507314400000000498e-01
7.213660499999999809e-01
-2.655992999999999826e-01
-4.709048000000000123e-01
1.332947300000000002e-01
-5.849402500000000504e-01
-3.763164199999999987e-02
-6.937765000000000182e-01
-8.825872000000000162e-01
5.680028000000000299e-01
-2.082041199999999925e-01
-3.091292700000000115e-01
-5.929554999999999687e-01
-1.370126600000000083e-01
5.279580000000000384e-01
8.835461999999999483e-02
2.060856399999999866e-01
8.199543000000000248e-01
-4.717184600000000061e-01
-1.003147900000000009e-01
1.373605300000000085e-01
-6.134579000000000004e-01
-2.988052400000000275e-01
-5.278214400000000306e-02
-4.218232300000000073e-02
6.528511599999999859e-01
-8.726140999999999481e-01
-1.029056900000000052e+00
-2.366948600000000069e-01
5.920452999999999966e-01
3.830095199999999922e-01
6.855979599999999508e-01
1.809069500000000108e-01
4.647954000000000252e-01
1.681641500000000122e-01
1.051558500000000063e+00
-6.505163999999999946e-01
-2.104922999999999933e-01
1.113154140000000014e-01
4.857584999999999820e-01
-7.307757999999999754e-01
-2.649488700000000030e-01
7.020687500000000192e-01
7.858413999999999677e-02
-2.112396500000000010e-01
-3.080515300000000178e-01
-1.801697899999999963e-01
9.295981400000000172e-02
-5.706640300000000166e-02
-3.238628800000000196e-01
2.738051699999999866e-01
-2.830141800000000041e-01
-1.683123099999999928e-01
3.377187300000000225e-01
3.394274700000000089e-01
3.558515600000000112e-01
-8.132678999999999603e-02
-3.487472500000000086e-01
8.893104999999999760e-02
-4.255442999999999865e-01
-3.980796000000000334e-02
8.672144000000000519e-01
-1.438065799999999894e-01
-6.650805499999999648e-02
-6.198932000000000331e-01
-1.737752700000000095e-01
7.409280999999999784e-01
-4.950390800000000202e-01
9.382567599999999675e-02
-2.447120399999999918e-01
-4.458793999999999952e-02
1.706043600000000104e+00
3.879404399999999975e-01
-4.611900700000000075e-01
9.587914999999999632e-02
-5.776289000000000007e-01
-5.920765000000000056e-01
5.792313999999999519e-01
4.578122499999999762e-01
8.373949000000000531e-01
-6.373009000000000313e-02
9.660638599999999965e-01
-3.907528200000000007e-01
-9.435398000000000396e-02
-3.867533000000000221e-01
-1.220181500000000058e-01
-2.651361199999999751e-01
-4.554982299999999623e-03
8.804726000000000219e-02
3.276341999999999866e-01
-3.301543299999999959e-01
-4.943595800000000207e-01
-2.234868999999999883e-01
-4.842822800000000094e-01
-2.272725399999999951e-01
-3.908338800000000224e-01
-3.833989799999999726e-02
3.285429999999999739e-01
8.771082999999999519e-01
2.400928599999999913e-01
4.668626499999999901e-01
2.463934299999999966e-01
4.666665599999999733e-03
-1.150696949999999996e-01
-5.709355499999999584e-01
1.531060300000000041e-01
-5.479471999999999676e-01
-2.014624200000000032e-01
6.178291999999999812e-02
-4.113752999999999993e-01
1.236590999999999940e-01
-3.093598799999999760e-01
4.290412399999999904e-01
6.271671699999999960e-01
5.518764000000000447e-01
-3.412304800000000027e-01
-4.206519999999999704e-02
-4.213723500000000066e-01
-1.881612000000000007e-01
-2.216709299999999883e-01
-2.515648300000000170e-01
-5.068365000000000231e-01
2.065789100000000045e-01
-3.652817300000000267e-01
-6.049824999999999786e-01
-3.806249199999999777e-01
4.730744000000000060e-01
1.082867200000000030e-01
8.039663999999999699e-01
3.620297599999999782e-01
-4.175454399999999899e-01
-2.985536799999999880e-01
-5.659262999999999794e-02
-6.437537700000000029e-01
-5.533593500000000276e-02
-3.348175600000000141e-01
-2.823805999999999816e-01
9.618302400000000585e-02
-2.830173400000000061e-01
-2.582894299999999865e-01
9.009418500000000440e-01
-2.248407799999999901e-01
-4.789909700000000159e-01
-2.872551400000000199e-01
1.570240400000000036e-01
-7.883559999999999457e-01
7.231620600000000509e-01
3.817233999999999905e-01
1.026015100000000034e-02
3.600763399999999947e-01
6.296758000000000077e-01
9.059740299999999857e-01
9.585040999999999700e-02
-7.262088700000000063e-01
5.173419000000000212e-01
9.989468000000000236e-01
-3.616164299999999887e-01
4.238675499999999818e-01
4.422669699999999815e-01
4.394564599999999932e-01
-5.620182999999999707e-01
-7.379456600000000588e-02
8.559989999999999544e-01
1.200023499999999937e-01
-6.848897299999999744e-01
5.295760999999999941e-01
2.787237499999999923e-01
-5.478870999999999603e-01
-3.023255799999999965e-02
-3.506755500000000025e-01
3.350471999999999895e-01
-1.409044999999999881e-01
1.946922199999999992e-01
-8.858697399999999611e-01
-2.545234299999999950e-01
-4.373287299999999989e-01
2.699420499999999890e-01
-2.151197199999999865e-01
4.865967600000000171e-01
4.268994300000000242e-01
5.996713000000000182e-01
-7.556537399999999627e-01
1.832517100000000121e-01
-2.924407399999999768e-01
4.833859799999999929e-01
5.414480600000000088e-01
-2.037859399999999988e-01
-3.511274200000000234e-01
6.298314000000000412e-01
-3.238621700000000048e-01
-6.431421000000000499e-01
1.673720800000000064e-01
-1.863168199999999941e-01
4.171521400000000046e-01
-1.150098600000000054e-01
-3.448201399999999972e-01
3.213783199999999951e-01
-8.101622000000000545e-01
3.794515500000000124e-02
-4.716280400000000261e-01
3.188000599999999962e-01
-7.348193499999999823e-01
-1.891497000000000039e-01
3.669906600000000241e-01
-2.005932599999999955e-01
-2.943533700000000031e-01
-5.925257000000000440e-01
9.428970999999999880e-02
9.951271000000000422e-02
-1.816615500000000050e-01
1.049350999999999923e+00
8.942869999999999986e-02
4.362012000000000111e-01
7.035179999999999767e-01
-6.319679599999999953e-01
-6.720452999999999566e-01
1.610630299999999959e-01
-2.943180499999999977e-01
1.002386199999999894e+00
5.838966999999999768e-02
-4.746608399999999728e-01
3.213757999999999893e-01
1.115629149999999986e-01
-5.704477000000000020e-01
7.251982000000000150e-01
-2.885388599999999873e-02
-2.121452400000000127e-01
-1.425766800000000112e-01
6.782862499999999795e-01
7.662895000000000123e-02
-4.920585499999999834e-01
9.201101999999999892e-01
3.486502499999999949e-01
4.387608000000000064e-01
-4.009940000000000171e-01
-1.314900400000000025e-01
-3.947241000000000222e-01
1.109182900000000027e-01
3.313132500000000036e-01
3.285682200000000219e-01
-3.203787999999999775e-02
-6.889446399999999970e-01
4.277621500000000077e-01
4.135582999999999898e-01
1.820839499999999944e-01
4.768334300000000026e-01
-3.400250999999999968e-02
2.664155400000000062e-01
-1.375897799999999949e-01
4.979825000000000224e-02
3.141262999999999694e-02
1.200801400000000019e-01
1.603977099999999989e-01
2.384841400000000111e-01
4.865249999999999853e-01
-1.561164700000000072e-01
1.205836399999999919e+00
-2.992726600000000237e-01
-2.947655599999999820e-01
-5.863688000000000233e-01
-6.267295999999999978e-02
1.030284600000000106e+00
2.163008599999999889e-03
-4.370848800000000089e-01
2.157619000000000065e-01
3.727238999999999969e-01
3.173978500000000213e-03
9.225908000000000442e-01
8.407925000000000537e-01
2.629125399999999724e-01
-4.865128400000000020e-01
-2.727176000000000045e-01
-1.977088200000000073e-01
-7.218461999999999934e-01
-3.172579400000000160e-01
2.486969500000000000e-01
-5.661988999999999495e-01
-3.776601900000000067e-01
-5.953155999999999448e-01
-4.223490699999999931e-01
-2.448563300000000109e-01
5.767577999999999872e-01
6.224268699999999654e-01
8.286350399999999894e-01
4.185302300000000031e-01
-7.345893999999999480e-01
-4.322245699999999885e-02
-3.991511999999999838e-01
8.019647600000000542e-01
-1.562876599999999949e-01
-3.078587700000000038e-01
-2.561702699999999777e-01
-3.752015200000000106e-01
-4.628536699999999948e-01
-5.288179499999999811e-01
-4.489297600000000110e-01
4.685090499999999825e-01
-1.042467200000000010e-01
-1.705657499999999882e-01
1.024422100000000058e-01
1.464293000000000122e-01
-4.671505400000000030e-01
-2.375897999999999899e-01
-3.138790000000000191e-01
-3.016868500000000064e-01
5.151618000000000031e-01
-1.808403100000000041e-01
-3.931136399999999864e-01
-4.450784999999999880e-01
9.507950499999999749e-01
-1.335373400000000078e-02
-4.404176799999999781e-01
-3.838204700000000247e-01
9.214075000000000459e-01
-3.706712699999999971e-01
-3.131481400000000193e-01
-7.462014000000000147e-01
8.788851000000000302e-02
8.685819999999999652e-01
7.558547000000000182e-02
-6.694997000000000309e-01
-4.598358599999999852e-01
-1.395784300000000033e-01
-1.441544399999999948e-01
-2.488083199999999995e-01
1.004069199999999995e+00
-3.200122700000000014e-02
-4.062570999999999821e-01
-3.358055400000000135e-01
-7.649551599999999674e-01
1.338744399999999946e+00
-7.394589000000000023e-02
-3.143934299999999737e-01
-1.441166000000000114e-01
-4.371696999999999944e-01
-2.748510800000000254e-01
-1.391649000000000080e-01
-4.641379999999999950e-01
4.893976199999999777e-01
3.835504499999999733e-02
8.138476999999999517e-01
-5.395406499999999550e-01
1.097173699999999918e+00
2.411573999999999940e-01
1.073705999999999966e-01
-4.026777999999999746e-01
2.498539499999999913e-01
2.521980400000000122e-01
4.007588999999999735e-01
3.841982800000000031e-01
-2.672300000000000231e-01
-3.329976499999999784e-01
5.994788399999999573e-01
-1.678255000000000025e-02
-3.320738400000000090e-01
-1.431310299999999924e-01
5.372850999999999599e-01
2.014851400000000070e-01
1.736970100000000128e-01
8.425075400000000547e-01
-1.910185000000000008e-02
-3.252524999999999999e-01
-7.059115999999999724e-01
5.515628300000000039e-02
-3.159761999999999987e-02
4.135163399999999823e-01
3.408837000000000117e-01
6.311273600000000261e-02
-2.714523099999999883e-02
-3.143173499999999954e-01
-2.449844999999999939e-01
2.845992700000000153e-01
-4.002550000000000274e-01
-1.069502799999999948e-01
5.410612399999999850e-02
2.447762199999999888e-01
-2.288617799999999869e-01
2.611127500000000046e-01
-2.201919699999999869e-01
-3.424773799999999979e-01
6.140381999999999785e-01
8.849983000000000155e-02
-3.811437500000000034e-01
-7.504463000000000106e-02
-4.431031000000000275e-01
-2.823235000000000050e-01
-2.472258700000000073e-02
8.192346000000000350e-01
3.624517300000000275e-01
-1.922434699999999996e-01
3.363747000000000265e-02
1.702258399999999894e-01
-3.625605000000000078e-01
-4.232564300000000168e-01
-4.604852999999999863e-01
9.682288999999999479e-01
1.118048300000000106e+00
-4.880534400000000050e-01
5.195284999999999487e-01
-4.756549299999999758e-01
-1.117363999999999996e-01
-5.750314600000000498e-01
-1.730485799999999935e-02
3.247739700000000229e-01
-2.428820399999999935e-01
4.185217299999999807e-01
8.261741000000000223e-01
-2.676297000000000259e-01
1.780098999999999987e-01
5.231795000000000195e-01
3.376772000000000107e-02
-7.892318999999999862e-01
-1.590408199999999994e-01
4.940105000000000190e-01
-1.757938599999999962e-01
1.272983299999999929e+00
-3.291941999999999924e-01
-3.534206699999999785e-02
1.597197700000000109e-01
-9.252182000000000461e-02
5.286864599999999692e-01
-3.025734400000000268e-01
-4.697249800000000142e-01
-7.113557999999999826e-01
-6.332513699999999801e-01
-3.298755299999999724e-01
-5.574561399999999889e-01
-7.940917999999999588e-02
-1.388827899999999990e-02
3.505307400000000073e-01
7.343218999999999719e-01
-2.752374399999999999e-01
-2.012160299999999902e-01
-4.743040999999999924e-02
-3.859371500000000066e-01
-3.807985500000000134e-01
5.800161499999999942e-02
-5.124035999999999591e-01
-3.259144700000000117e-01
-4.117956999999999868e-02
5.234251599999999449e-01
5.060103000000000240e-01
-1.910766200000000095e-02
1.038934999999999942e+00
-7.690608499999999903e-02
-4.496730499999999908e-02
-6.165566000000000102e-01
5.417699399999999915e-02
-3.237780599999999787e-01
-3.423668699999999898e-01
8.279795300000000052e-04
-2.944415200000000121e-01
1.743992000000000112e-02
1.252166399999999902e+00
4.954217999999999816e-02
-4.582267400000000213e-01
2.756803299999999735e-01
7.782946500000000045e-02
-1.949348399999999981e-01
-4.038366400000000245e-01
-6.076985599999999987e-01
-1.840894999999999893e-01
-7.167729000000000461e-02
-1.067405939999999942e-01
1.081001399999999973e-01
-4.239780599999999899e-01
-5.180138300000000084e-01
-2.657075199999999748e-01
-4.270667699999999845e-01
9.705985000000000307e-01
-1.640502199999999966e-01
8.243177999999999617e-02
-7.362770999999999899e-02
-5.992043599999999914e-01
-4.202935999999999894e-01
8.904315000000000424e-01
-6.184709999999999930e-01
-3.431036199999999980e-01
9.109747399999999773e-02
-3.387163999999999731e-01
-4.988029600000000174e-01
6.286437499999999456e-01
-1.969642299999999902e-01
-4.247191799999999740e-01
-2.928132999999999986e-01
3.307728999999999808e-01
5.208012499999999934e-01
3.048547999999999814e-01
5.985206400000000482e-01
-1.911954399999999943e-01
9.476574000000000109e-02
-4.873994699999999874e-02
1.276003900000000080e-01
1.387396199999999968e+00
-4.601196300000000017e-01
-3.225345000000000295e-02
-2.149867900000000109e-01
6.494441600000000481e-01
-1.093931650000000005e-01
-1.003597900000000043e-01
-2.850280000000000036e-01
1.424957000000000029e-01
-1.797089099999999995e-01
-2.105557500000000137e-01
6.505414999999999948e-01
-4.918036499999999811e-01
1.822510800000000097e-01
-6.155418999999999752e-01
3.707763600000000270e-01
-1.834320399999999907e-01
-5.252820999999999740e-01
-2.143287500000000123e-01
-3.384551000000000087e-01
-5.103807399999999994e-01
7.579065999999999859e-01
1.024302400000000057e+00
-6.642859599999999531e-01
-2.907244600000000179e-01
-6.219427999999999762e-02
-3.560725200000000035e-01
3.377215299999999920e-01
8.375205999999999484e-01
4.648182499999999745e-02
-4.191845699999999786e-01
-3.888117999999999852e-01
7.973987000000000158e-01
-3.164336400000000160e-01
-4.731953999999999882e-01
-9.660286499999999610e-02
1.074784299999999915e+00
1.678491099999999958e-01
-4.123584000000000138e-01
-3.882708799999999849e-01
-3.361858400000000135e-01
-2.038571399999999922e-01
-1.582702099999999945e-01
-8.110362999999999600e-02
4.113946299999999834e-01
-3.325151499999999816e-01
-1.562727399999999933e-01
8.316234000000000126e-01
-2.720844000000000040e-01
-1.347672599999999998e-01
6.212582400000000310e-02
-5.315621499999999555e-01
-3.517186999999999952e-01
-4.432767300000000077e-01
-9.148257999999999390e-02
-4.898164999999999880e-01
-2.751953600000000000e-01
-9.771027000000000184e-02
-5.232103999999999644e-01
-2.558032000000000084e-01
-1.747453999999999952e-01
7.985246000000000288e-01
2.662356200000000062e-01
7.808320000000000538e-02
1.201384999999999953e-01
-1.417405300000000035e-01
4.586523200000000022e-01
3.490930500000000158e-01
-1.920017499999999988e-01
-2.425841400000000037e-01
-4.981748999999999726e-03
1.105461500000000097e+00
7.985433000000000114e-03
4.659706399999999915e-01
3.941540399999999833e-01
-4.450117000000000100e-01
-5.413428500000000421e-01
1.635134400000000099e-01
2.559752499999999875e-01
-3.036081500000000211e-01
-8.543812000000000628e-02
-3.987532500000000313e-02
1.858620500000000147e-02
-7.840447999999999862e-02
5.690362500000000212e-01
-2.418426300000000029e-01
7.861917600000000172e-01
1.010640559999999993e-01
-5.176781999999999773e-01
1.088453999999999949e-01
1.281720900000000052e+00
3.153069600000000250e-01
4.343384800000000268e-01
-1.449530099999999933e-01
-2.209513200000000066e-01
-1.612493100000000068e-01
-1.636157299999999870e-01
8.812436500000000450e-01
8.741820999999999620e-01
3.283383000000000135e-02
2.911400199999999994e-01
-7.115910600000000530e-01
-2.056717600000000090e-01
6.157163399999999731e-01
-4.689163000000000081e-01
-4.007440199999999786e-01
3.539554799999999890e-01
-1.857583499999999888e-01
-4.674568499999999793e-01
-4.726102699999999990e-01
-5.602475999999999567e-01
4.251522999999999830e-01
-3.787473000000000090e-01
-1.886135800000000029e-01
-4.237635399999999941e-01
-3.541053000000000117e-01
-7.643550999999999540e-01
-5.737269499999999578e-01
-2.634311999999999765e-01
2.864092999999999778e-01
-1.253307499999999908e-01
4.950109699999999946e-01
-2.051923700000000128e-01
8.280933000000000321e-01
1.143406200000000039e+00
4.432769400000000082e-01
1.072268799999999966e-01
3.463498000000000271e-02
-3.096708400000000028e-01
-2.501040400000000274e-01
4.232725999999999988e-01
-2.097827200000000059e-01
-4.533873400000000033e-03
-5.775302599999999620e-01
3.779423000000000088e-01
-5.985855500000000218e-01
-1.211914800000000042e-01
-3.002839700000000112e-01
-5.455875799999999887e-02
-1.312988499999999947e-01
