6.821572861204253449e-03
4.021391264554408790e-03
-1.548593011937999218e-02
1.727520998468740424e-02
3.327465734189570534e-02
4.956291547071613526e-03
-8.418028761559301007e-03
7.703880002301482545e-03
5.062605847383733898e-03
2.054162005274469231e-03
1.337895625099531785e-03
5.016935441945222316e-04
4.005287244292561610e-03
4.240226654155497717e-03
1.899925692870896299e-04
3.585541470587145889e-03
5.199133661835071002e-03
1.349572072060002117e-03
-3.991239387444177333e-02
-4.133225370258201969e-02
-2.206705752893805064e-02
6.844221178057961763e-03
-8.565988748842651157e-03
-2.490799496535428797e-03
-7.134806258319940572e-03
-1.014889587275875221e-02
-1.363828178287863901e-02
-2.017613760441937590e-02
3.875362371373283071e-03
1.211898108078454488e-03
-3.113574172888925948e-02
-1.004356716649260637e-03
2.915982793190911946e-03
-1.940484713036971787e-02
-6.898821412635316834e-03
1.560205428198457650e-03
-1.288988437854534774e-03
-2.243773783390170997e-03
6.248320964442502339e-04
-1.593141623449015191e-04
-9.135541227029888439e-04
-1.457006730097003310e-03
-9.391103309638682353e-04
6.341321666494225935e-04
2.335558979293633330e-03
2.117878535963785280e-02
1.740586612410588777e-02
-1.153676847652768296e-02
2.373732766121604970e-02
2.596568159536609063e-02
-1.620048580271265084e-03
-2.448939276798272821e-02
-2.535688129016040390e-02
-2.890113612443059171e-02
1.528837506363983634e-03
-9.603772004252652487e-04
-1.139551435863061721e-03
6.916647080784397777e-04
-9.985898245656742341e-04
-2.986441936116798063e-03
-6.546969723981669459e-04
-7.724950889947422355e-04
-2.960063262490533406e-03
-4.208407226123276300e-03
-1.042085819241916553e-02
4.103453308898414621e-03
-1.688506614217342994e-03
-1.577343634028158942e-02
-2.005477429435120751e-02
5.319258247146000165e-03
-6.631993517330987166e-03
-2.704244877556365514e-02
-1.467693154720095018e-02
-2.167727213866058739e-02
-2.007041394243352928e-02
-6.962379362618995905e-03
-9.879331413051115757e-03
-1.128618762332915353e-02
7.867304301264319358e-03
-2.369202504333106467e-04
-3.568907072667163588e-03
-1.968616690849821216e-02
4.079599958207194565e-02
4.824620491137059097e-02
-3.002026290398362302e-02
3.089632076844325489e-02
5.842446274980018367e-02
-8.177267943755103796e-02
-4.081478989964550802e-02
-3.208751021114415476e-03
2.404484736558675645e-02
4.185423555958479175e-02
3.477881687789916021e-02
9.387989143630632791e-03
2.001437211947927272e-02
2.793756385191651162e-02
-4.363409154205307762e-03
-1.522539039786747667e-05
1.092922664386522004e-02
-2.242503522017133197e-02
-2.646273935278482120e-02
-2.858404293278148101e-02
-4.803206410907411364e-03
-9.380768634973224440e-03
-2.077778442375645407e-02
7.159199561353408840e-03
7.848723729114631675e-03
-6.502429490319252756e-03
1.869302083042727672e-02
3.042620557370331880e-02
2.426965197231511703e-02
6.150919198996042218e-03
1.590007111237222437e-02
2.474444858916899706e-02
-1.570552789320365031e-02
-1.086711387276498471e-02
-5.385071633656263700e-03
-4.585691430087406907e-03
-3.695022597669944849e-03
-4.811035809632686379e-03
2.866441402806919718e-03
5.568986953458391828e-03
6.146591142567673889e-04
6.729793529794811293e-04
7.464827068776106172e-04
-1.307838417678477061e-03
-1.180847407497029496e-02
-1.325251775992902087e-02
-1.139717975524867991e-02
-2.124728983080188208e-03
-1.873610930261092279e-03
-9.147750744528400368e-03
6.984758989899757416e-03
2.195592776093438763e-03
-9.298808142122602302e-03
-1.541552028607729233e-02
-2.442397194352113887e-02
-1.832718172511871649e-02
-5.189063487818261315e-03
-1.076706620320541825e-02
-1.279919955321367868e-02
2.176238928518001679e-03
-1.293081495629681789e-03
-5.539498123223049290e-03
2.784655854403270819e-03
3.301414813983382344e-03
2.975763193820638117e-03
-1.363971034359198710e-03
5.319269278042650052e-04
5.802394759028797928e-03
-4.180090271560230920e-03
-4.156599041581380887e-04
4.204117131852397327e-03
7.958173043962034343e-04
7.523393200526022942e-05
-4.084857544652016744e-04
2.468964553070489287e-04
5.661732661645003809e-04
1.136290935932969016e-03
5.687053866835965711e-04
4.806088685558605245e-04
-2.015971931353667773e-04
2.353143490641294389e-04
7.337775268426514463e-04
1.667974772371890856e-03
3.766385464694361682e-03
-8.451551797380900746e-04
-6.534507063370185781e-04
-4.595881724947631342e-04
-2.904782484750657433e-03
-2.524776775597840136e-03
-2.010191332715872959e-04
-1.502355640358520690e-03
2.258073204743525717e-03
2.614473861180116880e-04
-2.344812972427930652e-03
-2.573029426813343897e-03
-1.350500559144637630e-03
-6.860507926522201039e-03
-2.960120134881189663e-03
-1.456964314459093792e-03
-1.274503874852969546e-03
-1.272759733180518511e-03
-8.903329584253178147e-04
-9.413847367397534848e-04
-6.907145497365831197e-04
-1.217248342696760494e-03
-9.131752536719515111e-04
-9.481741904596457547e-04
9.447011456779440611e-03
1.250596331474026351e-02
6.878812861828080896e-03
4.800988120761600329e-03
6.744827017408973682e-03
9.642155875144322805e-03
8.237486266705619205e-04
4.572565479286349981e-03
8.170418965794729385e-03
-2.326796429522214922e-05
4.084924200408058398e-04
-9.522229108401362703e-05
-4.724504009774902705e-04
5.275163900282703235e-04
6.976980307948603822e-05
-2.334580018079480783e-04
3.252671315170906356e-04
-1.784420823219701061e-04
-2.637902374623345061e-03
4.426229764198250853e-04
-2.564611934759672071e-03
-2.682757137236198124e-03
9.990569451189886159e-04
2.297655424488966326e-05
-2.604734657012105787e-03
-1.701546052748708506e-05
-2.565534437983632609e-04
-5.708102469163821996e-03
-3.548559429810471677e-03
-5.412647979761454724e-03
-5.603476774829706936e-03
-2.225020968488785993e-03
-5.799988517334834538e-03
-3.402029448957488798e-03
-2.351145269251804244e-03
-6.360479354380933932e-03
6.086640196728314127e-03
1.416381325399784265e-02
1.093358409220993683e-03
4.747398136869158264e-03
-2.674110444752345571e-03
-1.157275836920099339e-03
9.268566845063306442e-03
-1.657499555967659492e-03
8.939355828260723419e-04
5.872529987000382930e-03
3.801368126281903185e-03
6.966718638756571290e-03
6.819168399815014013e-03
4.173154652030047242e-04
7.967647594716093656e-03
4.304040537306629173e-03
2.581647611781005044e-03
8.459962654958077047e-03
-4.768156584514031751e-03
-3.428169804668254779e-03
-6.040768596928829462e-03
-2.938287005707739333e-03
-4.127978531961943275e-03
-6.085088973192708493e-03
-3.455240023725344653e-03
-4.314225184373096308e-03
-6.106306858334895928e-03
4.499612257423299747e-03
3.680405344568692030e-03
-1.323637252823251604e-03
3.450370732632425125e-03
2.083919129709773787e-03
5.577920564041630343e-03
1.652551376802660621e-03
-3.670297097645619012e-04
4.990629448200851331e-03
-4.384028895847295643e-04
4.580570804487739400e-04
-1.188815049710930435e-03
7.197829590840539027e-04
6.516041967655157368e-04
-1.428123104832485467e-03
-3.213614048378172616e-03
-3.155272535350605190e-03
-1.799614914695055320e-03
-2.014427756949338771e-03
-2.429921177212917768e-03
-3.680736031756514943e-03
4.603512616881805220e-04
9.173742553114346346e-04
-1.538976706649365818e-03
-6.984290671737088466e-04
-1.229607232107238993e-03
-1.933761230514397054e-03
-6.322336816035018653e-03
-4.384119808908022720e-03
-5.708671064532226148e-03
-4.316469192384005289e-03
-2.521600830966702709e-03
-5.379430503576499226e-03
-3.560682691641663990e-03
-1.960815900017200391e-03
-4.710929663537709138e-03
1.007641883858730394e-02
1.006232491692910262e-03
1.091624611620856415e-03
1.234268864790269513e-03
-7.726039560721058644e-03
-6.141179331538098272e-03
-2.889083486723581767e-03
-1.122034256639928285e-02
-8.728620461819170881e-03
-7.726748401015143264e-03
-7.454741839237093853e-03
-6.772576571205985059e-03
-3.953808456044443156e-03
-6.741856795044518999e-03
-3.458938469704624964e-03
-3.837389636071718811e-03
-3.313781887610837279e-03
-3.925135559837427020e-03
5.963585468025289077e-03
6.395744890492994529e-03
8.768941834724720483e-03
1.100625730183935709e-03
-1.000642743622932266e-03
5.146892618649782578e-03
2.099516949981055682e-03
-6.569247516660225300e-03
-8.440354177586045434e-03
3.529528800668996474e-03
6.265338096521684379e-03
-1.947463067136527646e-03
-2.894646459585705064e-04
2.096022190751782328e-03
2.746016812307231457e-03
1.176053905164594791e-03
3.028995659666468190e-03
4.780855346767006256e-03
-2.321930277172558170e-03
-1.327389542157500534e-03
-3.096720358694607725e-03
-4.544921800890453292e-03
-2.871777981587552830e-03
-4.136338255250229627e-03
-3.005335096784533550e-03
-3.229891521702993231e-03
-3.467334281179765536e-03
7.702000613340502164e-03
1.286769894157180176e-02
1.830346902551153315e-02
5.300979435277241268e-03
4.542553834661456659e-03
2.431580591270548174e-03
-4.806487112703667491e-03
-5.871998401049283861e-03
-9.519735239820201547e-03
-1.945013910405112782e-04
2.665792559751609375e-03
8.496650223291041595e-04
1.871846672895268295e-03
2.011407308620624819e-04
4.270011768726310027e-04
-9.390053862987679566e-04
1.959096552601592538e-03
1.310706785832965564e-03
7.562364120532325679e-03
1.177704094018014111e-02
9.227239697991048567e-03
-4.428170362925131290e-04
3.327882295860441937e-03
1.352064535861931260e-03
-4.871969613302829828e-03
8.705853967452551389e-04
-6.381968811813636079e-04
-1.071382482409330948e-02
-1.785330678933176596e-02
-1.335884814700850388e-02
-1.064897440578994187e-02
-1.648013863284649577e-02
-1.306009953106497881e-02
-4.899643934799671231e-03
-7.127880336144515501e-03
-6.153613766895198872e-03
2.280551481758145386e-04
-4.105938844630930250e-03
-2.591233876312164838e-03
1.811775971541875222e-03
2.619413178949881946e-02
2.198964216165248328e-02
-1.293671014789525738e-02
-4.592114996657168692e-03
-1.200002112338719763e-02
2.821228335134964762e-03
1.222282112349967233e-02
1.211630588713755174e-02
5.670222524778820161e-03
2.061232438849898777e-02
1.879075942979466576e-02
1.172711652906575051e-03
1.305604180777499360e-02
1.052832885078451401e-02
-1.200259882273828696e-02
-1.719087265125595135e-02
-1.524968089276296755e-02
-1.120189902483787435e-02
-1.258325578223951774e-02
-1.513598536008175371e-02
-8.545648853665469349e-03
-5.606444195888213994e-03
-7.301396295860745553e-03
-2.036142015002599757e-03
-2.024524818089285319e-03
5.048470125797715341e-03
9.607409811080455317e-03
1.558275474859054273e-02
1.146002680357265449e-02
2.969913262586856579e-03
1.791464147509365390e-02
9.598701201753120568e-03
-4.555808823831284174e-03
-8.990964524967169288e-03
-7.636693611075462754e-03
-1.016398566035699820e-03
-3.179880983069394498e-03
-3.772325520618176158e-03
2.347999167296675131e-03
-1.963099500230824912e-03
-3.733094255434847922e-03
-5.575708203248234615e-03
-9.841031607853522808e-03
-4.767198909662450669e-03
-4.418977781805749627e-03
-8.262383731405559262e-03
-5.367569341175703994e-03
1.557442848778990913e-03
-1.244584419028324160e-03
-1.088187979457895006e-03
-1.145179063431931224e-02
-1.355712919197645493e-02
-1.507692999046632981e-02
-1.171060022588399190e-02
-1.729577524892156326e-02
-1.562428010493408653e-02
-5.885961149414627690e-03
-1.097463048397976683e-02
-8.380047976928033104e-03
-1.279407853653908855e-01
-1.738155793632543966e-01
-7.833495124520628572e-02
-5.474295194260887093e-02
-7.951227895441644045e-02
3.496120085813652495e-02
-1.620420154218933304e-02
-1.680664235694242364e-02
-4.101979979825844114e-02
1.840504674853958578e-02
-1.118936837864931578e-03
2.216547498727872503e-03
9.720692794004488421e-03
-4.526237902457375117e-03
8.359173438299113273e-03
1.329222178011574274e-02
-7.993548405830875692e-04
-5.270676066990621564e-03
-1.075289198887497549e-02
-3.331978710814273437e-02
8.435019660782019577e-03
-3.967795010606003925e-02
7.099315099290927356e-02
1.071634411494038486e-01
-1.445461693644685408e-02
1.571724623930158549e-01
4.970270721295646371e-02
4.478332682856923930e-02
1.334329570055023569e-02
1.119379897035426286e-01
6.971739300923294330e-03
1.384742835666476560e-02
8.057394084651244015e-02
1.297797677722032500e-02
-2.387199696261923989e-03
5.020981572524573638e-02
6.759621649664045162e-03
1.021308921755985540e-02
1.131863904635579954e-02
3.990847118623801378e-03
3.122912807848131963e-03
1.784949513330987827e-03
4.003557573225078985e-03
5.846013888483585913e-03
3.020985758952010516e-03
-1.952150832316602580e-01
-1.820346384122694672e-01
-4.208959017879870118e-02
-9.181080490597660904e-02
-4.425776407406386420e-02
3.387050900141216209e-02
-5.547733030361227252e-02
-5.513802532983964194e-02
-2.741611791177214763e-02
-3.521014503689670963e-03
1.487134744276812743e-04
-2.179233163571960268e-03
-3.538542960410052257e-03
-9.027613350241930380e-04
-3.866981592492103659e-05
-4.579583996854649959e-03
-1.621579353054944600e-03
-4.533383235554009662e-03
1.054152014569036556e-03
2.873522291640197637e-02
6.524132340311942016e-03
1.416325185005661534e-02
-1.048870709917413060e-02
-1.884490877914506146e-02
2.310087157233824476e-02
-4.917661255796707681e-02
-6.763669502499917996e-02
1.869501528882082722e-02
7.930699323294861103e-02
9.438079068736231203e-02
6.701592864041209380e-04
7.305860498792511593e-02
9.579090886417755690e-02
2.884035972655470993e-03
7.181427748739431516e-02
8.939919023988665558e-02
5.415586166108435351e-02
1.022666333430295171e-01
-2.689343594340122545e-02
-1.527146282041119164e-02
3.401735205475418800e-02
3.095383802459215558e-02
-1.674034411695353095e-02
5.039055042837960185e-02
4.726121350843008606e-02
1.895877973946421061e-02
3.012903658130855478e-02
3.020747837980507569e-02
3.591547786145480453e-02
-1.033766703138129794e-01
-3.497359602442316751e-02
2.484543221819331821e-02
-3.031429202877177972e-02
7.492449385527641913e-03
2.084212051576207758e-02
8.533763830294986696e-02
6.457547251063570914e-02
2.288182610167797601e-02
8.636765990215626576e-02
7.952808516818292428e-02
2.389875917895911001e-02
5.106518382561917729e-02
6.810903740703987130e-02
3.322090279227727511e-02
1.008900642360333610e-01
-4.939821508488325547e-02
4.894126749281402927e-02
4.286451837069104459e-02
2.096265211588627456e-02
8.763115057235873473e-02
5.063763910221562997e-02
3.041459419954835666e-02
1.266342730432520707e-02
3.568119413856182115e-02
2.871107020875402968e-02
2.801759327387477044e-02
3.003951584484174098e-02
1.013347256645345459e-02
1.176926980794669279e-02
3.721408052015586117e-03
1.767022582010728191e-02
2.205801961554010641e-04
2.175235304464167088e-02
-3.864142030694077152e-03
2.346411042875229391e-02
6.435125145976516858e-02
1.039902572712200247e-02
1.819626638352201883e-02
3.220812001399610963e-02
-2.815626767987621740e-04
4.711311405533155638e-02
5.154404997938968197e-02
7.174347981187820245e-02
2.759957686330172938e-02
5.116948713378079855e-02
6.799459274820177090e-02
2.863291935736355862e-02
7.374519098402243511e-02
8.628857638088784088e-02
-3.446744456303688087e-02
-1.014867553881217133e-02
2.926864189593796767e-02
-2.624447110433496613e-02
-7.667487781558666483e-03
1.854230357776152222e-02
-8.090444681101479490e-03
1.878221259986350387e-03
2.579193120623247959e-02
1.645013260968650843e-03
4.472301425979530003e-03
4.512097972101005230e-03
1.178954904220011436e-03
2.581217971945855630e-03
9.114485328120133789e-03
1.401824443845981101e-03
3.759084004082653696e-03
1.057619296162579971e-02
2.510370808761388725e-02
3.281363580937079940e-03
4.292709156005026193e-03
8.417809651346376196e-03
1.206616094166934432e-02
9.155726764139787352e-03
8.238877752399360183e-03
1.209983890908783270e-02
2.158503160697284110e-02
-1.091314166787410618e-02
-2.140274341883405609e-02
4.649117559183377039e-03
-1.973885099534983950e-02
-9.567020451305573506e-03
5.974139372308200600e-03
3.231184932682072426e-03
3.302018248607105268e-03
-6.515626425147126762e-03
7.257493349321146288e-04
-2.189136832003801304e-03
-1.869327213001092947e-03
-5.295482322499947547e-04
-5.677999494595163416e-04
-5.793212035527583537e-04
-3.254569324929063056e-04
-3.768028569690259899e-04
-6.077873490153282892e-04
2.001975506775189109e-02
1.587520299283947528e-02
2.188994634974165965e-02
1.203922038220303463e-02
1.865017993614417370e-03
1.146086810481728932e-02
3.596880549515263370e-02
-3.229830766207772517e-03
5.019545118809342829e-03
-1.574779579126278726e-03
6.327731529412708618e-04
3.142755856445145386e-03
-4.955685855725294265e-04
1.299715087024206316e-03
2.591658137070669641e-03
1.722527449828031767e-03
1.797738600697693957e-03
3.448931177314161316e-03
8.470599701733943891e-05
-2.369605108259598657e-03
-7.459270361383955363e-03
9.784882248930182845e-04
-3.974707320596005539e-03
-1.190673123641408648e-02
1.443117066976369080e-02
-5.152593407384398368e-03
-2.743242701368207165e-02
-1.424573963122510549e-02
-5.178942832120391870e-04
1.279848567161825761e-02
-1.532017618522437015e-02
9.234438406696009530e-03
2.102496964933252624e-02
-1.416620049554477654e-03
2.334276308770732306e-02
2.849402954564458218e-02
3.843102011952309518e-03
-3.268640098229948915e-02
-1.604007085111863740e-02
7.488108950376128059e-02
-3.549124216677788241e-02
-5.414097469319482242e-02
2.177986397968366752e-02
-7.570599462282708546e-03
-1.834419035954825555e-02
6.041731188047257318e-05
-2.235543582287341860e-02
-4.326012292435387624e-02
1.261586228430283327e-02
-4.687188736779382414e-02
-8.856279778880557507e-02
5.303120279807034022e-03
-4.893190786441342643e-02
-7.304747838377066704e-02
-1.700507919869524015e-02
-4.092105818552171752e-03
8.489191318744994039e-03
-1.621009514231598267e-02
9.243494991857521131e-03
1.549675166260908871e-02
-1.132208514086975896e-03
1.459154437611898114e-02
4.079008698586175305e-03
1.693547045799586800e-02
7.693670084198043178e-04
-1.129269934638409134e-02
2.988653048646617086e-02
-2.769352186522629558e-02
-3.491993098206844226e-02
1.613063097283327918e-02
-3.142627888668307612e-02
-3.616378445781678191e-02
-2.045262851501623153e-02
-5.016376961349195036e-03
-1.240298645505785897e-03
-1.057168878237612838e-02
4.234307623104774029e-03
5.674279834216181331e-03
-2.488228372438111916e-03
1.047681165816002598e-03
3.485778925664591125e-03
-1.724809478182747283e-02
-1.673645478046087431e-02
-9.089422743528087836e-03
-1.939532484087040307e-02
-4.250287837983260202e-03
5.035175523265024840e-05
-1.127105942233075711e-02
1.123776392576766869e-02
2.391898240964853047e-03
-7.839315081432653501e-03
-4.894040244183859439e-03
1.323628444581574550e-03
-2.195792875369509314e-03
1.255306973768690292e-02
1.822496641080533289e-02
3.647049838932860544e-03
1.518771473395428943e-02
1.533477644907650650e-02
-9.539331532475717884e-03
-4.256860975612363797e-03
-3.999355720258579439e-02
-3.390704862684259385e-02
-2.104199652601183163e-02
-2.671790703582738527e-02
-4.481656578472011099e-02
-1.085266917402328592e-02
4.113838680104234952e-04
7.163146683229105680e-03
1.058819331226279470e-02
1.549922289587112034e-02
2.693926631079988313e-03
1.076357437729869547e-02
2.023123350964746783e-02
1.782166992269900319e-03
1.318370107029697910e-02
1.322975800691009000e-02
-9.905700768453004276e-03
-1.304003495535173938e-02
-1.118430484112152012e-01
4.117803849863729826e-02
2.047356795135188076e-02
-6.690605827422416163e-02
3.418564677277247110e-02
2.187257852547513232e-02
-2.252001389714834365e-02
-1.424457507623760368e-02
1.449449931881376628e-02
2.145313286270447272e-03
1.787199549294677184e-02
3.530628164959831450e-02
3.939331847348219277e-03
1.696788277762022526e-02
1.946343603470336581e-02
-3.113710727017007796e-03
9.734971900743146986e-03
1.213464064296567758e-02
1.037763423879613060e-02
6.897140228408964874e-03
9.051606955506413810e-03
1.398775858776066250e-02
6.561999118725013978e-03
1.098181296343127104e-02
1.111881065424791086e-02
-2.150377242423182414e-02
-1.530321177988290364e-02
-6.685495001434360596e-02
-1.575764687323128257e-02
-1.284196046809770071e-02
-4.428038676920992983e-02
-2.297018768027383334e-02
5.405731541140220732e-03
-4.092422552441197679e-04
-3.226527976855881209e-03
-3.865267437852334606e-03
-2.885653551183539525e-03
2.369172224764882605e-03
2.117120897240514638e-03
-2.368856402632359224e-03
-1.905085240875994219e-03
3.911822915721597203e-03
-1.842444804483338609e-03
-3.321528830543955899e-03
6.112115251162914681e-03
-1.805476496503078190e-02
8.646163656037436293e-03
3.398529012732602606e-02
2.267345310509886070e-03
2.154965451438895386e-03
2.598540016676999589e-02
2.168506897512385845e-02
2.525131052534410059e-02
4.766505164803798433e-02
2.407486667370870373e-02
2.114849083367228988e-02
6.275128538403898504e-02
3.694391186480632666e-02
1.605594133511297969e-02
4.988996730778377797e-02
3.540901172360968324e-02
-6.506274637778741710e-02
-7.608932369565463150e-02
-8.932131900486005305e-02
-2.324470119328974141e-02
-2.478154478488449677e-02
-1.091282550914401128e-01
5.425905435081999212e-02
1.286305280941791619e-02
-5.723466365732417932e-02
-2.046846444877559179e-02
-2.048077876566459579e-02
-1.075501422436760113e-02
6.655947781227226738e-03
-3.650755552883535714e-03
-7.058626950466772264e-03
1.945645133072900976e-02
1.603905537842739183e-03
-1.561970492000972453e-02
7.744666314138771990e-02
8.315535965026510379e-02
4.581980454004137143e-02
6.508286745162179809e-02
7.999923831335460644e-02
5.159622429924944770e-02
4.590248860518896662e-02
4.323727661394066030e-02
3.499454598084170837e-02
-7.644470140599363313e-03
-2.922597234191728205e-02
-3.117287115154233207e-02
-6.006268150017510937e-03
-9.242520976903645380e-03
-1.278532211690534479e-02
-1.831320450464095058e-03
-5.009473905510025867e-03
-1.265064137048701499e-02
2.526250985279132610e-02
4.155663233970942338e-02
1.951559245789330141e-02
2.379600030782279274e-02
3.205313609187070145e-02
2.304343278307809800e-02
-1.705253317882771125e-02
-9.294258134769825194e-03
-1.166616931553618453e-02
2.818836573059217004e-02
2.655197225654658960e-02
1.761697415577962583e-02
4.742131294212693221e-02
6.253918656324797265e-02
4.312787399638157854e-02
2.495651573886135260e-02
3.147937424259023009e-02
2.332942849032080060e-02
4.246713930893648153e-02
5.228446022873881049e-02
1.829066029693759629e-02
4.757271349532635196e-02
6.831207094542472713e-02
5.333884843813181675e-02
4.231095656785212322e-02
5.145465908805533367e-02
5.925076779273660138e-02
-1.260398925106320789e-03
-4.095651750212443883e-03
-1.751776587406911117e-03
2.123196036609189142e-03
1.745851281690598234e-03
4.201965576064521277e-05
2.497466615099870504e-04
3.736339428115051202e-03
6.056151632817775247e-04
4.296732528880526660e-04
-8.696440626707614132e-04
-9.172469757429909960e-04
1.557366591636720108e-04
-5.048951327443706137e-04
-4.585845176621264205e-05
8.773485876813008838e-04
1.127031521437143055e-05
-5.750954718869508153e-04
-2.480325683127122382e-03
-1.205542051414816617e-03
7.465476015356057975e-03
-2.613950175559873797e-03
-9.778473132767962189e-04
4.817652704576013377e-03
2.978763945037559216e-04
-2.250965255084229084e-03
1.233217318689617007e-03
-1.529465297147578862e-05
-2.291333807260131569e-03
-9.639856671133289817e-04
-2.380456269103807196e-04
-1.097434965531313318e-03
-7.922693996779350215e-04
1.735680744754832753e-03
4.101838614804581497e-04
7.450255512377368427e-04
5.410658254288569632e-04
4.514843174424655863e-04
5.166679527620001051e-04
4.860693466932009465e-04
6.171968000369726284e-04
4.748400464780078850e-04
3.374925350931770162e-04
-5.714257618889228261e-05
2.537432054845328313e-04
-2.156031074222724848e-03
-1.860195721511024788e-03
-2.560513651381611348e-03
1.969216257640314226e-03
4.843546001718278086e-03
4.862527702992404041e-03
-7.363228845469911837e-04
2.360963943468683760e-04
-2.414051340418303746e-03
-5.159228538206886688e-04
1.189997981080099956e-04
-5.331885248488968517e-04
-4.397727035771981335e-04
-3.063550971088919083e-04
-6.706277308440079538e-04
-1.082011416299983816e-04
-2.875706309414797395e-04
-9.284655820742601651e-04
4.358289183890423613e-04
-2.454533708529216913e-04
-5.594367259802524375e-04
-3.655210329304297580e-04
-3.333408552998632941e-03
-3.593304890920546394e-03
-1.379218864236266082e-03
-3.908814468450514529e-03
-2.656164311004192806e-03
1.317629886876244818e-03
4.408163372459296576e-03
3.466904787595254459e-03
3.525168116058672186e-03
5.568044831884146062e-03
3.671540795540430887e-03
5.350952454987179842e-03
5.579476055093002956e-03
4.147124061220239244e-03
1.131177264004441275e-03
-2.270689453465098585e-03
2.757160881024379138e-03
-3.370976751776574940e-03
-8.986589423544518590e-03
1.867432718627397422e-03
3.030432597129617024e-03
2.305255914557252390e-03
8.428990372172545306e-03
-6.137504581095874767e-03
-1.010579251762898020e-02
-5.491362119344147912e-03
-1.042168847332301633e-02
-1.149063260533021887e-02
-4.357988310950441750e-03
-6.671665458515837512e-03
-1.327703456761638668e-03
3.052589568139486061e-03
1.987670944141853215e-03
4.010561558855843707e-03
3.076855629804065104e-03
5.100272342344539314e-03
5.683027924665175375e-03
4.715110621899552476e-03
5.847076115697616081e-03
4.346810279484221787e-03
3.684796626875602374e-03
-4.360106227211391072e-03
-3.393146560031883377e-03
1.362424652508640319e-03
-6.747116368584982031e-03
-4.781391383231091245e-03
2.024030837192826524e-04
-8.143972232635613004e-04
6.915444749407044858e-04
1.033131197306549421e-03
2.749811672628675423e-03
2.903069356541593433e-03
2.018319409154992628e-03
4.281721089613275619e-03
2.688537207781915763e-03
1.677480112481194571e-03
1.473412840356282290e-03
1.055342726609535473e-03
6.219177772800379023e-04
1.715665989077637399e-03
2.883722825336815405e-03
2.027092520230085876e-03
4.961971310169230494e-03
5.328595016635585477e-03
4.058628675892617804e-03
5.127109291644851852e-03
4.381109565405671286e-03
3.703995758994354636e-03
1.589745333945848452e-03
1.878076170515683395e-03
8.744253635055649135e-04
4.380213365208444204e-03
3.874753359279268106e-03
1.856812648864732997e-03
4.595926884403320721e-03
2.862118658208673630e-03
1.836269961468848513e-03
-2.360278202016734966e-02
2.449511019277379742e-02
1.742189241415538145e-02
4.717905083842367092e-02
6.712739979752437719e-03
1.007968789774791046e-05
4.901618771354876621e-03
4.604861140524472984e-02
-1.627434284033548242e-02
4.407915905664622387e-03
-1.309557581556405198e-02
-2.506979575202793707e-03
5.687344135930711342e-04
-1.249900578219604458e-02
3.418830226694154206e-03
9.503974256313650962e-03
-1.269106379497204375e-03
-1.223011277437639245e-02
4.402234336827498540e-02
5.196330554016651004e-02
-3.856184167470858709e-02
3.334462289593838336e-02
-1.282998398905669385e-03
1.037502808385234836e-02
-4.509418388567737468e-02
2.183696893578436667e-03
2.433245568404707095e-03
5.318944680908554296e-02
-6.054641232193226641e-02
4.932046231107625744e-02
1.137441828238981018e-02
3.486955290643987092e-03
-1.973641311885139873e-02
3.475642849682748781e-02
-2.797152233560163889e-02
-1.594517085124999220e-02
-9.005973959950784678e-04
-1.857311278369521606e-03
1.030950965624656719e-03
2.382195687943719498e-03
2.360310152735864767e-03
2.390654198710812431e-03
3.088604453374046207e-03
1.893874514138167405e-03
1.863696824121492592e-03
1.645165164660547866e-02
-7.767584129369821400e-03
-4.806144481326676127e-02
4.464685613296157790e-02
1.037290766435586091e-02
-1.044892502752806270e-02
2.884039561498423498e-02
-7.803659556649909443e-03
-2.867634812564305580e-02
2.399447307783773159e-03
1.526465236660699788e-03
5.088666651992802782e-04
4.253090384218672672e-03
2.649770993872771051e-03
1.601889389341014944e-03
-1.816887841603143832e-03
1.005454586507480846e-03
3.294959175017595334e-04
-3.514166928201231666e-02
2.928305927010309631e-02
3.758427110565206244e-03
-2.032252783940603769e-02
5.887215337476913932e-03
5.720756806784435718e-03
-2.692778312412014933e-03
-2.586306667388901803e-02
-1.221320659958080417e-02
-2.130504310647104646e-02
4.319452499448407645e-02
4.751696211553679654e-03
7.053674785249630305e-03
3.375478936852102652e-02
-3.773933466585049391e-03
1.012576059893428512e-02
2.399532018454233334e-02
9.933746798408004883e-03
-5.479551278228327049e-02
5.746082172919701747e-02
7.727788978146772972e-03
8.266155058502384911e-02
-1.602712326682436961e-01
1.559623362855380030e-02
5.807174954328685190e-02
5.813203088253934142e-02
5.614965735658651591e-02
-3.293271269222686204e-02
-8.668511289798132291e-02
-2.824844428797012447e-02
-4.586822247891102905e-02
-1.961533227277972302e-01
-1.225274826723879995e-01
-9.495284486005699243e-02
-6.165769016608333569e-02
-4.114209214813108195e-02
-4.122593036353010970e-02
7.693315213299810156e-03
-1.671469095256243945e-02
1.511923002433045345e-02
1.089824056299120054e-02
-1.387572336271543534e-02
-1.560894435559946137e-03
-5.414978815917520158e-04
-1.706315952541161488e-02
-3.548672290069326135e-02
8.799855272771064940e-03
-4.323729297737818195e-02
-5.193722031283275892e-02
-1.237203763295189191e-01
2.989798328207080112e-03
-4.283043417057112723e-02
-4.942590204219094591e-02
-3.494505976550199393e-03
-5.385112144340196971e-03
3.420751278419244257e-02
1.084864620874060291e-02
1.570081210504397848e-02
7.324160613052466129e-03
-7.209620232455775032e-03
-1.099123896703517803e-02
-2.686025156541053602e-02
-1.272704313429607725e-03
-2.642195372257718014e-02
1.204735819793443597e-03
-6.687310272707837344e-03
3.719867190649618887e-03
4.590939882081527396e-02
-6.826963211144483103e-03
1.075324442680194136e-02
-4.721838205577300746e-03
-1.898342545145025734e-02
-2.128550070259892235e-02
-3.149619951770522407e-03
-2.274094556244990809e-02
-1.402682786332576457e-03
8.866675898505210415e-03
-1.744768819862764844e-02
-3.351678775432783385e-03
1.122806335639254215e-02
-1.702964015566190564e-02
4.713961966560791667e-02
1.500662894412508816e-02
-6.818490621300303534e-02
7.912227986829699355e-02
2.797705970006242326e-02
-6.702984265690788146e-02
5.715845632754253114e-02
2.458528296538468189e-02
-5.010516684437289758e-02
-3.084967465041310673e-03
9.072007693791863791e-04
-2.116120685273660713e-03
-8.229899482323929649e-03
-2.532918555754750702e-03
-2.158403133827343449e-03
-1.623198178101240702e-02
-1.185734252440116647e-02
-7.875273985508362759e-03
6.520223918266765048e-03
1.101942712040459571e-01
8.326522848112567765e-02
6.462686959862953828e-02
7.108700198533260406e-02
2.928420201922880828e-02
3.064161714666365638e-02
-6.413654460034601268e-02
-9.475270743358996106e-02
4.796966591601470667e-03
-1.039824264828854983e-02
-4.212460120079757758e-02
4.835833903507808645e-02
2.585709883496749295e-02
-3.409721712351618944e-02
3.831592367314955172e-02
3.626448124681717639e-03
-3.391280303150535219e-02
-4.668861989186228433e-03
-7.757845280213000077e-05
-3.413753254046506327e-03
3.149862662402929509e-04
1.056526941351754292e-04
3.628773946959924605e-03
-3.543816362550984006e-03
-9.769561885492666561e-04
-1.447153060870216053e-03
1.880109248569095809e-02
-3.551661993935151945e-02
-1.375082871777055793e-01
9.647858609950092645e-02
1.793094241546876536e-02
-8.392078927006579869e-02
4.238301882231230999e-02
-1.472021270773628439e-02
-6.928897691427361727e-02
-1.351332531584093595e-03
5.727796762112965921e-05
-6.011456791762773491e-03
1.963345397851927639e-03
3.270172375659213923e-04
-3.395510499629950715e-03
3.151938574086123328e-04
-4.068860855339606099e-03
-5.618136034108128785e-03
-4.184725179886080587e-02
-6.480667066769666036e-03
2.818716230037855014e-02
-4.289037328115777314e-02
1.663978697875523631e-03
6.147079563590583662e-02
-2.975437290413482372e-02
1.824915471625799396e-02
7.432106900797956495e-02
6.600227767260297140e-03
5.925908995155335091e-02
6.893285072128331470e-02
-2.964902937395505565e-03
3.571500355085342054e-02
2.886228041660615293e-02
-4.420561689445842019e-02
-2.792584703073996977e-02
-3.042743667926080600e-02
-9.369517988431784461e-02
1.065596384816983044e-02
-1.410711309502568969e-02
1.099473394036304119e-01
1.124319725206984338e-01
9.116927505451816183e-02
2.475425765684623469e-01
2.661138612139903881e-01
1.549314724834729706e-01
-4.335534873741776762e-02
-1.004661895469067950e-01
-9.347157512711126714e-02
-1.065579374872661633e-01
-1.097046600892952611e-01
-1.011242268440449149e-01
-9.142034635225346206e-02
-3.501179129289051090e-02
-5.402914426634972123e-02
2.484331950662506394e-02
2.954803488388743279e-02
5.851199594048915164e-04
2.320503178226415372e-02
1.539715816037378650e-02
-1.979429656073004515e-02
-1.687594478726329311e-02
-1.262577600365851448e-02
-3.824748329934886393e-02
-7.967771207194383407e-03
-3.665711308118339146e-02
-3.487523410401262292e-02
-1.561391066283587641e-02
-5.292636779997316604e-02
-1.840537811250175446e-02
-1.053655116295557255e-02
-6.347797933754476159e-03
-5.524155680863790038e-03
-3.425544966535733812e-03
3.381462607025861444e-03
3.524689933309563760e-04
-3.791112603077950553e-03
-1.553676399144648468e-03
-1.054947810433755698e-02
-7.192759727729625650e-03
-6.056553379474517891e-04
7.015885067561763609e-04
9.518893238613268526e-03
1.776593157516279803e-02
1.065573376196644884e-02
-4.921396491371177878e-03
-2.257351808308912747e-03
-1.948629022653369791e-02
-1.220263206808039000e-02
-1.366704652462291496e-02
-2.655895933648552351e-02
-1.276208667160420515e-02
3.180635973085912949e-02
4.283559633002399780e-02
-2.709842417391996119e-02
1.211186100650501161e-02
1.161009230111487676e-02
-5.411068311901438832e-02
-3.104391568308357413e-02
-3.514887542026096101e-02
-1.126186289383491190e-01
-5.248448710724862992e-02
-2.859740166877683745e-02
-1.624065755595526656e-02
2.010861644898395174e-03
1.305984929256987989e-02
7.592977436094947019e-02
8.905654311009846003e-02
4.714743543829050254e-02
-2.287207813584668254e-03
-7.679653010719805079e-03
-6.720110750052654160e-03
-9.270650619582417344e-04
-7.333125136076330992e-03
-2.672477319723995902e-03
1.249211708379299084e-03
-3.785694497721147755e-03
-4.766294950518819816e-03
-1.074932755033743692e-01
-1.191460754577004372e-01
-1.174279045433352792e-01
-8.141860530877097213e-02
-3.789034540139000345e-02
1.413954168217920098e-03
-7.683150209031881783e-02
7.344422569227113118e-02
1.170964904958110842e-01
-2.352702401684407876e-02
-6.101245490204524474e-03
-2.534872682727445405e-03
-6.368260331444441924e-02
-5.474271439716488913e-02
-5.063483549025787206e-02
-6.765568223274685822e-02
-5.488614662240112740e-02
-4.121120555568303506e-02
4.162402060042775381e-03
2.758828727612546664e-03
3.034236408741806078e-03
2.732918761504533455e-03
1.782618697693340954e-03
-1.274384733695864630e-03
-3.209997223561666599e-03
2.539167085273204890e-03
2.469734180929656253e-04
-1.111520905997902542e-01
-5.898924980413186581e-02
-2.616607003936704048e-02
-7.626273205959894412e-05
2.855009268632374957e-03
6.826408136354173567e-03
6.200067767734854934e-02
1.474073361924564500e-02
-1.034327797090592305e-02
3.079372244373439812e-03
4.687003609836192311e-03
5.484844752229237237e-03
5.508255660540927606e-03
8.513618816285749638e-03
7.268054136310799808e-03
7.228279828375712424e-03
8.806161635389119641e-03
1.045247951440923979e-02
-6.412821266046818403e-02
-6.783185904846318615e-02
-7.265609149909825482e-02
-3.442495502368744104e-02
-8.202985626961084575e-02
-7.942160041826192007e-02
-6.079262677213538926e-03
-6.704461877755213406e-02
-9.834883013689391107e-02
-4.560838997492674268e-02
-6.532864124317572241e-02
-4.904010433875835573e-02
-4.190854951546886531e-02
-8.138316238123910473e-02
-6.943174442490643306e-02
-3.074083102577118698e-02
-8.792872281803229551e-02
-6.572373744051232536e-02
8.120960192336223321e-03
-4.306543928736996513e-02
-5.932449245529446830e-02
-8.600001358832590204e-02
-1.030502716814075265e-01
-4.397469863883984864e-02
-1.460270504506717693e-01
-6.711223505743581230e-02
7.187408830446251340e-02
1.026205314177993343e-02
-3.744012864921095196e-02
-2.774526002530017590e-02
-1.205733509862818263e-02
-8.142465781657291790e-02
-5.430917518197383304e-02
1.953164064796025117e-04
-1.051467208449172741e-01
-6.371084253672497366e-02
-1.320767699897640313e-02
-7.743223529264408808e-03
5.416504351707518948e-03
3.966583984389842623e-04
-1.970920413333149962e-02
-5.489121974025183877e-03
1.190243363274304418e-02
-2.930205049965043176e-02
-1.879825723105517030e-02
-1.416383805319569415e-02
-1.148184626097657930e-02
-4.810452791590064114e-02
-9.135623007845804569e-03
-1.848337769295706201e-02
-2.957477876871629496e-02
1.334562795453896836e-03
-1.438700291147014185e-02
1.475666985484578621e-02
9.620994016075102087e-03
9.236674596679209787e-03
5.334215537060151349e-03
-1.419046734328570153e-03
-6.702230211730083979e-03
-7.668373892073900022e-03
-7.242567758536995470e-03
-1.430462078005983323e-02
8.668078117696019881e-04
1.400337508266314562e-02
6.774709515929970040e-03
-1.235336813908938800e-03
2.459834842196353261e-02
1.791232881455902259e-02
2.193438682373540297e-02
1.746775903471680172e-02
-8.585012244770333714e-03
-4.652994882459991505e-04
-1.016028990361419852e-02
-1.982945455599085041e-02
-1.804852681036915249e-02
2.105308500001869948e-03
-2.842327869396447590e-02
-2.130561673080250823e-02
-1.767842119099575626e-03
-3.742982455991988172e-02
-2.718712025648202177e-02
-7.643838299033726622e-03
2.231560215010488200e-03
-1.467445353323605780e-03
-3.359532230780974682e-02
6.504051131270456587e-03
1.880512585969157380e-02
-1.860905135511266295e-02
2.234705831868474130e-02
3.651726075494010626e-02
7.088382856234408738e-03
4.560162995558800746e-03
1.734584309884140869e-03
6.703308457781386419e-03
5.155598709759782149e-03
2.148627720854949259e-03
3.414410342383736915e-03
-9.676614375844173541e-04
8.772765726047676051e-04
-3.045328981049720204e-02
-7.039236396466844181e-02
-4.546493926647639239e-02
-1.598000906905069213e-02
-2.971133844432065005e-02
-1.909856284325265122e-02
7.808758416493312773e-03
1.293036122513216771e-02
3.138665218521072969e-02
-1.463823285652456584e-02
1.095481132045682954e-02
-2.488412752856290419e-02
7.836576267631073164e-03
5.501394463021782102e-03
-2.314051957656615421e-02
-5.096647803248345598e-03
6.796722681605223484e-03
-1.888237563954605833e-02
-5.691926227195364665e-04
-3.665116388681852709e-04
4.333744459233596948e-03
-2.571347442926822692e-03
1.818216485297039582e-04
-3.927038039439098138e-04
-3.506896321569603534e-04
9.898825288080101100e-05
3.339103319894226075e-03
-1.163481968909221564e-01
-5.252030120784699496e-02
-2.256275050041137153e-02
-1.012493112611022872e-01
-8.806083403137748150e-03
2.532125640563917882e-02
-8.028934656636685374e-02
3.027210298216998982e-02
5.679850200501351115e-02
-2.486578850134568783e-03
-4.958778221487362796e-04
-1.258373416119405556e-03
-2.685306647429921457e-03
-9.734892077559026673e-04
-2.978689046818300615e-03
-3.640205301591212597e-03
-1.227717878146176349e-03
-6.806636924098770185e-04
-3.654540234668833803e-03
-3.315637897754455249e-02
-3.275081104556354372e-02
4.979262030248949103e-03
-2.705349328239526133e-02
-3.303797084926460292e-02
1.286749343367659705e-02
9.976041815507539698e-03
3.985675181068175366e-03
2.504364318552132138e-02
2.957152767370540593e-03
-9.398968530703556354e-03
1.526927169340043695e-02
-1.344308290734925332e-02
-2.481906695913524419e-02
1.796263609404796791e-02
-3.700124104691358828e-03
-1.395421411970675270e-02
-1.437610083711094583e-02
-1.146976342490303377e-02
-2.337228711085383159e-02
-7.942185348520287846e-02
2.740787820030329489e-02
-2.337013448675591062e-02
-1.909598170202885317e-02
-3.734056826200899543e-02
-6.552359378914783539e-02
-2.489009414330240616e-02
-3.599346852413431996e-02
-3.504947101940508736e-02
-2.900740777774598808e-02
-2.097436550526287496e-02
-1.450678538501316839e-02
1.253958811356885132e-02
-6.560836865598293141e-03
-3.478659991774507576e-02
1.992910369431015460e-02
1.153975727421467992e-02
1.663810659788085219e-02
1.436477869940441625e-02
-6.918569299062861562e-03
-5.444310084254827889e-03
-1.119569127456327990e-03
-5.462692402367626959e-03
-1.749163993372895853e-02
-2.992912615635536996e-02
-2.927929216934791953e-02
1.982833817449233555e-03
-1.005801093038520902e-02
2.470744169856810279e-02
1.808022608714176041e-02
1.080573755299468405e-02
1.742287642421795971e-02
6.281542201999694951e-03
8.323335333177767775e-03
-5.076035062906427905e-04
2.375625539555440877e-04
-5.462204909239067735e-03
-6.765846861987930526e-03
-5.111588808864175534e-03
-1.290330127836931094e-02
-4.679653270747548277e-03
-5.996969186160985496e-03
7.053251980763981278e-03
2.645792913853737150e-03
1.112203150202104550e-02
1.030009299109953605e-02
-7.946471774587614409e-05
8.693584168403191426e-03
-3.819476476418514049e-03
-1.082787363093781416e-02
-8.365274172532353655e-03
1.706659925498980185e-02
3.519056043995084058e-03
-1.939437517943241700e-03
1.328971769458550840e-02
-7.598992695632019595e-03
-1.366134807404398820e-02
5.680047205446482443e-03
-5.876213938455120828e-03
-1.124001989683508750e-02
-9.722751583407858444e-03
-4.454773647443626555e-02
-7.009554902627160300e-02
2.256206599364873194e-02
1.314020629820930076e-02
-1.002646766115509319e-02
-2.690045391378522235e-02
2.432880155290485097e-02
-1.754642104364727284e-02
9.415752816200711724e-04
-4.618801613907742853e-03
-1.296573833607073296e-02
-2.590332563300575333e-03
-6.109781415510676106e-03
-6.321682385283195448e-03
-5.622150431369816841e-03
-2.860019131230111516e-03
-1.179855715063235153e-02
-6.340823106465666437e-02
-5.997995743994889023e-02
-2.212554990001098718e-02
-1.129108213203672828e-01
-9.465385196358810926e-02
1.325545713364523551e-02
-6.711607508023596791e-02
-4.866024810213517154e-02
2.462193932791787235e-02
-1.407374698284886592e-03
-1.031797418684397838e-02
1.733142675740239821e-02
-1.291810400498164674e-02
-1.170017405575797531e-02
-2.298711791269134573e-03
5.368642171912555230e-03
-1.947170158620861041e-02
-7.394649205424790560e-03
-5.533779034577878276e-04
-4.273188424200280618e-03
-4.460240309696446304e-03
-4.373920972394669884e-03
-3.072228010880213162e-03
-3.202727452040564750e-04
1.456990168638232523e-03
2.208684663793943678e-03
-2.249252210807362647e-03
1.224340027150592168e-02
-4.654135870799603475e-02
-8.367296968368803656e-02
8.392772388448054011e-02
8.572249690955686952e-02
3.135974862046964073e-02
6.380229177039219157e-02
7.173036875893049058e-02
5.183046128064359298e-02
2.980406677405239221e-03
7.833117077521526209e-03
2.076418274229529289e-03
4.257474083753926344e-03
3.592805351922412349e-04
1.940088736206752214e-03
1.150765803186044574e-03
1.764537957665352451e-03
-1.994164945751098622e-03
4.484643008778686941e-03
4.970143441649114285e-02
2.503315969970000207e-02
2.243888858207459050e-02
1.075571014201859299e-02
1.341202425869308587e-02
2.016322005936533115e-02
-2.939761984665660924e-02
-4.887346223182003485e-02
-9.060623360451545635e-03
-1.015961007955974368e-02
-7.798463755752386289e-03
-2.088267925070312614e-02
-2.231056503738249042e-02
-2.497590781199746091e-02
-2.392041630759117465e-02
-2.340065181497444011e-02
-2.510764612770898310e-02
-3.424392109425818120e-02
-2.237349727342775527e-02
-1.600736464805185486e-02
-1.500084090958702342e-02
4.101946196607109477e-03
1.391423872957142926e-01
-3.180131746472148607e-02
1.239757310280623082e-01
2.327216253737008911e-01
5.620853928877077559e-04
9.624856012506320668e-02
4.726831121430548344e-02
4.793277231729058813e-02
8.531444060621623526e-02
6.327679645240362472e-02
-7.366552849737285479e-04
5.124396531425710888e-02
4.889506555899611473e-02
-1.429456715953707560e-02
1.748865765538306846e-02
-7.884093829221639274e-03
-2.575917417455179936e-02
2.048337482292667683e-02
-2.605725533328250628e-03
-2.699519088459008051e-02
-1.091227053679589415e-02
-2.616447611467055678e-02
-4.718552636271050593e-02
2.656732402989066613e-02
-3.141637711686264683e-02
7.828251933198958692e-03
2.965937016368402901e-02
1.130426420818930050e-02
-9.001905115053305357e-04
3.494549459161399446e-02
4.166340920442511420e-02
1.070394174224524250e-02
2.669037524889202734e-02
5.851602600678071755e-04
2.559129009957706105e-02
3.555439226352034160e-02
-7.609553979071376401e-05
-1.437652671170607356e-03
-3.893426178244505705e-03
-4.502510026259900870e-03
-2.592170095417012377e-03
1.322232905943909222e-02
6.192893442382682231e-03
3.514121590686012514e-02
7.120208121994821282e-02
2.364052707015239230e-02
3.586500855114717334e-02
5.937792969170467561e-02
5.410074138049516222e-03
3.719108469395927992e-03
-3.502860586133055721e-03
-1.362567333211213254e-02
-6.970907165287631817e-03
-1.264962257612215618e-02
-2.230160872985039941e-02
-1.676819144731448927e-02
-1.578522702090382271e-02
-2.998552580472296086e-02
-1.197101514443718873e-01
-1.176286662803312510e-01
1.291045825286497029e-01
-2.628448657812890166e-01
-1.543173112561832816e-01
2.898668247601705605e-01
-1.826536194184594231e-01
-1.919557187694747799e-02
3.690236325746390489e-01
2.293801844027065079e-02
2.193073339890428547e-02
1.218809605819085734e-02
7.950285887038078050e-03
2.686014294601666783e-02
1.370028947596945400e-02
-1.592456460881752807e-03
1.183486677081670851e-02
-3.028893714723802661e-03
-8.204238184844898484e-04
-2.015095899727875617e-01
-3.357842807286804954e-01
-7.694275617968508729e-02
-1.396600521598998779e-01
-2.480229285920080295e-01
-2.963573250991833469e-02
1.649278163995918367e-01
9.725171416793806922e-02
1.018225641291932992e-01
-3.866063181611658489e-02
5.191426824548145413e-02
9.139678881055871007e-02
-1.338858891193192291e-01
-4.794102769198256564e-02
8.073960063894754235e-02
-1.362895493527519486e-01
-6.706658440333526650e-02
-6.202464857669149657e-03
-5.939474422085447465e-03
-5.957659900236008700e-03
-9.286520165224508919e-03
-1.824795949103410336e-02
-9.941701989851595492e-03
-3.553876904042535794e-03
-1.963742981877330401e-02
-7.701160430563906006e-03
-1.718039663583487420e-01
-1.162549783965848293e-01
6.774455220811349820e-02
-4.267393976890248020e-01
-7.587993649672188090e-02
4.156271030069091377e-01
-3.894989463655339490e-01
-6.233738634901300757e-02
4.398081355128518610e-01
-4.923679223793288838e-03
-1.220067238895536366e-02
-1.433694638557641253e-02
4.919500529445325517e-04
-4.548818157030176668e-03
-1.050314817147773513e-02
-2.636406598700983747e-03
-2.037389386265462451e-03
-2.252614144387711428e-03
-5.083897032655668169e-02
6.570406778655837887e-02
7.470662167367631001e-02
-4.169930587120712628e-02
8.578306847560185355e-02
1.586789322156315074e-01
3.263979641042043245e-02
2.777159369262753238e-02
1.037229201247559240e-01
3.409827715330964598e-02
1.020479297260830642e-01
-4.769381724802158017e-03
6.234675873040517770e-03
6.771428563369619180e-02
-7.421641020685673662e-02
2.063472073080536290e-02
4.326299184767339046e-02
-9.060096587033672488e-02
3.776660588016234610e-01
2.990389052201782305e-01
5.337414683931249182e-02
-1.296052627305413207e-01
-2.114999830491606503e-01
-1.679461271276495860e-01
-3.176951085934706653e-01
-3.834425876580396242e-01
-1.663666651987583955e-01
4.477750203388600886e-02
-3.377530434235839069e-02
-6.656633553006244264e-02
-6.280541396466297888e-02
-1.194339568712849131e-01
-5.326707491933842242e-02
-4.338555697622864527e-02
-1.269659585844701011e-01
-3.000861826471587501e-02
-9.033583581399254325e-02
-9.345807798575982497e-03
-3.700552725359752826e-02
-8.010019707485842300e-02
-5.746357924431712977e-02
-1.108702517236557078e-01
1.277083112016687803e-02
3.642752382329248335e-05
-3.534543572440573128e-02
3.018952671988730033e-02
-1.097152719733351656e-01
-1.757529241204093540e-01
-7.703313322974201897e-03
-5.301358352284833708e-02
-2.853610419472444801e-02
-3.954918608166593796e-02
-1.545107758461303736e-02
7.394465298103190809e-02
-3.419650178760137021e-02
-2.795970778810277085e-02
-2.333378192271149537e-02
-2.884064528071836331e-02
-2.948151882428088830e-02
-2.752178950667128962e-02
-8.061391234497531852e-03
-1.796868647221971232e-02
1.272324792789029588e-02
-1.029558115529518592e-01
-6.433677770356219239e-02
-5.384164647411137511e-02
-8.770230772072944159e-02
-3.477279865684947818e-02
-7.219117231430483006e-02
-6.021957292876192747e-02
-3.045876810253096700e-02
-3.967082940758773907e-02
-2.514182205328858999e-02
3.850289104528537704e-02
-4.588015830483519603e-03
-3.440786723651344942e-02
2.405688776254609473e-02
-6.728802476553699674e-02
1.650548635950988691e-02
4.089087630623737535e-02
-5.883552738788209308e-02
3.678209918298289138e-02
2.491266501059504444e-03
-2.609846716467087782e-02
4.201632105736076428e-02
2.689144432970987098e-02
-3.411823071382628220e-02
3.527399819626264588e-02
1.185925255346794577e-02
-3.798933873824265894e-02
-1.030733057199813632e-02
-8.080743977737834746e-03
-9.678406518394033070e-03
-9.149963452531089531e-03
-6.569675310423681198e-03
-9.278906088311276654e-03
-1.145387904894899604e-02
-1.235299623623699154e-02
-9.723608014057161589e-03
-8.196028261370374990e-02
5.967707830441770951e-03
2.779841700886571260e-02
-5.818061644660568049e-02
7.097059501508792140e-03
6.740976108279078671e-02
-5.844912330804979267e-02
-5.069806367297095134e-02
4.444044781946572022e-03
1.878602687091894194e-02
5.037577503270407667e-03
-1.838966512687550611e-02
2.010930777696524549e-03
-5.346197032768889397e-04
-6.000295692655166838e-03
-1.349690205618884337e-02
1.024551663343016561e-02
4.062571100401061335e-04
-1.700940430043147971e-03
9.553011396241182368e-04
-1.874759651140197681e-03
-1.969888621434769897e-03
-2.395307361614247392e-03
-2.794776761569823381e-03
-8.016111280536680718e-04
-5.733181789474941538e-04
-1.586997576543594914e-03
-4.572438161825959600e-03
-4.464686611439145671e-03
-1.826831354739030799e-02
-8.327509931644574287e-03
1.091682908649618290e-03
-3.411955006047459604e-02
2.334498051725864215e-04
2.442283350207201040e-02
-2.187525156700610707e-02
1.764290133409214621e-03
-2.859779328827063895e-03
8.073062322531375783e-05
9.098869630163078067e-04
-9.627526169711179537e-04
-1.839510445902302642e-03
1.715224367674512691e-04
-1.916133342793621382e-03
-1.663333388134185660e-05
9.830293894747781439e-03
-1.385519017392923546e-02
-8.722256750091016489e-03
2.636935960870269609e-03
1.903081097363722813e-03
-6.421057988530884733e-03
7.934115301951856145e-03
2.633524062488541706e-02
3.517460722667514403e-03
9.138977202028676075e-04
-2.292511231939051500e-02
-1.250461691204509361e-02
-1.864068753089185432e-02
-2.562562465077849322e-02
-1.359672110563305870e-02
-2.870824128876014666e-02
-3.279819324881069059e-02
-2.360570493220728178e-02
-5.145669365818439367e-02
-5.007564631994014526e-02
-1.630933122291857232e-02
-4.752836449376850268e-04
9.822263999975351656e-02
-3.119317294405654639e-02
-4.830375527760432525e-02
2.361865774533183915e-02
3.981931047775060135e-03
-1.397429773162590753e-02
3.188883611955353747e-02
-3.723886208881852650e-02
5.937435053538091256e-02
1.623869408285959215e-01
6.778388362528375843e-02
3.192130676942521450e-02
8.158870816559593564e-02
3.507658996308283400e-02
-7.351150377408069078e-03
-1.533494162876339328e-02
-1.108862670613236859e-02
-3.477803540640572733e-02
-2.677734066314245431e-02
-2.178818318186522690e-02
-3.058397000850717959e-02
-2.418146667704582434e-02
-2.045270992730753926e-02
-5.664076563760316735e-02
-4.561340361413797340e-02
-4.703892935548315696e-02
5.489191559718434310e-02
8.633204248788893531e-02
1.073355994593801210e-03
4.334470494709573990e-02
8.107563520506426424e-02
1.980229694438859558e-02
-8.959732351869469091e-03
-9.844416566316726083e-03
-1.005810429140172740e-02
-9.557460369037670475e-03
-7.390977092648102695e-03
-6.370528710629987448e-03
-2.128643282029481741e-03
4.435783576828288043e-04
-5.760462254205649633e-03
1.246918707522745237e-02
-3.255017306622324993e-04
-5.051252276470761214e-03
2.504924003842357808e-03
-3.387420820820756778e-03
-1.740305260707631849e-02
-5.670674769234206394e-03
-1.442282746138149772e-03
-9.159385739324208547e-03
-1.492927424402535654e-02
-2.597413035105266069e-02
-1.935351127270809601e-02
-2.578728538470731815e-02
-4.045620440434828657e-02
-2.349547833280768439e-02
-3.788928583035820752e-02
-4.706443578027860036e-02
-3.552888407761009559e-02
1.740015776463274078e-04
-4.571561583672338895e-04
2.181719695576366999e-04
5.056393238133731439e-04
-2.025725756579570033e-05
9.101082091532289916e-04
-2.224332847128049709e-04
-1.628162172837431434e-04
1.524188427238924249e-03
-2.575266261646214560e-04
4.975769875963628784e-04
3.931375078067276033e-04
3.117933574056031476e-04
9.243503604706502889e-04
4.559044536823306129e-04
2.516811174379902320e-04
1.055632185376096776e-03
-2.648360775735784440e-05
1.639627920786264565e-03
1.700206253496906088e-03
1.358947187449155262e-03
1.719229533678317103e-03
-7.936177876214481927e-05
5.862762244086862904e-05
-3.240862598613427443e-04
-5.044821531916349406e-04
1.071946296852206715e-03
-2.300948959074186530e-03
-6.033152536446045530e-04
-5.823475094148054636e-04
-1.656061405317548092e-03
-2.907156984724903535e-05
-2.098093646696839185e-04
-1.000596446855394782e-03
-1.121630277341084973e-03
-1.935421987648320219e-03
-7.202790873237291868e-04
-5.072659501476902517e-04
-2.680757052699909041e-05
-8.398092871408577038e-04
-9.045559711535498598e-04
-9.285981990199004832e-04
-9.388224053756326565e-04
-5.732771354389785750e-04
-1.372621986021282069e-04
-3.153933544898096113e-05
1.092065014909164100e-03
1.864670919325467011e-03
-2.810332764023838574e-03
-2.683660828540211304e-03
-8.067186558754843454e-04
-4.549843105945889678e-03
-2.212753846234070260e-03
-3.053937252624230295e-04
3.743306940623938775e-05
2.792867206392541171e-04
2.522659897709780114e-04
2.119201844360793822e-04
3.471320101767054488e-04
2.814622899333497452e-04
-3.405712275000052870e-04
1.447369795288256365e-04
-2.349928261439850931e-04
2.772162565074611559e-04
-3.627855825049476689e-04
-1.220563895964801729e-03
-3.704708581249991956e-04
-1.388215160900065775e-03
-7.881232888416201668e-04
-9.656315782587115287e-04
-1.098489152220169648e-03
-1.028923716121644787e-03
-2.380588529012265739e-03
-1.804489713754357317e-03
-1.705393386750931987e-03
-4.787885341821103945e-04
2.166310494914153943e-04
-4.747111314242192202e-04
7.242982563074236999e-04
1.418114556611745514e-04
-3.424418422207335265e-05
-8.784545549944864327e-04
-4.274935800039538088e-04
-1.643853887669579576e-03
-2.106255647978349816e-03
-2.825163707017436677e-03
-1.824742579677564053e-03
-5.571228886550901385e-03
-4.812533064936654059e-03
-4.167705166797955503e-03
-3.199952444950884562e-04
-5.866451866782353749e-04
-6.285053792387129299e-04
-2.707831059435066631e-03
-2.558068999747416077e-03
-3.384388451641408193e-03
-3.187169451502494793e-03
-3.379323102394990973e-03
-4.611760073631536103e-03
-3.109778867451118856e-03
-2.267570249902490197e-03
-2.716897724253301664e-03
-3.581279809526348445e-04
-2.333060001819474937e-04
-8.518609212590869941e-04
-1.731483848531239871e-03
-1.072362155237579183e-03
-1.663126917795528393e-03
9.210358819740284853e-04
5.885417160466741449e-04
3.533736074787430150e-04
-1.251266262475887172e-03
-8.998841635276590709e-04
-8.896957258149737957e-04
-2.538438901383930236e-03
-2.571938900008889639e-03
-3.017317852464278683e-03
-7.873003504105098539e-04
-5.201664868001746808e-04
-7.813251818983159942e-04
-3.060784481177913473e-04
-6.434838230658918414e-04
-8.687344107916678470e-04
-8.793432196981293587e-04
-1.078754579251171896e-03
-9.239594894435902792e-04
-1.171326868965776816e-03
-2.039516651784331700e-03
-2.477087456592499699e-03
-5.458202941848770088e-04
-9.926177397782290183e-04
-1.657520155179244671e-03
-1.118078820765901205e-03
-6.821205104016241040e-04
-9.216130268953658718e-04
-2.102006189763618027e-03
-2.460400203862620101e-03
-2.494644383139150035e-03
-7.181128898344830329e-04
-8.788981207870722118e-04
-6.890581187619687804e-04
7.324062522543931626e-04
8.768051173409776515e-05
-7.665535483346162153e-04
3.368720811672534787e-02
2.697269602826671622e-02
-3.104610435067731503e-02
2.318095653056667996e-02
-4.252084893903414903e-02
-8.114064619596832173e-02
6.249614230132556625e-02
-5.378286776102781525e-02
-6.391880858555108735e-02
-2.050601875903142884e-02
-5.109227144241713231e-03
-4.793874745500547631e-03
-2.664096751635757973e-02
-8.013779830930880047e-03
-2.643961561500662600e-03
-3.397183730379078198e-02
-1.907397363659806000e-02
-9.423152137400773662e-03
7.419413179687243953e-02
1.354228418149560909e-01
2.667872319751871460e-02
-2.117547494107292066e-02
-1.264809386106585110e-01
-1.179398407158135376e-01
-9.883289986460797039e-02
-2.095856102620158590e-01
-2.002186678037166379e-01
1.177285026193042039e-01
3.360057126218354839e-02
-7.900973835728629380e-02
8.010063289061448988e-02
2.157942261885396895e-02
-7.442201132026275701e-02
1.000282306322482044e-02
-1.409859398699751104e-02
-3.536722682536744961e-02
-4.020714073605450613e-03
-7.810834924810024574e-03
-2.992067795470352079e-03
-6.258149103624217023e-03
-5.869529244936767115e-03
-7.123279405087130228e-03
-1.416739526168592830e-03
-3.906746558513215714e-03
2.535346228701241059e-03
4.041515345270392523e-02
-3.142185115813146690e-02
-1.273901238099727218e-01
-2.292354176156247147e-02
-1.339401769095932837e-01
-2.057622178138380220e-01
1.489492241043728904e-01
4.004909720639580201e-02
-6.373974889651166931e-02
1.470265069660824098e-03
-4.926810802492781645e-03
-1.580142075913594513e-03
-1.293376078384807703e-03
-2.345151595198355192e-03
-3.284149976320380865e-04
-1.871297635190928349e-03
-2.972920163714576607e-03
1.645911593638715777e-03
-2.309316529559573769e-02
4.413111712636317435e-02
9.250258529190184820e-02
-7.129136779651372435e-02
5.089511774515299153e-02
9.607289893658980950e-02
-9.126320505642276926e-02
-1.761401523338720909e-02
2.031519404297027140e-02
3.612401269131979703e-02
6.257553109477569098e-02
4.232963205540559576e-02
-2.006568396434365784e-02
-7.540018281691257020e-03
-2.450167835286989892e-02
-7.443750696696403713e-02
-5.434712750701124750e-02
-6.133634090973311831e-02
-1.361973627049753166e-01
-1.442641590660071194e-01
-1.527132484161948800e-01
1.416927967712513538e-02
-1.285530816477037375e-01
-2.971962470403850531e-01
3.582353189006882987e-02
-4.666277697993093110e-02
-1.455022119651042112e-01
-2.871148356077707006e-02
-5.900548191180623320e-02
-2.590807672195374195e-02
9.166339697557764066e-03
-1.770843812247852728e-02
3.093303439653547274e-02
9.648886805864818894e-02
1.179051188027314262e-02
1.080065117566461758e-01
4.207967550908688070e-02
2.677698027874968016e-04
-3.149936760283675308e-02
4.501827759175797139e-02
-1.769833729372353656e-02
-5.843578310333044645e-02
5.578431505236676469e-02
1.396417905605306514e-02
-2.980201408215809450e-02
-4.793713755686344197e-02
-9.773809270562665297e-02
-6.158298414288631423e-02
-7.297656211148752237e-02
-1.133558543540481717e-01
-1.069918948207334713e-01
-4.507730283288183259e-02
-8.482912294538490217e-02
-9.854077927144749144e-03
-1.868548741655087775e-02
-8.829761380065224291e-03
-3.689394622635840809e-03
-6.790519190808396062e-03
-9.188616826501322388e-03
-6.918633296170088008e-03
1.427878895086663602e-02
1.145886884078254134e-02
6.160882496890380741e-03
-1.538703388237830025e-02
-1.405134131457938355e-02
-1.942112036725286359e-02
-2.490542089684646531e-03
-8.152846975338239044e-03
2.395118167738617384e-04
9.668009499785539321e-03
4.092927910020677414e-03
-3.273148569941402696e-03
-1.480844745071177235e-02
3.488871502077305758e-02
1.447374248752192338e-02
-2.732392934608531346e-02
-2.681911818108694435e-03
-2.125409548831409812e-02
-5.582132963738132420e-02
-3.991781157152756582e-02
-5.200582377953950203e-02
