-8.789026608847821248e-03
-5.812979389336102656e-03
-2.853925336452429930e-03
-1.299299850196445304e-02
-9.690972938617736440e-03
-5.209112702669805271e-03
-4.046326713315740072e-03
-5.927117982568172634e-03
-4.382117760721393473e-03
2.103664825577612404e-02
-6.650646695587608855e-03
-2.355937311055108369e-02
1.382232834117804766e-02
-9.164361108985955018e-03
-2.519962009062852101e-02
8.986091222899870307e-03
8.204207015524504461e-04
-1.776974250567487854e-02
-3.185678349633934165e-03
8.035927862574069463e-03
1.419957600046809973e-02
-2.023835578228856593e-03
4.104845746458117735e-03
8.493066571442414725e-03
-8.680431020697453037e-03
-7.462096795994848687e-03
-3.871238776368021890e-03
1.484708307816485356e-02
2.181215031025763099e-02
5.124581592885955189e-03
1.552330109295927546e-02
-2.675189487149726934e-04
-1.723091325600153642e-02
4.562352935123774843e-03
-2.198295706900871629e-02
-3.783535127042264579e-02
-9.332043505328999067e-03
-1.339081553911252061e-02
-3.057920682871864411e-04
-6.052893047356462664e-03
-6.693843141857160235e-03
-3.836725317518332079e-04
-5.388998216467793872e-04
-4.627250169129499754e-03
-2.879761453640130881e-03
-2.894909398402688641e-03
-3.887546736181968655e-03
-6.330971652228150302e-03
-5.198647537680725281e-03
-5.156836372201775189e-03
-6.829905342069538324e-03
-1.070675637814919555e-02
-1.037260391787080474e-02
-9.336969429074960108e-03
5.794143447337647690e-03
3.081650367796392315e-02
2.468501302415833723e-02
6.980573117904612893e-05
3.965773604530634100e-02
2.987328572897598317e-02
-1.200047614945389321e-02
1.464477035578410670e-02
3.900405514318131071e-03
-3.380297974142239259e-02
-1.099148794410081606e-02
4.695497219474408131e-03
-3.664438993820132162e-02
-1.221404576026973061e-02
2.517866303739641626e-02
-2.687369456997382514e-02
-6.613236962948030109e-03
-2.553701434507875227e-03
-8.179872105355771991e-04
-3.083584416252447766e-03
-1.098350201958658888e-03
1.277783114166998338e-03
-2.428445779444088099e-04
1.305609549197575981e-03
4.229655386649777866e-03
4.866351026207784737e-03
7.137860544848156387e-03
3.861002829148667791e-03
5.396429727558691575e-03
5.448138847552211513e-03
6.093614581565532512e-03
4.498484734586737435e-03
3.915516008886783632e-03
6.513714484086689446e-03
3.593554245396010476e-03
3.408309025455330543e-03
1.216277475108730986e-02
8.773124202641230385e-03
5.160931616772391518e-03
1.631401206638838841e-03
-6.115314240150129983e-03
-1.656127932404097280e-02
-6.693391669419087794e-03
-1.536726269584961536e-02
-2.166103482582306880e-02
5.736869868382501233e-04
-1.350407508784345033e-03
-7.956215595328483547e-03
-2.632867756966945395e-03
-7.340781503543973227e-04
7.941732532651675871e-05
-8.817131191549707273e-03
-3.753734370482789302e-03
3.929958422106891863e-03
2.050476027721820013e-02
8.644735528340661765e-03
-7.569970479904929682e-03
1.896538981693247222e-02
5.550852873340304805e-03
-9.454488890314527438e-03
8.181163666565649875e-03
2.504447654614205213e-03
-3.699740788661104712e-03
-1.623301990583253529e-02
-7.519361529929323960e-03
-4.086294727040422521e-03
-2.732409995980848456e-03
-2.137753234136084268e-03
-2.126216316110394534e-04
-6.193586462753724285e-03
-8.912373433174060333e-03
-8.249011750020723149e-03
-6.897116019460520879e-03
-6.438325738221799613e-03
-4.101306232654334041e-03
-1.202303095216462892e-02
-9.680430991321556378e-03
-6.051754486184997978e-03
-1.213248902392637281e-02
-1.056309442326124406e-02
-7.923247756793047950e-03
-1.456972129635136434e-02
-1.395672937123166278e-02
-8.216292701215646352e-03
-5.297243171290915570e-03
-2.437101102650363581e-03
7.524513660374146026e-03
-5.690738380785651147e-03
5.892820568053167007e-03
1.520572909440826362e-02
-1.923362468058031129e-05
5.865853682752442258e-05
2.118244350407747227e-04
4.378647511035083225e-04
-7.246021577665422066e-04
-2.542849916149215431e-04
2.355995348070263635e-03
2.015858538359747987e-03
1.387672172591793672e-03
2.391045074813250763e-04
-7.081528562259738896e-04
-6.825334334447061041e-05
2.108477905549385571e-03
-1.283337438690229442e-04
9.586799851088238474e-05
8.090082053734115857e-04
-1.850128314154365211e-03
9.641888714054750592e-04
3.541280809443863881e-03
5.046403401190194433e-03
2.712022531802428613e-03
3.089870466349049858e-03
5.859043310461424341e-03
3.638616240197266923e-03
-7.517590181175815012e-04
1.985728391364164572e-03
-4.257490086994782097e-04
-3.099109041106100360e-03
-8.620065755411139129e-04
3.407875527076987404e-03
-4.214771616057078583e-03
-3.942763968779690320e-03
-1.579491581569406706e-03
-6.917801276494995634e-03
-4.713243168654000260e-03
-2.426133808824768468e-03
-5.672608282515201328e-03
-1.044134331857852127e-03
-2.868381895731396316e-03
-5.940963026292309102e-03
-2.103069674965225150e-03
-1.940826361372843204e-03
-4.201797035358095095e-03
-2.316366295199392966e-03
-1.601741412337700067e-03
2.148361141653779092e-03
3.684416497344916372e-03
1.620769603118603439e-03
4.102085977152765926e-03
3.514710499693751537e-03
9.903461493008139209e-04
3.512859774398792174e-03
4.063757095900908181e-03
2.461781788349241915e-03
1.251607569692840061e-03
9.565769421453577124e-04
1.170622819929350612e-03
1.925054281132933601e-03
2.001440264733081540e-03
1.635012556032906707e-03
-1.040874256991198080e-03
-1.665651069495536259e-03
2.894736605524467123e-03
1.303558615900096782e-03
1.121782624587015775e-03
2.409693729111271436e-03
4.473404434140995992e-03
-9.273922974195934773e-06
-7.249354579164546571e-04
4.085565550945936646e-03
-8.935130007285504343e-04
3.478599096859452070e-03
3.420750045652348401e-03
3.068451871993303770e-03
2.903211146608775627e-03
2.087587605286999898e-03
2.861619222545919335e-03
2.247955178053516641e-03
1.609418551574991240e-03
2.644802620318909871e-03
1.874537960421518261e-03
-1.321416164633031553e-03
-1.823436233887709278e-04
-1.635878623392299485e-03
7.721200491048928411e-05
-2.647840735347783620e-05
-3.563283452847446379e-04
3.287079132266619032e-04
-6.037934671867459246e-04
-6.180103445900204722e-04
-1.953033516462691042e-03
-1.816522492335085996e-03
-4.012007806310285626e-03
-3.199763057628953367e-04
-5.035611319564705160e-04
-1.793581766522545778e-03
-1.163844395439243883e-03
-2.938159115259943600e-03
-2.385097950334498680e-03
2.722572089975748132e-03
2.720907709186432075e-03
5.006055257803802318e-03
2.117855125706539013e-03
2.191787891309748392e-03
4.204644777956857357e-03
1.999245045898109287e-03
1.805341398004413952e-03
3.533368693812880251e-03
1.237345537136320657e-04
-3.974773248537533023e-04
2.395732942905741197e-04
-7.286231075651710375e-04
-1.332952352304947029e-03
2.438034205666986441e-05
-1.615456770745523967e-03
-7.513439087017670642e-04
-1.740673494665308262e-04
2.005072180626924112e-03
1.797623894724034591e-03
1.702435771704038968e-03
9.983000917474554783e-04
4.069591438494560981e-03
2.826877314030684912e-03
1.129390949914714243e-03
3.172010870041567284e-03
1.581603549565509421e-03
6.973845605544482396e-04
9.363576517001095066e-05
5.383461604631133764e-04
7.689149448074235858e-04
3.049570022068197567e-04
1.257286667597661001e-03
1.200753115322151284e-03
1.674335910636270920e-03
3.509690221834651982e-03
3.903282465141957175e-03
1.710790111042386234e-03
3.136685972458619440e-03
4.359345060997124599e-03
4.336725933153938277e-03
2.612717021992203275e-03
5.584070898779681762e-03
5.439663234730890938e-03
2.989536775819402314e-03
1.212843776889150358e-03
-1.347952043842008500e-03
-9.756016210057149793e-03
4.132952107477868252e-03
1.667093186541570085e-03
-1.120446827225878191e-02
5.375433047305251504e-03
5.645681026596698418e-03
-1.583326434303362722e-03
-5.807186789967243995e-02
1.731462728167642738e-03
6.338080368386664332e-02
-6.702296661724728433e-02
3.638607794986710008e-03
6.992189636743351144e-02
-5.041626251775090800e-02
5.221133254234548596e-05
6.249000341353482674e-02
2.437036397091706802e-02
1.579069181527027049e-02
1.108836828852850613e-02
1.739587695521108840e-02
7.081918479361248159e-03
-2.145388588568676678e-03
4.867036945682631961e-03
-7.442117907454469036e-03
-1.854242096410963631e-02
5.904701419601728757e-02
6.444706920657543303e-02
2.685755915163609911e-02
7.943691265276726921e-03
-1.250140583339773986e-02
-3.394238689474192439e-02
-4.684279530977290829e-02
-6.280118604582207720e-02
-4.151120527430484514e-02
-9.871175546925067129e-03
2.162754472507771430e-03
8.415868843085747605e-05
-4.858868158392359686e-03
8.773708283668593677e-03
2.724078474621282817e-03
1.046143054815265204e-03
1.057387359188051261e-02
6.511433124274780635e-04
-2.450368788189906215e-03
1.767253164906290596e-04
2.791282240895191346e-03
-3.566415976123053777e-03
5.137009155727993975e-04
4.289055146373455842e-03
-6.932989965379773162e-03
-2.028243894109591806e-03
3.212728231359838604e-03
3.785823553461949847e-02
3.136031351982225546e-02
1.835387872955883751e-02
5.171281232787445364e-02
2.439757440973492481e-02
-2.093390951176079401e-02
3.515880074092758711e-02
-1.723637871955977646e-02
-6.646612991692268935e-02
-2.076551155327031883e-02
-1.048121173180939676e-02
-3.723232531181191324e-02
1.226633641793281430e-02
2.048887676728860380e-02
-1.244958338526204640e-02
4.592880689528720285e-03
2.153119628942481989e-02
3.775839304153776835e-03
-3.509760892519894152e-03
-7.184006037248676958e-03
-6.407741399263494446e-03
2.859414890290035496e-04
1.133338236378719560e-03
1.793414843553578237e-03
2.753857707359794616e-03
4.280761482443448153e-03
3.525891470496527336e-03
1.645688380342460663e-02
2.047490053757321585e-02
1.924528189163864783e-02
8.399374720253940940e-03
1.295125944959597299e-02
1.346914232999999080e-02
2.146505239100808971e-03
6.898150287796594310e-03
1.195900414870409122e-02
2.079351921179547688e-02
2.388380205205554996e-02
1.283960661257571405e-02
-4.830982209345789126e-03
1.769163551268455826e-03
-4.146208260482606156e-03
-1.823922862695911973e-02
-5.697311635256853239e-03
-4.380685643037768914e-04
-6.997676517214653251e-04
3.215814856128967631e-03
-5.394522206250124303e-03
-2.567801920539685583e-04
-5.275379259329466067e-03
-1.639817368468492187e-02
5.607998821878947167e-03
-1.203304513722934727e-03
-1.468641357195485560e-02
1.821260637521248879e-02
1.921284111240286266e-02
2.451035475612554915e-02
6.202243541255780292e-03
2.239561636961238684e-03
1.380438950517725097e-02
4.127916547470829658e-03
1.398828755034916714e-03
1.444563806322170067e-02
2.016264220162301835e-02
2.558332108693032840e-03
-6.325592251961462652e-03
1.579048911695649440e-02
-6.144397152607602129e-03
-1.163590982332143517e-02
9.478209348223128744e-03
-2.491831452195029158e-03
-2.254985349813742532e-02
1.511571389585247057e-03
8.455957637827977991e-03
1.495566525283797271e-02
2.315459939276771071e-04
7.129666600899754215e-03
9.418861951414354144e-03
8.996629826306440716e-03
1.085078165862455105e-02
7.756431957218580704e-03
-6.903995283703950533e-03
-1.032625656260587575e-02
-7.745922411610647179e-03
4.263098224694692427e-03
7.729959014497718786e-03
1.937838953075906798e-02
1.092163467322379046e-02
1.962976620654779264e-02
2.181776917465219970e-02
-2.134460635946816391e-03
-2.072441210651744699e-03
-2.692031817469057835e-03
-2.513048171573674036e-03
-1.850918323282008159e-03
-1.482140919846538412e-03
-1.712609226751387334e-03
-3.111460458730341393e-03
-1.690154617525326582e-03
-1.208292888094990997e-02
-1.252276900910428807e-02
1.417095080483918301e-02
-3.055343030266433318e-03
7.038413628709733888e-03
2.265039467691995836e-02
3.824057177647587676e-03
-1.449003843978200184e-03
1.108995185115011113e-02
4.925881136554716329e-03
1.178293985872062768e-03
4.120924312803109679e-04
5.203199411508579314e-03
-1.714937163514655086e-03
-2.447012301205446581e-03
3.503468129395293559e-03
1.004293068148015891e-04
-2.847284564572967209e-03
1.337490329738504503e-03
-1.567645501228856486e-02
-1.198898986118926598e-02
5.941696753570271938e-03
-1.089532491307195101e-02
-1.776090335748644819e-02
7.339403111768834191e-03
-4.515728941403029419e-03
-1.007805415748365407e-02
-1.410815203098750997e-02
-1.973054292560076119e-03
-4.677435021891629754e-03
-4.095982591650480960e-03
-2.896823501761685779e-03
-2.847238512887616691e-03
-1.130645093288701504e-02
-5.643790968382448106e-03
-3.193247930994278384e-03
-4.538911391899987796e-03
-3.771459734624525717e-03
-2.797269385565018512e-03
-3.075765267901402721e-03
-2.872642515940918798e-03
-3.553526953206082636e-03
2.763838750259927984e-04
-4.754963756243112257e-04
-1.360884746355139939e-03
7.019332666467938651e-03
-9.286834695884904275e-03
-5.153096140600780389e-03
8.170409304003979981e-03
-5.876549664683415088e-03
-5.992692977889125562e-03
9.306181057038091439e-03
-8.970999080130201420e-03
-1.519505363925289718e-02
7.499723309308418094e-03
-1.548233031036073959e-02
8.015922426914619953e-03
1.272918806689106279e-02
1.831442953226308454e-04
7.422506346471343525e-03
1.141970919625790760e-02
-1.635096377824468011e-02
6.497810487503544175e-03
5.564040841933455810e-04
3.640621120027145476e-03
5.243120767106676343e-03
-3.043573695712245347e-04
2.999560158471356337e-03
6.057061841431217106e-03
2.169625831247145177e-04
9.765999593692670580e-04
3.317113325584898458e-03
-2.827938203419780479e-03
-2.370389918577655870e-03
1.580478918540531195e-04
-2.118577297348416683e-03
-2.905097401076625185e-03
-6.904907867374068678e-04
-1.835886860633166627e-03
-1.039497575862668218e-03
4.124970763678219017e-04
-5.448256635598174198e-03
-8.192041240788264927e-03
-6.411163198535093852e-03
-1.090280069014671303e-02
-1.224475001042246887e-02
-8.064156512865478660e-03
-1.012068261406969504e-02
-1.066045233209223474e-02
-1.038973677769749158e-02
2.684248119891903886e-03
-3.900278493419865374e-03
-6.538464498137558888e-03
5.959538652696134454e-03
-1.352084542064772117e-03
-4.269878248379442402e-03
5.459360547367880095e-03
1.826051215487176690e-03
2.049136971899801537e-04
-2.893121876920782751e-03
-3.377490936090766886e-03
-1.897385917929666653e-03
-1.960755122936112035e-03
-2.083896687726683340e-03
-7.728831567136518546e-04
-9.078942786461101106e-04
1.929607656379611104e-03
1.069862548869420600e-03
4.230138853099069509e-04
-5.754693535611794678e-04
1.147661351484361488e-03
5.364279702544686931e-03
1.684720037277524611e-03
1.674161525084489959e-04
4.071101203019425636e-03
3.638152460866484264e-03
2.173573279021694029e-03
-6.275466371821539213e-04
6.353354694419952606e-04
-2.119056748344325277e-04
5.270647480074595360e-03
5.894721627630758465e-03
4.278830567644415807e-03
4.791618972275707086e-03
4.097329001726340673e-03
2.737354217418657299e-03
4.261958963087581626e-03
7.705659706922603040e-03
1.313983431479254921e-02
2.816320181546027972e-04
6.082024101314593111e-03
1.411857447408933555e-02
-6.751020464488428343e-04
3.250788147939017922e-03
1.006495205185449320e-02
4.490693912146702165e-04
2.093566938590735020e-04
2.146581452042853669e-04
2.665387020779420900e-04
2.414690944817993526e-04
2.317332282512508522e-04
3.957762716660276456e-04
5.936481554767442234e-04
2.095773701281344837e-04
-2.046307962749310534e-04
-8.886246818891277313e-05
-3.130329160906512259e-06
-1.313891706528319656e-04
-1.201146308167683370e-04
1.456480937511368844e-04
-8.215730646071356977e-05
3.346482069490501666e-05
4.499126092345412452e-05
-4.588610858207145451e-04
-5.150312895657063695e-04
-2.240004207922763454e-04
-4.461416221399918097e-04
-1.554453842915985294e-04
-9.523251678921592549e-05
-3.122701842764427009e-04
-1.920907358703804037e-04
-1.080634288616699843e-04
-2.139062599778517547e-04
-1.032797979030811565e-04
-2.069960251126213007e-04
-1.901631269634932960e-04
-1.747620855568476493e-04
-1.690327595410893427e-04
-1.509951995868239968e-04
8.603198502939245112e-06
-1.166957292001403812e-04
-4.123165441169794740e-04
-3.003949268337966654e-04
-4.670632969273584437e-04
-3.861305654639376008e-04
-2.292435732164783664e-04
-3.978610906113123490e-04
-3.796604567937545896e-05
-1.912176093669850491e-04
-1.801273781793912368e-04
-3.576837340563327784e-04
-2.948525586056738312e-04
-3.745713294878296818e-04
-4.513658674496092262e-04
-2.438707028463241719e-04
-2.938126732566409874e-04
-4.688427743064717723e-04
-1.875258821350236557e-04
9.493580724953945614e-05
-5.510596179375131269e-05
2.311052691596749938e-04
-2.129389372294713319e-04
5.291563805346104281e-05
-1.398613498763833667e-04
-2.819834215386517228e-04
2.794844796339951551e-04
1.882486506431218360e-04
-5.261761882700604422e-05
1.695973714644362872e-04
1.213362887844180013e-04
-1.590692757015536732e-04
-3.068684466427255885e-04
2.394397050528551178e-05
-2.042453435497656284e-04
-1.467359612612377604e-04
-2.687093293197076308e-04
-1.458071968822416517e-04
1.172379454795744228e-04
-1.091439621258110776e-04
1.371859336314412367e-04
1.314088100013882144e-04
7.747656330482188391e-05
4.574964160099708821e-05
2.090070313016923170e-04
-2.615533793554592986e-06
1.170367418716615644e-04
-3.517638902861500990e-05
-2.228451460849331027e-04
-1.344103680197934682e-04
-1.245246498092939815e-04
-2.065452071109636148e-04
-2.262032841881588886e-04
-1.230315175849414674e-04
-1.572012873086983860e-04
-2.917308249190948117e-04
-2.091699206182113732e-04
-3.224936052227866316e-04
-1.044486754935559881e-04
-3.731183927413347077e-04
-2.612918587182733307e-04
-2.277704018092550269e-04
-3.713876416635043809e-04
-3.413610303449037139e-04
-4.427796561794997035e-04
-2.648488727588192444e-04
-7.757854027989578166e-05
-2.641239968456319783e-04
-2.405435031166803335e-04
-1.572898519005357554e-04
-2.902716552541583189e-04
-2.693411519872801105e-04
-3.149182697395655050e-04
-3.835997564987106098e-04
-1.153443229445902309e-04
3.654225541682451372e-06
-5.039218119355897817e-04
-4.673370809952888329e-04
-1.916769105670945706e-04
-3.146834429001747150e-04
-3.278044982190474058e-04
-3.812853018361753903e-04
-2.825741795725956258e-04
1.616203788587261981e-05
-3.154560985682915055e-05
8.907132155823662301e-05
-1.406589491245094760e-04
-1.134177141621521605e-04
3.802407075678615662e-04
1.698664049412336918e-04
-3.075492813614238031e-04
8.983074938989022893e-05
-2.125335832183938736e-04
-1.478392175909863855e-04
-3.807508722399518815e-04
-2.642561561478292981e-04
-3.121787264674490549e-04
-5.264707487327957266e-04
-5.624893377974676248e-04
-1.411636369246168385e-04
-3.804058233519041262e-04
7.259756928939074393e-05
3.176381796162473553e-04
1.192177751701946559e-04
2.513221062415658415e-04
5.633878424587578841e-05
1.700245317603762756e-04
2.503976459695737519e-04
2.801019493250993391e-05
-1.846759858455724701e-04
-8.966169722192430386e-03
-4.905959311059178082e-03
1.304715525807355033e-03
-6.299429413331835391e-03
-4.706509426734195936e-03
-1.242193227461098294e-03
-6.740882088030127582e-03
-5.410059800214017493e-03
-3.401933809060335000e-03
1.368336973516507023e-02
-3.249514737645123330e-02
-4.320782224181018982e-02
5.673121322851262804e-03
-2.037356153471792108e-02
-3.568914773722763750e-02
1.186358766107017265e-02
1.044536475121719647e-02
1.088279612531450414e-03
8.484201661764050051e-03
1.409863757757017118e-02
1.723411172695451382e-02
7.025106694301594228e-03
7.391668580635819483e-03
7.386499783044120360e-03
-6.452892918655998931e-04
-7.967400856276363533e-03
-1.490059534213685616e-02
2.054154883675729168e-02
4.211463029312353251e-03
-9.493378794691012881e-03
4.409984425695370053e-02
1.767927632896728121e-02
-1.728729982283483749e-02
1.172071646397433893e-02
-2.581451375752593161e-02
-3.657684846458574002e-02
1.692354695760234229e-03
-1.144469144606331465e-02
-5.103807668710029326e-03
9.692843218272172504e-03
2.740897692973177924e-03
5.216867317281870947e-03
1.452981486301655432e-02
1.506491470271272178e-02
1.471883255497237648e-02
-3.838607485465457721e-03
-4.508801676573465436e-03
-5.284233764512269622e-03
-5.012304215812854111e-03
-4.683778495968632903e-03
-4.673721563641823791e-03
-7.578510905401543776e-03
-7.450362637618183383e-03
-7.144304301516156419e-03
-9.515303256841769119e-04
2.209815657094865368e-02
2.179820140969924991e-02
9.933570050884995076e-03
4.774932822676331012e-02
3.789379036378279914e-02
-4.978108437407094237e-03
2.050362051842070585e-02
1.636430827182722494e-02
-4.450468156336059855e-02
-3.426034558607276431e-02
1.798170113931346278e-02
-3.739761156075007559e-02
-1.837923311363543963e-02
4.420023321982870235e-02
-4.123633223156425442e-02
-1.836509028224032891e-02
2.516653223711519047e-02
-1.081914270964588450e-03
1.028875690169313441e-04
3.489607732305095075e-03
2.565025513055182397e-03
3.772502272698150146e-03
9.970319953306336705e-03
4.212808738694248309e-03
9.782949062164135803e-03
1.385533140729497577e-02
3.845583935894817014e-03
4.279789619574117694e-03
7.435031452082083506e-03
6.529837607006654283e-03
4.580824550646221162e-03
5.116720736690233071e-03
6.608941282879056238e-03
1.508667573626239385e-03
3.150284866357535348e-03
1.899286223656438885e-02
1.727232346876595229e-02
1.425113044951357467e-02
1.626787067389058247e-02
-2.674209253587814467e-04
-1.500984515346654932e-02
1.189064908168201325e-02
-3.510163663962995000e-03
-1.917818438087408664e-02
-1.716391583004725149e-02
-1.285919359462337798e-02
-1.421693927213825079e-02
-1.787513943400564562e-02
-5.452832451475962856e-03
1.131082998676707788e-03
-1.524622290807013149e-02
-3.608744974000336649e-03
1.445989944492466310e-02
2.696475480279350231e-02
1.780121007696146632e-02
4.968975576033034247e-03
2.700205075550697609e-02
1.700088107716909297e-02
1.409649717821138482e-03
9.308904160187607760e-03
8.197137483548756764e-03
3.249145919045380755e-03
-5.970711738497827201e-03
5.900764481275318392e-03
-1.163918620465004142e-03
-2.919635946770309139e-03
6.903624767496213850e-03
-3.725467226840379481e-03
-9.551252211884828135e-04
-2.634856456228270964e-03
-1.271684875540941492e-02
-9.333520593225806249e-04
1.594127204963413733e-03
6.331737480970350829e-03
-2.609822433667710172e-03
3.412233675794160408e-03
8.800738752663251827e-03
-1.727497642291529788e-03
4.343002808650630285e-03
8.114539233039674837e-03
2.498685095611991470e-03
1.792666913447564818e-03
1.208971063903820434e-02
1.116938897397194361e-02
1.499574649196361992e-02
2.979202175082103221e-02
9.155194775796949430e-03
2.236586844706808103e-02
3.690143091730517522e-02
-2.906993237965309318e-04
-2.480597365492708656e-04
-3.063971559395832684e-04
-4.049699770227680059e-04
-4.857424244749029797e-04
-3.004742162572242694e-04
-4.799185506493777341e-04
-2.706967879334759098e-04
-2.084451056344143567e-04
3.028479496034919829e-06
4.116659855162213067e-05
3.344866174794176498e-05
-3.884671145673874434e-05
2.262274269360634686e-05
2.645148269182007249e-04
-1.888461207169152517e-05
7.999199864162379536e-05
2.683195772942498832e-04
2.487651239221042076e-04
9.583277341999769667e-05
7.879501452568038889e-05
-1.128043823646548169e-04
-8.753528285760105144e-05
-3.976188687314551404e-05
-1.237409126282950972e-04
-9.067291457959746840e-05
-2.749718088889067501e-04
-2.955430819100289975e-04
-2.828088281794180633e-04
4.540883307355346151e-04
-2.807049031727330011e-04
-2.104632598809595061e-04
-1.242813357434868434e-04
-5.271047502291043452e-04
-6.161958072494860524e-05
-8.678606309725379666e-06
2.921522033809759102e-04
2.453611574542356418e-05
2.236731961905244362e-04
1.828945636533589191e-04
1.926344464326081518e-04
1.114581705913300863e-04
1.576346789726447114e-04
2.487766729738232385e-04
8.284802882196196485e-05
1.104664429403708059e-04
2.117456485315078471e-04
2.548904568516284345e-04
2.669132453452245754e-04
3.403088636358986307e-04
2.247820198322310759e-04
2.277201474196159246e-04
3.735835238637550326e-04
2.683208720309896876e-04
-1.760671800725421572e-04
-4.103045513380844606e-04
3.302712505944610310e-05
-1.759110200247311986e-04
-6.669663190271916920e-05
-6.362862372409341862e-05
-1.802743346273206061e-04
-2.089643320595516900e-04
-3.898795983655506696e-04
-6.419245937878854675e-05
2.325302053854009249e-05
-1.552980120896134929e-04
-1.763576228165093633e-04
1.178478998608645863e-04
4.395586100791281617e-05
-5.409513677815932440e-05
-3.019141854667495528e-05
2.910566452419804172e-05
8.058462184291639255e-05
-5.202112388941144077e-05
-5.038071833482195240e-05
-9.464081658185253968e-05
7.792045685042501614e-05
-1.062863594811976222e-04
9.492915075455777521e-05
-1.718333909334021658e-04
-1.786790450992413459e-04
-1.470403661255721901e-04
-2.414325451631617130e-04
-4.248077113950858791e-04
-1.831918352088165514e-04
-1.113528825996496971e-04
9.763533920237516512e-06
-3.950755988572304280e-05
-1.921370455696559524e-04
-4.871968577434357422e-05
-2.261928204726325754e-04
-1.832324381529766523e-04
-1.660317125948448632e-04
-4.508390964058154302e-04
-4.575229713663928944e-04
-2.915724572613725171e-04
-3.600430190690326435e-04
-3.467060098973282476e-04
-4.450923149050255178e-04
-1.229669818924568423e-04
1.524868278906941403e-04
3.731996529166439844e-04
-7.382403927937757830e-05
-9.591625064648423441e-05
1.985035805553089523e-04
-3.567530930132054999e-04
-3.064047024051524092e-04
1.154332861268497431e-04
1.072825669212766171e-05
4.814080157948415286e-06
2.154517769604626500e-04
-1.161027205100428309e-04
-6.005093317972655587e-05
1.398357665444870026e-04
-2.482261509120610508e-04
-3.067105192230927123e-04
-2.528040255879220001e-04
1.784796223480819739e-05
1.473511769280803061e-04
1.447505095245564392e-04
6.478110218941822494e-05
1.640548345555644511e-04
1.455859957442525647e-05
1.672629480464276567e-04
6.670215118047853565e-05
7.930055003460633834e-05
1.095268376913079703e-04
2.600675245929244951e-04
3.654247957866342783e-04
1.319128988096313841e-04
2.261992645623489236e-04
6.663121810337672816e-05
-8.033735302034972843e-05
-7.022857014994938042e-05
2.159148488035710493e-05
-8.635310683071310660e-04
-6.678394894845115582e-04
-3.309388538499792956e-04
-4.616046104423675062e-04
-1.845048832253633100e-04
-1.412627144016576942e-04
-5.426312332127640036e-04
-3.674373345749765282e-04
-4.229053362070612728e-04
4.211746272310978173e-03
6.561089906513889979e-03
9.350924048165414407e-03
7.044143477461622645e-04
2.386273554753281893e-03
7.507282558639059161e-03
-9.418522505567031734e-04
-2.892949225254042977e-03
1.760112429664015829e-03
1.631766059767545199e-02
2.143806757873192859e-03
-2.927991950164503081e-03
7.898452951777715919e-03
-7.409232727921170360e-03
-1.171517380719595824e-02
-5.516787320323453085e-03
-4.378424974196651852e-03
-1.170197580466049263e-02
3.207005539672784077e-03
1.025804952449454500e-02
1.310530734411924879e-02
-5.028883186637284237e-03
1.759678844610704923e-03
7.936743483496518439e-03
-1.021808525058763052e-02
-8.477249671066167114e-03
-2.179987488961795949e-03
-2.083200323216612138e-02
-3.436334437364786665e-02
2.110465971782945517e-03
-7.342671115096554083e-03
-3.755976900345436853e-02
-1.939413576515813462e-02
1.651359256335187958e-02
-6.358376650816572294e-03
-1.032065371526954753e-02
-3.004175045347245803e-04
-1.118081374340823900e-03
4.096733693994050567e-03
-1.003037804462469538e-03
-4.582460503536297733e-03
5.702368895967990098e-03
5.078528798910822602e-03
-9.020411783508862705e-03
9.786027762187869390e-05
4.952585573553980151e-03
5.346316418758736283e-03
1.988187566582924441e-03
3.486080716561712218e-03
2.258941026918146952e-03
1.097402285896654801e-03
-1.315114121694237193e-03
-8.892901171681495773e-04
8.079450595994406344e-04
-6.376106396276602119e-03
-1.725138860703872516e-03
1.609254264438311766e-02
-3.196462225315976208e-02
-2.694113105406507891e-02
5.694788206693074655e-04
-3.244886230870574345e-02
-2.623268226294266092e-02
-5.976156462320875856e-03
-9.182416769953941418e-03
-1.249151489430717389e-02
3.582727146485256177e-03
5.892495323497630357e-04
-1.347882689289998763e-02
1.452780269985326283e-03
1.585139713178984611e-02
1.874464217434209864e-02
-3.704277633367026104e-03
-1.745508231404883481e-04
-2.164765265047952688e-03
-2.787232631331659424e-03
4.777049171765757225e-03
2.666179542933750767e-03
-1.956233609582188476e-03
5.401108658407799586e-03
5.457137592447366264e-03
1.155512576595441347e-03
2.969031158835642135e-03
-1.605235898089133004e-03
6.986643124436233733e-04
1.879936862184958431e-03
-3.208649601195520933e-03
-2.243900102401951997e-03
3.304306180928905448e-03
-3.043240242432261339e-03
-7.507973376125595601e-05
1.437244989253470828e-02
2.098559943877240444e-02
2.652596928442839050e-02
2.846884090579893025e-03
8.492214662546786197e-03
1.928172766522760762e-02
-9.161092695917348941e-03
-4.540479428417350249e-03
1.189078193725882915e-02
-8.043071499125567861e-03
-4.286594726907489404e-03
2.569691409892191185e-03
-1.299658162540588864e-02
-1.015753743524516056e-02
4.188987632781400331e-04
-2.376666912727842026e-03
-1.410378149894187883e-03
1.246476964674036667e-03
-1.333867553302951715e-03
1.003298895382192775e-03
1.062329880320822409e-03
-8.788092806119499447e-04
-8.069226101451471445e-04
-1.001956859363505080e-03
-3.903355749572895352e-03
-1.411725478964866859e-03
-2.126022350521102576e-03
6.820328258040245922e-03
8.550443181229305453e-03
1.150514599885655957e-03
-5.648583078213920139e-03
-3.774885710237374081e-03
-6.462648291013090018e-03
-1.779539315570023358e-03
-7.525075870190761455e-03
-8.215407830508921275e-03
-4.539678050452303909e-03
-4.115271495568836174e-03
-4.013705495359865330e-03
-2.383698015015617289e-03
-4.808343970656354417e-03
-5.244528555576108593e-03
1.388788260765299936e-03
2.384730902170566495e-04
-2.846922180767120884e-03
1.302471345472333173e-03
-8.102584201263186153e-03
-1.159965171079014104e-02
1.478230846928603633e-02
4.942292071464054332e-03
-8.389254907759715121e-03
9.806164856948455799e-03
6.947131233337367276e-03
-6.090608323401149569e-03
-4.018349561750339007e-03
-4.590119521764902261e-03
-4.490942011058677782e-03
-3.789288739904512690e-03
-4.701861163130505519e-03
-4.519169277730676094e-03
-3.623318935086656482e-03
-5.007062063182214293e-03
-6.329571757475600455e-03
-1.057634993535871851e-03
2.736701430043604957e-02
2.112699544010110397e-02
7.530102627817367861e-03
3.369935435262484680e-02
2.396881759349730676e-02
7.129423817840071023e-03
2.428555983989005157e-02
1.026723534668264048e-02
1.499721816939444344e-03
2.539550233676418720e-03
3.970527270579915849e-03
3.209247781018700375e-03
3.353584775536926511e-03
6.849418470700063474e-03
-1.119365594868671073e-04
-6.165579032342185378e-04
1.605495508215435633e-03
-7.626338945126753636e-03
-7.513067078569342014e-03
-1.706145627183711447e-02
-7.789215012972314570e-03
-1.165773373650522832e-02
-1.769770187517996293e-02
-3.918926352914726616e-03
-7.295714275479809989e-03
-1.093368888845984606e-02
8.224764039045831532e-03
-2.646015591528544722e-03
-9.524892693209883673e-03
1.764057729956888115e-02
7.841976411275923542e-04
-5.728420755362727788e-03
1.336886866412419217e-02
-1.965468412315733802e-03
-6.254160152670890614e-03
1.126023104182041334e-03
1.221898465555337678e-03
4.650143383197147436e-03
-2.993896603479360898e-03
1.159250567258966920e-03
4.322262821605435054e-03
-1.806286916341727803e-03
1.935059317518137692e-03
4.913864404317094120e-03
-6.657558405101736930e-03
-2.823434546020951209e-03
-5.377491266621344662e-03
-7.272715637420949265e-03
-1.842170744984014327e-03
-1.809265563137626596e-03
-6.012426719412649646e-03
-4.036447887117496948e-03
-8.357462581383385408e-03
-8.386039955916168784e-03
7.417161950843723442e-03
-3.827992182079806207e-03
-4.299294357001061037e-03
1.073200089768595877e-02
2.520697093003379866e-03
-1.337296219611617491e-03
1.724282890675467653e-02
-5.686881008465714642e-04
4.271091037515163365e-04
1.664676907640672606e-03
5.409626235121187988e-03
1.391588561522618794e-03
2.863842069959141035e-03
5.055205486118242997e-03
2.690995112237002957e-03
2.987789592080064040e-03
5.118740244504651864e-03
7.036638768991458409e-04
-3.271456224502944723e-04
-1.381503228043666487e-03
5.307983601077799355e-04
-1.051571470226533335e-03
-2.383805158907804575e-03
1.307560112584998111e-03
1.875261756994540431e-03
6.207571141584631658e-04
1.149003326854790416e-03
-3.551156484492034356e-04
-1.335012400420418615e-04
-1.817239640848418609e-03
-2.265062437949849974e-03
-1.482637271748656537e-03
-4.079541327448695659e-03
-4.404027614882553322e-03
-4.491101978261828262e-03
-2.239350463969895684e-03
-3.782838565328398850e-03
-5.845644147098549154e-03
-5.975237697286338474e-03
-6.418358584132907718e-03
-7.710798754727599472e-03
-5.952500083555971495e-03
-4.396744317702010706e-03
-4.494510860203204845e-03
1.296821643552346697e-03
-1.505178925655165176e-03
-4.064612891105635027e-03
1.384864814292495168e-03
-1.704375834342154988e-03
-3.995669421266613043e-03
2.338708775931176622e-03
-2.212027203573183574e-03
-3.633078850253692194e-03
-2.133954108505286325e-03
-1.751969286202204653e-03
2.238492915235644563e-03
-1.425453977637256009e-03
-9.834740544724354834e-04
5.234806268736246632e-03
2.246042744597483674e-03
-7.297093872871047732e-04
2.817197860608920950e-03
-3.234691067570609306e-03
1.948921146192292373e-03
4.253785842951648098e-03
4.095946107814840871e-04
6.005942060888551370e-03
6.909733529915289101e-03
-5.349717559654085155e-04
7.170419724140744688e-04
3.531117958107031062e-03
-2.190390441987846888e-03
-4.149041090420827090e-03
1.142675522399649044e-03
-6.517432164051456317e-04
2.757836498080140229e-04
2.976779394326732869e-03
2.928624716213236619e-03
4.123299062722317332e-03
4.335132757831315284e-03
-5.643798628334302341e-03
-8.695554609847840283e-04
-2.551958754373402291e-03
-8.035618625381690458e-03
-6.913969824401186050e-03
-9.393773108581505993e-03
-5.722117445906193568e-03
-5.316518869317806220e-03
-5.087312955833645824e-03
-7.692638322714724641e-02
-5.267522710895047172e-02
1.266236865120243249e-02
-4.574880811230740141e-02
-5.102668385970444975e-02
2.681269523108779224e-02
2.103238401037957339e-02
6.495370189075505563e-02
7.903821600606361630e-02
2.333483270362360709e-02
2.209590101311635982e-02
1.590673744650861936e-03
1.520520154181912928e-02
8.601898438635324426e-03
-1.041274058650003796e-02
1.422888444989643501e-02
-1.857662486401183812e-03
-1.314964384675385879e-02
2.433845268292916808e-02
-5.304807328792198254e-03
-1.092359952257376809e-02
1.511449073275854954e-02
-2.226809624002760654e-02
-1.927272490806645686e-02
-1.567102288767793783e-02
-1.543783498032253419e-03
1.453081173857631797e-03
-1.888699830330151444e-02
-2.966514603723575429e-03
-7.198717985825268950e-04
-8.808880222345044989e-03
1.236075604111919538e-02
4.260154256536148598e-03
-7.431876933895986172e-03
9.688782448394380603e-03
-1.546991891648910773e-02
1.365543527691575471e-02
8.740820554167479106e-03
9.024053425631756165e-03
7.595254888663768508e-03
3.278422700647525261e-03
5.293119767292125445e-03
-1.221570211984951242e-03
-2.192434584173286616e-03
-5.207816966305982807e-03
7.566435051234712827e-02
2.758139454176194300e-02
-2.119807833901408978e-02
6.339746313349750584e-02
-1.406545816816949729e-03
-4.941545935235344689e-02
2.235811719096893538e-02
2.840137392081409397e-03
-2.982353487905980288e-02
4.923789282372222770e-02
8.917149211718930490e-02
4.271388429999557063e-02
-2.893000813960924442e-03
-5.992209073560816196e-02
-5.172809249110455788e-03
-4.072727368150672045e-02
-5.553030822974564656e-02
-5.355770320670999451e-02
-6.239451825598779471e-03
-3.149751802985863245e-03
4.291586516570283089e-03
-2.776481010808341116e-03
-7.194760524341688689e-03
1.100201112052907838e-03
-3.808459507982465703e-03
-8.856241011226279394e-03
-8.488420651552988638e-03
1.464322909936785315e-02
7.766331032898679022e-03
1.191883735682231285e-02
1.979773276038446217e-03
4.296508857150604932e-03
1.341765630844050754e-02
3.972127055597101351e-03
9.578146544746092908e-03
2.412930393312720176e-02
-5.914066040691504794e-03
-5.669861431188897953e-03
5.082440048936735441e-03
-9.058622880022111287e-03
-1.099208454177352627e-02
4.417346913894057111e-05
-3.036233804922245337e-03
2.510632195041170769e-03
2.569558621300329759e-03
2.051967666034513679e-02
1.868014139497862006e-02
-8.032837427327649965e-03
1.022877848285040636e-02
1.130280789038197800e-02
-1.365118250451000451e-02
-1.967268509348122502e-02
-1.835407183893550051e-02
-1.691635771581934816e-02
1.030350210667834755e-02
4.020565609449135505e-03
9.767915077202139057e-03
-3.563722195204883578e-03
7.902101935567376959e-03
1.556429298283535170e-02
4.076643511928714284e-03
2.533073427223726803e-02
2.674798690840987994e-02
1.760814153527756609e-02
2.180744809224703304e-02
-5.162295922045455517e-03
8.746092435158493023e-03
2.331701075402940748e-02
-1.031060782976070227e-02
-7.547762215142090735e-04
-5.062146415171952379e-03
-1.432623744903036359e-02
-7.060431314469805056e-03
-2.559838446618428482e-03
-3.893626366339225848e-04
-6.115658630639132440e-03
-3.974125615148468849e-03
-6.387047708029272228e-03
-8.715456832134265905e-03
-1.059077747293983400e-02
-1.577631737116115887e-02
1.477669820003917923e-02
1.311886510739259000e-02
2.144251056480524567e-02
1.077785887890355711e-02
6.306729039727716410e-03
1.977093527707826995e-02
1.497125847961339878e-02
1.183513580137981851e-02
2.030522393454874813e-02
2.691907254232739789e-03
3.826106235713004795e-03
7.359937548150601722e-04
-6.519804815215088931e-04
3.338350579194436464e-04
-2.640291445474073333e-03
-4.875951639363061522e-03
-2.432490919955515671e-03
-3.387303327711819849e-03
1.461884098351319897e-02
-1.347623393950962397e-03
1.282983965148636919e-02
4.515997469747125639e-03
-1.646244169705931085e-02
-2.173791706592517574e-03
1.136199038681554897e-02
-1.725592198653555162e-02
-1.348214200438213259e-02
1.387493585718866176e-02
3.346648751711117642e-02
8.987075036058840560e-03
2.456982684723200624e-02
4.436342871313266739e-02
2.414139288848531420e-02
3.847152535208339403e-03
1.550987494476104879e-02
-3.926365505792978050e-03
5.948628759712925457e-03
-1.494865072913338080e-03
1.139220245815409337e-02
-1.534475693851068169e-03
-1.193022097657552190e-02
-4.711145283534719924e-03
4.266598259461238871e-03
6.544382069681478967e-03
7.192168002385452598e-03
-3.218927762192374392e-02
-1.394442740242883127e-03
6.916768875611876630e-03
-1.402740735517617882e-02
4.978636465476443673e-03
6.996746054387773667e-03
-1.564002429664401381e-02
-4.649607470629163290e-03
-6.862988351883923463e-03
1.389400147793548590e-02
1.162823969352107072e-02
1.117116816272436218e-02
1.430704965414119137e-02
1.355457901536449156e-02
1.133732037573066155e-02
1.068422132028683941e-02
1.084278196533520859e-02
8.373009974421193741e-03
-2.206942183535727780e-03
-2.864507529240894329e-02
-8.297894246825639891e-03
-8.881044472808158341e-03
-3.474685379595675305e-02
-9.770367753872173308e-03
7.690136044439394199e-03
-1.962732410651582202e-02
-1.059359899022365749e-02
-4.904201051550958340e-03
-3.161674625633982549e-02
-4.254233270489566785e-04
-1.284666020758164218e-02
-4.367973267592386438e-02
-5.822703969617046629e-03
1.774887319530300128e-02
-9.418445007643922937e-03
-4.752552251596935291e-03
-8.388643895686824720e-04
7.848934489098883041e-03
1.485633189824205752e-02
-7.873655309541673780e-03
-5.774555604132054938e-03
9.758632860019153922e-04
-4.462897555092485390e-03
-8.875023268493341388e-03
-3.887703276968907610e-03
-1.256297620143734944e-02
-1.827531958705864990e-02
-1.550380588512076385e-02
-1.167975801920934087e-02
-1.702199156710210853e-02
-1.383818857989139138e-02
-4.185294720121463864e-04
-3.652680013235673137e-03
-3.909920259518730179e-03
-9.342215314416656841e-03
-1.405960128687620651e-02
-1.695931408848264793e-02
3.941955411975308493e-03
2.941099682248088289e-03
-2.463411663675517740e-03
1.122386101170928579e-03
1.240958097750701318e-03
-4.199361231776417916e-03
1.974555630074445109e-02
1.788330471260556401e-02
1.548528380634220727e-02
9.644980006873204309e-03
1.022285078608565004e-02
8.221913283129506783e-03
-4.894261027806206567e-03
1.146901320956156918e-03
-4.611114950968555129e-03
-6.120200440626776504e-03
7.333152154438111504e-03
7.050162936722824750e-03
-4.776998051619911652e-03
6.025401994908461713e-03
3.733576782308976449e-03
-4.892822414009751625e-03
2.741833061034624781e-03
-3.932262936148715575e-03
7.257955190950560014e-03
4.899480212314581001e-02
-2.050191858185267460e-03
5.627818769313034514e-02
1.015587489486819289e-01
4.244913002749942099e-02
-4.548740556077052362e-03
4.504529029619856045e-02
-1.676844548608220952e-03
1.090134861241638144e-02
1.150603668889162851e-02
7.468552003573275186e-03
4.385772494633790979e-03
5.736084353504988104e-03
3.500479104619314431e-03
-1.864869747087141358e-02
-1.648668307803769981e-02
-1.608577774756446074e-02
-3.607650810600122621e-03
5.679056757323104436e-03
9.695335329991320097e-03
-1.235099956026365978e-02
-6.794248903302023586e-03
-7.675043892722572397e-03
-2.048482507316028850e-02
-1.774678883001598248e-02
-1.810061633635912798e-02
-6.491473648283349086e-03
-5.719362535928093974e-03
-4.508230032297364659e-03
-3.842620757713970277e-03
-5.879484674098474015e-03
-5.924935042834865960e-03
-2.511522865455055684e-03
-4.180530039081199224e-03
-7.264421253443287263e-03
-9.644565188911907727e-03
1.366540222082136477e-02
2.048456706200898342e-02
-9.072775344718635518e-03
2.305022851991595650e-02
3.236801265344364104e-02
-1.381306913860928277e-02
1.117959432990849739e-02
2.099711459602342581e-02
4.880761824958308867e-04
3.968061793040363570e-03
-3.573946077512186277e-04
4.928264519064329838e-04
3.703177036633882330e-03
-5.529434899292736587e-04
-6.722306524146597377e-04
-1.801521737545668791e-03
-6.237783120199116502e-03
-7.213085791918246413e-03
-1.016362773277722231e-02
-2.613260723856725490e-02
4.230104511877888322e-03
3.825527541373760498e-03
-1.678482469447428391e-02
1.822339639579555193e-03
9.001336497009730653e-03
-4.240937695825135537e-03
-4.077294043372360795e-03
-6.424847876421546471e-03
-8.585149599239722332e-03
1.019272966946461849e-02
-5.572609229467549625e-06
-9.027740906513031550e-04
3.689885323446736795e-03
-5.846200968149131792e-04
5.194725689236446425e-03
4.023906719652000914e-04
-4.202067181343076708e-04
-1.742954573400474789e-03
-2.607600849576534839e-03
-2.647488494844354653e-03
-2.282779368906273556e-03
-3.503388303135347194e-03
-3.001237527074122977e-03
-1.137191750407752933e-03
-4.630570578789568008e-03
-5.240376149274954959e-03
-8.789592192416137428e-03
-4.367855562440415770e-03
1.216134091422184284e-03
-8.386038373963806275e-03
1.963649489956469096e-03
5.830611215620659649e-03
-9.486893706018149908e-03
2.141069104337970774e-03
8.637428315248007332e-03
-7.209085818573151595e-03
1.229772258993550721e-02
1.977683671563275000e-02
3.186111005633787858e-03
7.949098719626675885e-03
1.319831408744236677e-02
4.730285291803166571e-03
-1.698503503238890959e-03
1.655712171901394100e-03
5.091882233755718606e-03
2.794658773977885466e-04
2.138432021401391516e-03
6.520284711503777225e-03
6.467569916882198906e-04
7.752990948166909755e-04
2.538010298953505012e-03
-2.285579026025822812e-03
-2.895478620896232373e-03
-1.723151602074374537e-03
-5.568170861637608375e-04
-1.111640114286148147e-03
-9.428783857028383416e-04
2.731456091857505271e-03
2.997355894765349645e-03
2.157178770029928594e-04
-3.265221409446767732e-03
-6.133350282072059373e-03
-1.027334284232787019e-02
-5.967696221524752299e-03
-8.494052939033616689e-03
-1.209103661198640024e-02
-8.001522640781287901e-03
-9.626267487777359286e-03
-1.489299362357413524e-02
1.305995349948728054e-02
1.173816216864835039e-02
3.639732577523443688e-03
1.247280641626938302e-02
1.047010160528098234e-02
4.361857455120015300e-06
6.868166367362271880e-03
6.278511890014723019e-03
6.471347334971119542e-05
-3.723454807945630711e-04
1.967896335209036972e-03
1.867534336096575388e-03
1.955403829294582313e-03
5.279580844022008397e-03
4.253964936481010629e-03
2.912991704748871431e-03
5.832204535248627225e-03
4.109303325206484919e-03
-4.184118945225764538e-03
-1.866292936309692213e-05
-1.119684294122986513e-03
-3.920293236880140544e-03
4.619034064651893375e-03
1.438087174675099908e-03
-4.320125912922271813e-03
1.190493456356825092e-03
-1.174329437159535349e-03
-1.415562359513607236e-03
3.689501815117679495e-03
6.763615882960359940e-03
9.085669422760254098e-05
5.550568385143051647e-03
9.329548761013262831e-03
-3.915255521492469947e-04
3.493429939666973291e-03
5.781637479904631720e-03
-4.255119861624132309e-04
4.377952067646882946e-03
8.853336788479751820e-03
-3.059528477219276626e-04
4.373589428816702408e-03
1.035890271682679033e-02
-1.155034220671272149e-03
3.913357664755378468e-03
1.294836809207101230e-02
-4.900719130890962560e-03
-3.354197334533346071e-03
-2.000553649589829376e-03
-1.765216137085739469e-03
-6.991233351115032791e-04
1.818791948399939903e-03
2.012043934182397055e-03
1.575538644354152742e-03
4.210451536521992236e-03
-7.770113254363907040e-03
-1.727608118910006763e-02
-9.118921754590923051e-03
-8.086924820385008733e-03
-2.227118567562553705e-02
-1.529019666369590101e-02
-5.928676497740705551e-04
-3.586873555743208368e-03
-3.852703676417477442e-03
9.325351450664877764e-03
2.328183615294927150e-02
2.193475772913796792e-02
1.455479757814420912e-02
2.249266540308447054e-02
1.799595269135817119e-02
8.836340791767370237e-03
7.396900198982367565e-03
2.418777957431256665e-03
2.408009785772232889e-02
3.662685431682691489e-03
1.283877638853606583e-02
1.042930944556240240e-02
-5.205805833377214441e-03
1.365420387248493907e-03
-3.804277871094638918e-04
7.116340154164476836e-03
1.655201585093574526e-02
-1.760123505383065154e-02
-1.377094455594584689e-02
5.414199050481591745e-03
-2.237856566108111650e-02
-6.111895356132026648e-03
1.470241443130113415e-02
-9.876755797764704206e-03
8.758817896115420054e-03
1.121660537881306180e-02
4.689974679591408721e-03
7.473218892481868145e-03
8.091016113078547747e-03
5.291960281269994341e-03
7.459787319679329724e-03
7.410479914966057978e-03
4.156021962216020597e-03
5.652784210889408474e-03
6.385672575789032128e-03
1.140065002767818268e-02
2.124141134286792153e-03
-9.839332062446626975e-03
1.048971329633458481e-02
-1.926844363241325686e-02
-1.748453883601064004e-02
1.335933133607061698e-03
-1.535394950319726205e-02
-1.191123196718301205e-02
1.104806176997630372e-03
-1.780546052456300973e-02
-3.858620555908450021e-03
-7.839893003130909283e-03
-3.846082379503114324e-02
-5.028511794769883851e-03
-4.682579998137160679e-03
-2.902336811143091215e-03
5.809193010206110085e-03
-8.524737831100097710e-03
-6.273190838637084793e-03
-1.918233909493373066e-03
-4.844549044355600867e-03
-6.432324292786292287e-03
-3.329716049967942036e-03
-1.987934028464687867e-03
-4.066274418300158330e-03
-6.653537226399846086e-03
6.728888565344326618e-03
4.442509095473050774e-04
6.961285288239980060e-04
5.789227256846883260e-03
2.518908001631016760e-03
4.234177132057664709e-03
4.176579607703307523e-03
4.421887927641624319e-03
6.622639958210954636e-03
-8.855860981255569975e-04
4.205630417467407130e-03
5.447020818832359022e-03
-5.268482876607491787e-04
2.462163718477747201e-03
4.984124649341155865e-03
1.774698140081821694e-03
3.769337859432371398e-03
7.430887602348074800e-03
-8.893438985123697932e-03
-7.080841145873790522e-03
2.918963330990273497e-03
-7.228763360013609231e-03
-5.847911693882550284e-03
3.679852798917109067e-03
-4.236543112511302958e-03
-5.523376491410770129e-04
8.730274130776852562e-03
2.854326623443328992e-03
2.492789428645446857e-03
3.962992304638047678e-03
-2.225027094381798465e-03
-4.188596674021194920e-03
-2.119629459794366254e-03
-4.374180378538579037e-03
-6.333451310403926879e-03
-3.397682008944280605e-03
1.511869450168089758e-03
3.008106051443732581e-02
1.962050261286915273e-02
1.500001888224443240e-02
4.031349379761866442e-02
2.078026271843706752e-02
7.089303456440591844e-03
-4.602321784973508433e-03
-9.099106639933508128e-03
1.269907101647605721e-03
2.645151400909506213e-03
2.896617985246521289e-03
-1.086305430386646110e-03
1.540258720091090567e-03
4.359852460087145463e-04
-3.713091999815072274e-03
-1.862476718194910289e-03
-1.565552251259060435e-03
-1.199494239288506972e-02
-4.925379412347527346e-03
1.146258499380961322e-03
-9.274900870622632132e-03
-4.088050785332843218e-03
-5.615643150002747226e-03
-9.394226913489969744e-03
-1.311806621333670535e-02
-1.362574472798338404e-02
-2.310532850573820268e-03
3.536006545692387936e-04
3.106882916325737990e-03
-8.510920939001962284e-04
1.209422133216394874e-03
5.025163725549832913e-03
-5.334824409970792937e-04
-9.869966259972179237e-05
7.059298319556033636e-04
-1.130314170459726340e-02
-1.553180821529986325e-03
-2.885706829954451228e-04
-5.535470055799877540e-03
1.657953958848407822e-02
1.450796148056542750e-02
-1.727361109481604078e-03
9.437896763422798374e-03
1.524510471326604236e-03
-2.559922355545970389e-05
4.654078071714817973e-03
4.461503505675966830e-04
3.925842328368019975e-03
5.301921679906007601e-03
6.048860746498835490e-03
7.248337460272090069e-04
4.669463968297780931e-03
7.857268948874030282e-03
7.574177492280175471e-03
3.330080202917611552e-03
-4.634319057900422763e-03
7.539505446622672170e-03
3.895238201818327761e-03
-6.973093955428509398e-03
2.842630070381448569e-03
-1.764554566107894387e-04
-9.889930128409466989e-03
-5.719662893958381636e-03
-5.001338395558946846e-04
2.533572216371895655e-04
1.399984283098302563e-02
7.430279782855147598e-03
-1.088151658795279055e-03
1.365809370560862671e-02
2.552721346877070887e-03
4.255240867909929991e-04
8.888499105861755135e-04
3.424480996064713494e-03
2.251268536405325385e-03
1.827847816094461172e-03
8.365461333297224272e-03
6.517261002037253066e-03
3.351454650917858914e-03
1.037328990079931616e-02
7.040947961787008200e-03
6.686020176259411564e-03
3.884275113337766982e-04
-9.887804962063365209e-04
2.519801305154013935e-04
8.436394570724408543e-03
7.776340472898233235e-03
-1.936989037439966780e-03
1.576760261856147843e-03
-4.777702546957499248e-03
-4.202647088318784037e-03
-1.213816537375778581e-03
-2.040788586332309505e-03
-4.562635007442228038e-03
1.609759744855500385e-02
8.270990331758237835e-03
3.814116091738887961e-03
6.988016925445809935e-03
-5.771254200301034407e-03
1.700857601838683770e-04
1.140115550494312383e-03
3.612887299495025090e-03
4.831576427502030056e-04
8.600187222539898424e-04
1.812674564380614521e-03
-5.608658938182737533e-04
2.273885160003888840e-03
1.366507158623756586e-03
3.445887182105127327e-03
1.580307067991325873e-03
4.456892834022680404e-03
4.096757765803918025e-03
1.498407696514069505e-03
1.444900374304149138e-03
3.469630762598614271e-04
1.581634647770454195e-04
1.500503689510119284e-04
2.768625616542187999e-04
-8.996046821121889180e-04
-2.080897326211716882e-03
-8.871977051558083886e-05
-1.537231141942610674e-03
1.172508291929834381e-05
-1.565604308678978599e-03
-1.273967272565086802e-03
2.042802605420575464e-03
6.089024434863943638e-03
1.426955942862992476e-03
1.885879155490425250e-03
8.950556591975291840e-03
6.998909164361958278e-03
7.667928136483259660e-03
3.396228209470593482e-03
2.836642320429824931e-03
3.848440942472144879e-03
3.372799925568053733e-03
3.065127517158336510e-03
1.680442251765368626e-03
-5.797494827207222324e-06
2.415653599578632214e-03
-6.070955231248718583e-04
-1.192409806338715593e-03
-3.636433719435962848e-04
-1.022361426513265521e-03
-1.730494102866812463e-03
-5.734370109419802998e-03
-4.984572375108136007e-03
7.833334298967015163e-03
1.039415846367448479e-02
7.294086081947718549e-03
5.083593136910188881e-03
1.156537517766267377e-02
8.739427454717051472e-03
-5.681979581520227784e-04
2.918673773447976339e-03
5.185749873549709045e-03
2.346232791970576537e-03
6.730936876579160684e-03
1.019456947017256115e-02
-4.585875588087015065e-04
5.121046909583097835e-03
5.469225713074471300e-03
-4.342748415201868988e-03
-3.513862049485271758e-03
-2.818830066705442419e-03
-6.527557912260580249e-03
-4.564380279065123266e-03
-1.861719005205095213e-03
-6.898396714672076942e-03
-5.390532364533432916e-03
-3.746818623135227296e-03
-8.142853120655298496e-03
-9.592529700674279694e-03
-4.636687148887181677e-03
-4.868107574376594020e-03
-4.397274596971258512e-03
-5.817510028481730558e-03
-2.950493043508105751e-03
-3.276970290894470113e-03
-5.110289310699794516e-03
-1.040397827442719920e-02
1.805812488974798541e-02
1.708946300123172224e-02
-7.576846022013499458e-03
1.593560418409365603e-02
1.279465151302552721e-02
-9.357205868592738049e-03
-3.541985970072888436e-03
-1.785949472248034731e-03
-2.750075129164054281e-03
5.629084246612387106e-03
5.397918791115861002e-03
3.875502820677801611e-03
9.251743248145894230e-03
9.692016954767214421e-03
-4.996946277483118454e-04
7.338464521434791450e-03
4.086195434309937771e-03
8.060479084486978779e-03
3.130608150744621215e-03
-1.604232982600010959e-02
1.065896568150137905e-02
4.432868210836470209e-03
-1.048111129724947285e-02
3.036324288781001249e-03
-2.775641456633761751e-03
-1.195237555571256396e-02
1.084178245209679869e-02
5.581313515599794703e-03
-1.729250684364683904e-02
2.262038577200026560e-02
4.211804955599337055e-03
-9.886163790136738919e-03
7.704888272461831757e-03
-1.909283780634415950e-03
-2.591403622611493981e-03
4.718861414751794950e-03
8.637404878790649193e-03
5.792201956700695521e-03
6.626241331820770242e-03
9.663496458217554763e-03
6.067517963594317755e-03
3.307534490222163205e-03
6.970647306825493786e-03
2.979740335965323089e-03
-1.242309550518290928e-03
3.005530747887541140e-03
9.300648201343337737e-03
-6.555627786574342621e-03
4.992204032757175530e-03
9.245165942324242575e-03
-6.538443926190358468e-03
-1.466897240195754555e-03
5.807663126784802510e-04
-1.353488558777301079e-02
1.680138338049316088e-02
5.822450729233063539e-03
2.994428710400888656e-03
2.268777867823861330e-02
1.128512631285926576e-02
-4.418590219804403862e-03
8.687902080165317911e-03
9.479553022537588053e-03
-1.018880922885809660e-03
1.248978428681460752e-03
2.083118641805166427e-03
-3.576084592356097106e-03
-1.349265388271413384e-03
5.136422092122770863e-04
-4.862600748241571041e-03
-1.334565382472769832e-03
-1.459833881396683294e-03
1.684282356143752563e-03
-4.937233685141323956e-03
1.214501491385610579e-03
4.717992348216763429e-03
8.334545212704133014e-04
3.552073056131672003e-03
3.458715103240157969e-03
4.247422883613354190e-03
4.206281700985390476e-03
-1.054398407179691320e-02
-9.785354700629652833e-03
-3.860462876793281477e-03
-1.197523216986869608e-02
-1.000575260247039966e-02
-1.891714376707063616e-03
-8.716314148754086485e-03
-1.014971240614732408e-02
-4.338447828212999534e-03
1.360482753680106356e-02
1.173367734430120178e-02
9.693021063398993969e-03
1.154157651169675919e-02
9.806989364523482910e-03
5.098776561240064148e-03
5.348846596002980458e-03
6.812349055314065489e-03
1.839243687873277824e-03
1.626107600856992750e-03
-1.655506791030332981e-03
-1.159303872192336973e-04
3.353835858079873104e-03
2.090573885540469596e-03
1.307933306718363003e-03
1.302254638693804093e-03
1.228558125092667382e-03
1.436479352901350775e-03
1.684692542405504413e-03
8.562730213554432118e-03
7.124766153298884696e-04
6.312487941360346751e-03
1.735653355455384073e-02
7.477610780787246475e-03
-1.384422990306005338e-03
7.385387871504529335e-03
-3.978198885273995233e-03
-8.616436882571517275e-04
9.715085167731875304e-03
9.960087016747014646e-03
-1.432333593388148340e-03
7.112378094482131249e-03
5.470443297030623368e-03
-5.057130531454793326e-03
-3.388161193372220357e-03
-4.954228618017693202e-03
-1.075344487807939654e-02
-9.798650268622118367e-03
-7.838602290973575165e-03
-1.412504419327966117e-02
-1.366995857006127191e-02
-1.080840734002536455e-02
-1.616534069049345088e-02
-1.038518080884339063e-02
-8.763237498823824370e-03
3.231771500718000519e-04
-3.793620017718072604e-04
-2.773341567612078130e-04
2.757948200596600178e-03
1.600354668955264242e-03
1.358874207092617293e-03
1.279153381408560655e-03
5.037023078238192465e-04
8.772916158838666790e-04
-5.972147976834690959e-03
9.489024663161651010e-03
4.421310870229964822e-03
2.595956149333092725e-03
1.711236481217516883e-02
1.241288146393555551e-02
5.896584658455971024e-03
1.531288720986273208e-02
1.328873642994898678e-02
1.002375802501339654e-02
1.053601469004013247e-02
7.195081831861803272e-03
6.388945076705513509e-03
7.989637206272328165e-03
7.174680044201484606e-03
2.314494683998214244e-03
9.361945763027297151e-04
1.679913840420116855e-03
-6.433611898135596814e-03
-4.130453810576034321e-03
-6.217160538813167915e-03
-6.911748082308411499e-03
-8.436304491952864235e-03
-8.863491552743863952e-03
-6.217278102141242206e-03
-1.045132600584528122e-02
-7.875431769148216049e-03
2.347250278757318388e-03
2.692451869002950981e-03
1.371729933455416396e-03
1.218837153778034449e-02
8.299552525758315327e-03
1.349602490719577046e-03
1.056830114583127977e-02
9.598760836578363459e-03
3.446280743576488059e-03
3.479270164923341929e-03
3.034404216871549459e-03
2.780694383028300704e-03
1.758928283225818980e-03
3.798894023764409419e-03
5.301014781600448152e-03
3.127560803720789290e-03
4.559897047211344465e-03
6.856224575402939010e-03
-1.984942759966704974e-03
-6.257145256766538785e-04
-2.633129562235810971e-03
3.353510091317672367e-04
2.196291536547398480e-03
8.900730711962756688e-04
1.441417146967443816e-03
1.023698985780790733e-03
-6.410605702024110494e-04
-3.513222008333516909e-03
3.102679351805878380e-03
-2.890889294865776980e-03
4.222843542793963852e-03
8.140841661409645158e-03
1.844087406457025485e-03
8.241169982719542472e-03
1.122034803690086062e-02
7.951960109727054804e-03
3.648044301575942630e-03
5.644525911479361668e-03
6.643446095031538962e-03
5.306178096108819624e-03
5.297944020042181200e-03
5.207164515398351838e-03
6.019004670620737435e-03
5.642499476293545875e-03
5.547341712730241917e-03
-1.123594811479176935e-03
-1.986414065946177487e-03
-2.208282624562882095e-03
-1.569936411453375785e-03
-1.501447136681337410e-03
-1.709644176014915714e-03
-2.866585444768103910e-03
-8.812518285234639164e-04
-1.174538065980791938e-03
-3.840574402358096738e-03
-5.056718743033837560e-03
-7.598915206830688350e-03
-4.367463708662881229e-03
-4.680148359562642107e-03
-5.863956656124019728e-03
-5.627378195021557651e-03
-4.366860662649836231e-03
-5.516490903899624182e-03
1.748990374660356738e-03
-8.417981885110544698e-05
-3.125133018847819780e-04
1.284784293375214499e-03
-8.120554094044374381e-05
1.090757256693723276e-03
2.013288151268531351e-03
1.463433508144797602e-03
1.974789225771077412e-03
-7.702772656671505892e-04
-1.885158238695672879e-03
-1.223550588903159209e-03
-1.783934913155141386e-03
-2.131056518701933931e-03
-1.891243858871054489e-03
-2.245591058855031866e-03
-2.299736678981697830e-03
-2.875619248624140204e-03
9.029129181522021694e-03
1.038856910409223164e-02
1.006160580196704436e-02
5.634661735364523624e-03
5.197658786713504203e-03
6.626211645439122194e-03
3.372986601726068838e-03
2.179018084903013724e-04
-1.046073404367615142e-03
-5.186309003866805371e-04
2.437059932375547095e-03
5.038608233064599713e-03
3.532594141821885844e-03
5.331157610325821562e-03
7.346410164945133339e-03
2.385319067338783749e-03
4.747591636445714497e-03
6.630220684933301085e-03
1.950748732386215455e-03
3.677338742808986677e-03
6.028903762858289078e-03
2.812791957453490439e-03
3.394445902166887911e-03
4.953334146642116194e-03
5.447128726059733902e-03
5.126087978387892929e-03
4.460017249499076061e-03
