-5.714508045422556429e-03
-2.561299863124829809e-03
-1.115198383509047146e-02
1.599070587397103532e-02
1.038989370738823900e-02
-4.530167872052509939e-03
-1.410180116005664520e-03
1.184831368858391826e-02
1.140315480525455095e-02
-2.042543022540011660e-02
-1.798354702916736200e-02
-3.302912996625221448e-03
2.144733128882967549e-02
4.656615629835015972e-03
-1.403862011898347924e-02
-1.793561349316342068e-03
2.334605232754521573e-02
3.334689521208946544e-02
6.630133567555656846e-03
1.430112716527364401e-02
1.256825381668777615e-02
-2.775681680639576279e-03
6.472683986012275209e-03
1.390013933015126109e-02
-9.856836103371732077e-03
-1.075339388346738777e-02
-7.168918855047912500e-03
-1.351872587830316337e-02
3.041722459054262660e-03
-3.623888406842339354e-03
-1.224081084406040097e-02
8.267089679928153745e-03
-3.709622826499019816e-04
-1.510391218584401611e-02
2.879282831957022740e-02
2.013581554573362978e-02
-9.229488755457952373e-03
3.128461197134157004e-03
9.170059859046592043e-03
-1.844135142953299807e-03
-1.798948398874434390e-02
-1.261049518064665496e-02
3.700350722992423562e-03
4.615800411827948244e-03
1.433684114902397146e-02
-6.477568014430831050e-03
-4.757608414852830016e-03
-3.108984039330296798e-03
1.768786092916692625e-03
-1.477642353103638924e-03
-1.421171593345617800e-03
4.455565941145015960e-03
3.724802239261830548e-03
1.082148101831410109e-02
-3.965874861806290702e-03
2.612557682766475896e-03
-2.458029261168268465e-03
4.796073327782297488e-03
1.289406481497382432e-03
-4.604133872533771633e-03
4.872820769691393016e-03
1.015895580582201231e-02
6.336430418949354909e-03
-3.387244714769766657e-02
-1.432000855849277499e-02
-2.861982731716974666e-03
1.153586757238392844e-02
-2.526637776219411644e-02
-1.870309653153366322e-02
1.193465749128660991e-02
4.487179561350104762e-02
1.019100607871608125e-02
4.253357131775699872e-03
-7.906266651997394777e-04
-1.999166844269422739e-03
5.226293965783469601e-03
4.590859837651460433e-03
-3.296121866470307343e-03
1.007030014002736548e-02
6.476784521943102640e-03
-3.598453086034436024e-04
6.556130676559021771e-03
9.235900292552804910e-03
5.324946271702077176e-03
-5.757368273634669298e-03
-2.920007547531514557e-03
-2.218574218768715450e-03
-7.532948427261234453e-03
-6.325985059145402233e-03
-5.330792728846484030e-03
-1.461218230218133511e-02
-4.882472121486877530e-03
-4.036056826292361462e-03
-2.040529903668350867e-02
7.017126623661250513e-03
-5.758905953060530596e-03
-8.452454176546435327e-03
-1.482238152822638703e-02
-1.386653724221328932e-02
-1.744301651000387116e-02
5.683679986332226472e-03
-5.181219272335412830e-03
1.169486465933156430e-02
-1.434299790022292541e-02
-6.219163400312939689e-03
9.031346349673462920e-03
5.859141275814079911e-03
4.073196094066573389e-03
8.297638474369392267e-03
5.672533534350585917e-03
6.732663859613747213e-03
3.597027629624968085e-03
-2.715444812987294256e-03
-6.642685479218804782e-04
4.337983284500893447e-03
-7.208140368313714630e-03
-1.174875946128009670e-02
-1.900432482811946835e-02
-6.744980292566610941e-03
-1.350898954041384985e-02
-2.467786199135092381e-02
-1.831981183415106948e-02
-1.618935871347525202e-02
5.246965238540575449e-03
1.252866891460698365e-02
2.055220086138493410e-05
1.402205558803829369e-02
1.528056172916919531e-02
1.166364321633430595e-02
1.238430977729697291e-02
8.068942447347262487e-03
4.361543739676994845e-03
8.166573368669655456e-03
-6.798897849412475179e-03
-2.232518488808846874e-02
-5.828937597315732647e-03
2.063897804145047726e-03
9.419184612306524156e-05
8.600777665174441340e-04
2.707288044221206526e-03
-2.158034124870907532e-03
-7.713907782618473381e-03
4.920825845713466470e-03
4.721876503001571669e-03
-1.980167217307525485e-02
-1.964506326543564996e-02
-2.385470080649081115e-02
-9.992345011553643158e-03
9.926863108711726433e-03
-2.094883560420386301e-02
-1.863014751644808190e-02
4.230096094385633020e-03
-1.258723407808183710e-03
1.310739260134545330e-02
-1.285480642223610359e-02
-4.124446273034318433e-02
3.352396353196891721e-02
3.205706682271699387e-02
4.310195933533665473e-03
-1.387091357014373291e-02
2.367610146112300584e-02
3.167195432784820908e-02
9.242981633087626533e-03
1.587024669697360097e-03
1.397836237984420582e-02
-5.558724713727867736e-03
-1.422700421184340015e-02
-4.068222572667296207e-03
7.567146220646242018e-03
-6.895808542280930029e-03
-6.134942999906300987e-03
1.727406892186673839e-03
-7.696304912845346353e-03
-9.237991929505673036e-03
1.087258115937472444e-02
1.356371400082060849e-02
2.413603669058855469e-03
-7.134345581987939014e-03
4.612807175806174324e-03
1.308089646584658164e-02
-1.353736390777000170e-02
-2.048464520702280439e-02
-1.136238711373994958e-02
-2.064278780057059864e-03
-1.487617082103134640e-02
-4.754749386256446747e-02
1.466358297824639847e-02
2.789014429576566409e-02
6.695972991565779693e-03
-1.113427985881279905e-02
-7.073000307473012623e-03
-5.455715906716492557e-03
-5.857423675776476935e-03
-5.480196031905668758e-03
-7.818501367605326657e-03
1.641970618742753839e-03
9.441206633448134822e-03
-3.780510542534650832e-03
1.478390586212401971e-02
-3.275351875795474901e-03
-2.272899576700008334e-02
1.916084127290404102e-02
2.070234213348310856e-02
-1.087126485572917182e-02
1.474482149210825386e-03
2.721970256860434950e-02
1.186085785303329053e-02
-4.952089244475738061e-03
-1.997950047196454804e-02
6.373385400263610959e-03
3.725666438880810907e-03
1.774187194803121884e-02
-3.218299360514403212e-02
-2.381465923391527448e-02
1.690996324001290199e-02
9.114387894569973489e-03
-4.687039495373590721e-03
-1.335122103758675481e-02
5.185940915768479272e-03
-8.585806709384573299e-03
-1.892430655202720358e-02
-1.642913769520905343e-02
1.507397546895029861e-02
6.107056578732160748e-03
4.370740616798477439e-03
1.871993719997814068e-02
1.548500689536536253e-02
3.726300450463373298e-03
-3.164077258373366921e-03
7.226211566377880972e-03
6.659831929345781491e-03
-2.396807346299906563e-02
-1.090758618909624771e-02
6.064802270904281860e-03
9.139601234517917908e-03
2.723390567710099602e-02
3.392102004121275161e-02
-1.570135749300571523e-02
-6.791987494251775122e-03
1.257700149864741587e-02
6.181617373707477651e-03
-1.841535102183450637e-02
9.598077841011272773e-03
1.581114514369099614e-03
-8.432349244049652240e-04
-7.161755923996843999e-03
2.429537068305641367e-02
2.164996065758472560e-02
-2.368260251188339383e-02
8.145198564577528152e-03
4.196237305721881722e-02
8.946369420659594854e-03
3.786820633185875896e-03
3.516667325040462658e-03
-8.934381449429242006e-03
2.250867824331842949e-03
8.746591518279283814e-03
-3.871429412823421297e-03
-1.179141623019192703e-02
1.812185133908514063e-03
1.518414023582600331e-02
-1.508872383461399430e-02
-2.035857670577261979e-03
3.772662442350125517e-02
-8.573915539316476556e-03
-3.275265763595305163e-02
-3.759842413486889044e-03
3.668212787269798519e-02
7.373019776691591655e-04
-4.206170834419310084e-02
1.425277133610791842e-02
1.455252105915971761e-02
1.591432365298806398e-02
-6.841298798969172720e-04
1.933639606558800817e-03
1.958103998556592548e-02
-2.257163623000055935e-02
-1.489799912281779964e-02
2.971695397151865974e-03
-2.068308398662501921e-02
-1.702199557273608495e-03
2.519827211442543166e-02
-2.426716743624203823e-02
-2.225873187754204632e-02
5.797190653821904412e-03
1.210690575016600034e-03
-8.421697993583443509e-03
-9.755032638659930783e-03
1.036667751092200558e-02
-1.922962919742354174e-03
-1.050317541581554173e-02
6.422849458146419679e-03
3.923647350584942746e-03
3.437580886202948240e-03
-1.069369098528798190e-02
-1.036213448178103375e-02
1.770179335819710778e-04
-1.252629718309026044e-02
-1.651557881822531340e-02
-7.112712897301817251e-03
-6.535377093932430610e-03
-1.263052366560056712e-02
-1.384172861827850584e-02
-1.016552910531654842e-03
-9.233425296717556741e-03
-1.618708067520757167e-03
1.514774145218017974e-02
9.155212993548631634e-03
4.478280947665987631e-03
1.079596542742173801e-02
5.854354899298377934e-03
6.263449303585108367e-03
-7.849933824563769605e-03
-1.038313903662165145e-02
-2.064782159680678218e-03
-5.256220277811077778e-03
3.055240278306015252e-03
3.381412043627215862e-03
-7.895283891591057396e-03
-7.242416573367833899e-03
-8.558242660760008100e-03
-7.071686795093778781e-03
-8.194327393808306659e-03
-1.897937570611602995e-02
-1.274137487058195350e-02
-8.091130371276511468e-03
9.393974600860211660e-04
-7.318808300632073487e-03
-5.152024073535431924e-03
1.896002092688200361e-03
1.005660432066699927e-03
-4.722113771100979081e-03
-1.055401101908328559e-02
-4.704248706891162209e-03
-6.635648514388538775e-03
-2.663601664484501960e-03
-3.070618386660250044e-03
-8.468542226025943531e-03
-4.962114845121227448e-03
-3.971184955369487513e-03
-5.307181910995749548e-03
-5.556587482338555149e-04
1.000153817516729812e-02
4.663466642078734591e-03
5.726379670491406511e-03
-4.033427948243273851e-03
-9.631805346547178334e-03
-7.505946423603866713e-03
-2.630566557738128666e-03
-5.758198601478850195e-03
-4.204333185005371468e-03
-5.784200747162869527e-03
-8.549207066202499719e-03
-2.705776916273883170e-03
-4.210731985263969262e-04
-1.108206614886841045e-02
-1.300964649939674068e-02
-1.868327268630347055e-03
7.321607614002504218e-05
-6.821006691223527318e-03
3.641056445869938780e-03
2.289707390116652291e-03
1.925375085770437847e-03
7.463187604129330362e-03
5.575646725299213992e-03
1.738594608271320022e-03
4.316904167836732565e-04
-3.795975292307088625e-04
-2.679193143817188913e-03
-2.756557138838911913e-03
-1.197330792706086675e-03
-1.972113810978897428e-04
-3.668111083693879025e-03
-4.597049911011521182e-03
-2.256254469610774818e-03
-4.534996998166446864e-04
-6.407230935433201255e-03
-2.619781424672642817e-03
-1.087826451590505859e-02
-8.782929158961146412e-03
1.532308995518186570e-03
-6.426726107336494520e-03
-9.819884941465132494e-03
-8.741754641645598650e-03
9.473195272758716881e-04
-1.266934760851067855e-02
-1.443693013282853349e-02
4.295229221826095053e-03
2.005428020939655897e-03
-1.438256905613512953e-03
2.407603719211923437e-03
-1.418876118152276149e-02
-1.378840916461514417e-02
3.318429821887511951e-03
2.511025370014545541e-03
-4.231947452593900517e-03
-5.960349811864785671e-03
-5.605534577764873828e-03
-3.649943754714101655e-03
1.086593583984262921e-03
-1.656734683584765166e-03
3.706896984719414406e-03
-1.055204112231193474e-02
-1.641472383008405270e-02
-7.397594596317925986e-03
3.026598491651452325e-03
8.810246855122985318e-03
9.893292321702674627e-03
-1.484483359321855239e-02
-1.298999540752435351e-02
-9.601875699766152308e-03
-2.055521160487351617e-02
-1.828583980176327894e-02
-1.663083537695587283e-02
3.300962903524086011e-03
1.524827036702508304e-03
-6.366371104727474098e-03
1.026976904482003808e-02
2.907897977819321172e-03
-2.911685992006218717e-03
9.747298696600096776e-03
9.109494153150458559e-03
9.488173294354081827e-03
-8.637381426151927513e-03
-1.381638288919466093e-02
-1.321213284067060227e-02
5.709984394604355681e-03
-3.287963577503306978e-03
-9.483285429762792346e-03
1.607869624059199420e-02
1.105767923054886900e-02
7.023714037731589033e-03
-5.721500895924779700e-03
-2.204916623395722104e-03
6.192630023929172195e-03
-1.188131897440152657e-02
2.741820511948897619e-03
7.990304207217390972e-03
-3.138471145119350013e-03
7.728386618751217701e-05
1.481060459552207415e-02
1.556363974740439249e-02
1.388316188194012833e-02
-1.530071789766276197e-02
-1.059305445386327614e-02
1.232000692960185523e-02
-1.903683204623307992e-02
-2.686004274556834381e-03
1.610917024543493227e-03
-6.279631928290057598e-03
4.404395691783503930e-03
6.042156656068208356e-03
-2.622283102847721217e-03
-2.298773007852227598e-03
2.704794766074884466e-03
-2.099144097653191359e-03
-4.278144634739053202e-03
-4.287056698186300467e-03
-1.538467741783942878e-04
1.419278981880284229e-02
-1.340567635875419480e-02
4.833143867306296908e-03
1.037284161870067299e-02
-1.746323810264597057e-02
-1.082110421421626778e-02
3.991642054255306084e-03
-1.345319159060512013e-02
-9.949750081803179075e-03
1.678054528210071519e-02
-2.894773447501610645e-03
-3.096714668007099699e-02
4.139258014562698790e-02
1.781975956142161418e-03
-5.020712936212222421e-02
2.715406955265257938e-02
5.194588306011051334e-04
-4.116704590357336130e-02
-6.149371405474149746e-03
-4.475411047173709703e-03
-2.374803626640101337e-03
-9.340913226766800817e-03
2.432129277435167609e-03
-3.107485101325018796e-03
-1.159043082948202179e-02
6.529832076834242698e-04
-7.779190153330200162e-03
5.330169211484147088e-03
-1.130203321155629978e-02
7.825889480507967552e-03
-4.688993914297378066e-03
-1.069972533510270014e-03
7.078346372873622720e-03
-1.085476320105044183e-02
5.255959373185191234e-03
-1.340872243018021944e-04
-1.153168692209528834e-02
-1.978651692924030675e-02
-3.769008135152946467e-03
-2.304263106055916277e-02
1.488878538840027882e-02
-1.047046390612261201e-02
-2.182062996253248885e-02
9.322162577944942061e-03
-3.171181588998702155e-03
4.754286567979909561e-03
4.060765547328426539e-03
3.408628694790081723e-03
2.665966983191138395e-03
7.375278111961385561e-04
-1.983763643995746419e-03
5.097299816396018510e-04
-4.416058949735607482e-03
-6.259417649317630672e-03
-1.548254296079724056e-02
-8.708668019542780293e-04
2.936018524659922586e-03
-1.990253599269403012e-02
9.544959042956953745e-04
6.802057247348187313e-03
-1.127706136641915338e-02
5.844858594808042748e-03
9.243868095111023794e-03
-3.972495436632739879e-03
-1.823389724613138155e-02
-7.316901802098122951e-03
-1.335581563142055825e-02
-2.404943141169601367e-02
2.365129225949279615e-02
-1.471598075265281684e-02
-1.847034982086873459e-02
1.878826790639393299e-02
1.644627632762964142e-02
1.774897988223689618e-02
-7.960408870034215226e-03
1.472722376746232048e-02
3.573457416815711829e-02
-2.509109053718164284e-02
1.152735031603685381e-03
3.653862026197005758e-02
-1.145669866608154536e-02
4.886380162090757547e-03
1.397216575375538443e-02
6.134174335943678308e-03
-3.188208452275841445e-03
6.085778467841209370e-03
-4.029991417514607976e-04
1.021313283677067335e-03
8.951032471977178953e-03
1.024855442761192156e-02
-1.050586142746873404e-02
-2.052690484172500426e-02
-6.239631807358487180e-03
6.232397029239840347e-03
-1.266094262210654825e-02
3.364447344072885211e-03
6.357024061115123560e-03
-1.221889866232165299e-02
-1.213984276405461089e-02
1.313228581498250558e-02
1.259669294573844724e-02
1.013531308631939083e-02
4.205967798179678294e-03
1.541918487998272108e-02
2.319328971232092335e-02
9.531353120689539313e-03
1.872617475436594292e-02
2.926651701389825638e-02
6.269229809459293291e-03
-4.248921194951797882e-03
1.058496915196783898e-02
6.618211882973684332e-03
-6.557439992593163888e-03
7.137284372572134418e-03
-9.281560924481931443e-03
-1.157929843192672531e-02
-3.999469966187945043e-03
8.149962380101329062e-03
2.661793151422226292e-03
6.816385697873002768e-03
3.196512185498704816e-03
-3.272803659046408069e-03
6.617307082885057548e-03
2.193379053185907576e-03
4.800633435527713183e-03
1.261748575830680570e-02
1.497361062112620954e-02
6.935009502538737141e-05
-1.038359928191163670e-02
-3.086804606729510233e-03
-2.780939749165729433e-02
-1.847660456929258246e-02
-5.346357395246258831e-04
4.847062189615144838e-03
2.683037898205021046e-02
-2.136496832840983125e-03
-6.642339800085309345e-03
-5.837269058320787400e-03
9.451066549934902458e-03
4.836962532033843402e-03
-1.282230458874662749e-03
-1.092439263685948160e-02
-2.003603929673246353e-02
-2.142463828914092580e-02
-3.883326144045821590e-03
2.592837316245371650e-03
-2.131401570658412667e-03
1.173418876045433101e-03
4.204277823898483479e-03
1.508835605219668798e-04
2.142233571247561304e-03
-4.960382186647984554e-03
-1.593240261734967574e-03
-1.011179246939939401e-02
-1.616960201165298580e-02
-1.314981505778245463e-02
-7.051049167137537522e-03
-1.289282679419728218e-02
4.264633457962727948e-03
-9.478124607388548409e-03
5.154583666095177187e-03
1.329759968236390692e-02
-6.706828481996112909e-03
-4.072159374620559075e-03
4.657620398845241133e-04
-1.747102916036108672e-03
-4.333399832804570029e-03
-1.381488202967011414e-03
-7.030747858646133747e-03
-5.566305545195295718e-03
-2.577716032574184097e-03
6.780928180722064352e-03
1.053018378499088678e-02
-4.613225948061309457e-03
9.731566748373795747e-03
4.043705708451180401e-03
-2.984694603743762858e-03
-3.284326123564456582e-03
-1.450188065795649482e-02
2.647814038498240907e-04
-9.429399767120367213e-04
-3.356938883184795979e-03
-1.473369356821644348e-02
9.435961647010462222e-03
-3.840041720656986457e-02
-8.746064553762028862e-03
-2.800149574503636978e-03
-1.665429439970097375e-02
3.285445577615699053e-02
1.156820698066166574e-02
6.698071891112678325e-03
1.207617393727089712e-02
1.329153015208828573e-02
3.324344287866176986e-03
4.613921357121303010e-03
6.500856663334821268e-03
-4.060729940381202496e-03
-6.923731358403766543e-03
5.377807656322821685e-03
-2.881949924089260810e-03
-1.274033672284522085e-02
1.639760191676931577e-03
-4.713208617464863942e-03
-5.755560811801775818e-03
-9.848370744797201731e-03
-1.186417925800867766e-02
-4.760522240947300844e-03
-1.377512394835683079e-02
-8.000478793918639267e-03
-2.116651326354568319e-02
-2.962605166756095837e-02
1.258012606557376567e-02
-2.632580562165374657e-02
-8.060426145596993538e-03
-1.579660529960903725e-02
-1.255068167329691578e-02
-7.098931326160354965e-03
1.410472698052184920e-03
-5.365226624680117379e-03
8.463243543486919165e-03
-1.146993269951549627e-02
1.341110651263086387e-02
-1.751269343517548567e-03
1.913718445285447203e-03
5.576030145490242299e-03
-9.714667381003879235e-04
-1.621579262677120409e-02
-1.458161996962364579e-02
-1.085333728446283286e-02
-1.913338288332651002e-02
-1.481488180329392683e-03
-1.298660193326064277e-02
-8.894293003859105040e-03
1.254435267817424413e-02
-5.422393421865925184e-03
-2.051582982358423051e-03
-3.550594080181526582e-03
-5.960918506995420418e-03
2.792367792586965703e-03
-7.079205970905972679e-03
-1.767788553934669356e-03
-5.510114329652985449e-03
-8.965227509614660459e-03
1.160155416311854475e-02
4.979100435048150475e-03
5.032005147372933286e-03
1.845421857897466475e-02
9.826067585425096382e-03
1.016684027791172826e-02
5.562141590279402227e-03
-2.166469349665060655e-03
-1.092110798806611438e-03
3.417095784793228435e-03
-5.488295329521982423e-04
9.048685250793267118e-03
1.897432428706444371e-03
-5.510079095593946145e-03
9.631035323954231959e-04
3.115622976317018733e-03
-1.198939244985621410e-03
-2.769780133641650162e-04
1.054448312871469114e-03
8.081551222195584167e-03
1.654840411864295924e-02
-3.890781141010555503e-03
5.735213470845213803e-03
1.168085704698425091e-02
-4.069564046649783336e-03
3.929822886845774250e-03
6.855865785232977648e-03
-2.098565939225191870e-02
-2.389916558209632773e-03
-2.172791889881548096e-03
6.073932094024781653e-03
1.847402681977953001e-02
3.243939800673382133e-03
-1.695744303112060869e-02
-1.988533256769980506e-03
4.165111546292963977e-03
1.041546625106765274e-02
1.527039492150621472e-02
2.423159402898794959e-02
5.725453993595927028e-03
1.209206217429191488e-02
1.596169786119647563e-02
-1.589602238412505392e-02
-1.671119396410656113e-02
-4.154153217013400144e-03
-3.225209316399284959e-03
5.710278659535101935e-03
2.144408480548881061e-03
-1.014256155086672509e-02
5.494316952814466172e-03
7.737539361154632117e-03
-7.119303247351355980e-03
6.844840790891855951e-03
2.263230879429846062e-02
1.462152725106052528e-02
2.035320619469711823e-03
7.478202999333992060e-03
1.880291162697210472e-02
-3.266691610986901216e-03
6.790911473851458241e-03
-1.302805882276144266e-02
-1.842700956653178790e-02
-8.295238643147085852e-03
-7.033253200890569531e-03
7.270325990042773466e-04
-3.024821175558039914e-03
7.139754553502224849e-03
8.390016537019661519e-03
6.617988379162732457e-03
-4.221905702429585606e-03
-1.236732013517902531e-02
-5.641701733537486663e-03
-6.242879904730989568e-03
-5.413547834359570474e-03
1.362425070313958916e-02
-1.884024182328923049e-04
8.017665789954542092e-04
2.157114969176503541e-02
-1.450504164643567093e-04
-1.883111974076520537e-04
1.825719686857610324e-02
-1.225032598964094152e-02
-3.173826061158355888e-02
-1.521535707799856474e-02
-8.207143402123910636e-03
-1.931816316999624208e-02
-8.759681977036831713e-03
-8.879491242644414750e-03
-9.309944028025074784e-04
-6.770109896357964265e-03
3.214494946074008663e-03
6.582726078699937741e-03
-9.024369449026492171e-03
2.084891927929580571e-03
2.252640566869004192e-03
4.902706097229975754e-04
2.906492769579269988e-04
-2.552951801441803465e-03
6.337724303796871649e-03
-1.263364785544587691e-02
-6.033234432823564482e-03
2.747650870626896342e-04
-5.592715862620606729e-03
1.627610531912142191e-03
1.090350805753953272e-03
-1.311556750716385590e-02
-6.410337103844944255e-03
-1.192894060220304857e-02
-1.952687916787992917e-02
-1.921164615029577992e-03
-2.796632425100940844e-02
-1.896117895942269968e-02
-2.520139002353581105e-03
-2.155702852896539817e-02
-2.581721372539924619e-02
-1.969327084508671818e-02
-2.271322451194148287e-02
3.398765489370435267e-02
9.417092687193685807e-03
1.058087553785891366e-02
3.612418538647511890e-02
8.152523773966465631e-03
8.247714447668643215e-03
1.566546854273103556e-02
-1.516535412525522354e-02
-8.977463623951185620e-03
6.150885157277284979e-03
9.697493130179472842e-03
2.330182265029559496e-02
3.766669820711041929e-03
4.113740760775779458e-03
1.304958828041147267e-02
9.984734015980507166e-03
-2.584249529095041485e-03
-2.291714765959610225e-03
-1.617861126362803853e-02
-4.411171808900053032e-03
-1.845979215052016495e-02
-2.283543739673498524e-02
-1.041207224805354263e-02
-1.204807122707606329e-02
-1.909241320974075853e-02
-9.414468130081926622e-03
-2.590387031201243613e-04
6.110797073725281366e-03
1.030091585164702624e-02
2.952554650146263157e-02
1.884745028282320059e-02
2.394779270865316639e-02
3.827125599317524746e-02
1.244057752402374928e-02
7.849721951878036938e-03
2.258259616230281694e-02
-7.008195131157288205e-03
-3.859555833675989110e-03
-9.749373575687659416e-03
-1.891523602083603969e-02
-8.146190113513663081e-03
-1.828212736344338174e-02
-1.529157266899934184e-02
-8.769483179900186554e-03
-8.093376197275407163e-03
6.704111330454712650e-03
1.833198467161344797e-02
1.270924273820681939e-02
3.410643317099617492e-03
5.192934981693276761e-03
1.960702950048585913e-02
-8.129169109740367455e-05
-1.717613965754201432e-03
1.335658280682917344e-02
-1.318751132264033704e-02
-5.049999925576747518e-03
-1.132481196262933969e-02
4.551575807862344599e-04
-1.330115686251918776e-02
7.416380429863691712e-03
-1.967561653887529675e-03
-1.331924148499951874e-03
8.881658570655825286e-03
6.633104416522696235e-04
2.097364454654442999e-03
-6.094855301787931168e-03
6.010557922267762733e-03
7.535635022140339638e-03
6.318760005778023547e-03
-1.349994271060254818e-02
-8.733621314901617375e-03
-5.075695394969960243e-03
7.462630341448802870e-03
6.398844675199166429e-03
1.171041413592252729e-02
1.579261045476988007e-02
1.197152225139177899e-02
1.431282917174452225e-02
1.470764974975111335e-02
2.407678854292451352e-03
4.575748463432090588e-03
8.058389522332357491e-04
7.890216227634191254e-03
-1.568479710494704790e-02
9.772468568693766858e-03
2.488644313300229782e-02
2.673486393843029635e-02
5.468246896602270250e-03
1.857445394543682377e-02
1.636526868528404011e-02
1.042844720633859896e-03
-5.266041967376127071e-03
-9.696210911498887031e-03
-3.356316627838034413e-03
-7.413188836355136431e-03
-2.792620153452771321e-03
-9.091362858520850299e-03
-8.140788701210537048e-03
-2.303628717047752610e-03
-1.510175370948783728e-03
-5.419166278407098157e-03
-1.253727529776779009e-02
1.123894633620294969e-03
-4.467828458641934404e-03
-8.208176273993148453e-04
7.216886663462484218e-04
-6.057570851866833118e-03
-6.611077426896764392e-03
-8.168216427716520304e-05
3.911795836432768562e-03
-2.259484677181486725e-02
-1.365399147209046121e-02
-1.834980185112435741e-02
1.469941798404055542e-03
-1.705986882658684298e-02
1.821057684121252544e-03
-1.087813644839540246e-02
-9.562246150353047661e-03
-1.142974562833445895e-02
-1.769637181608991680e-02
-1.105957813658123290e-02
-1.048063080741992899e-02
-1.912464696651973309e-03
-9.621796355249885233e-03
-2.255707448013991381e-03
9.555294244250363408e-04
8.855106639319581391e-03
1.319009939725524980e-02
1.097556785547763522e-02
1.936667560388445966e-02
9.750872387802912017e-03
3.205930385039164245e-03
1.153259839440522530e-02
-3.606468442623323237e-03
-9.909916855071407293e-03
-1.714074535275177807e-02
-2.689028858121872076e-02
1.412031131686915762e-02
-2.474401364076410717e-02
-1.114747246292987180e-02
-6.878441452307319098e-03
-1.524406720236579776e-02
-1.561809505616135185e-02
-1.243898033989273427e-02
-9.023707842768818876e-03
6.036633450675951001e-03
-1.886035047974637599e-02
-2.825221290314798399e-03
5.302013852314177086e-03
7.806708127094256003e-03
8.268470969228353812e-03
1.969833952466261071e-03
4.827830539793654188e-03
-1.212021248687795115e-02
-4.254152159350360791e-03
-8.749733787147813066e-03
-5.912381058185829825e-03
-9.470447801091770937e-03
-1.379133568126434013e-02
-1.010637498265947939e-02
-1.724405406075233890e-02
-1.420503032184171691e-02
2.712399345893581545e-02
-2.321739117163690823e-03
-5.016196584234113021e-04
1.754479367986468141e-02
-1.422217728282685386e-03
-1.563829843917833098e-02
-1.275950816097856481e-02
-1.676631069564430906e-02
-2.337385497536072915e-02
-1.191393888009173452e-02
-5.099059599442990441e-03
-1.213287816702308432e-02
-1.056234994004875798e-02
-4.762646149304302148e-03
-4.859068200842308304e-03
-1.499852072329187214e-02
-9.100239709562465626e-03
-4.148241360145525809e-03
2.076913123004970902e-03
-6.800193922753823388e-03
-1.161423616637167165e-02
5.227382925036301066e-03
-8.475075335301448382e-03
-1.469270935437391040e-02
-9.196951276170380052e-03
-5.549787196884078087e-03
-6.970355800928825125e-03
-1.397034696291950262e-02
-5.696320144068585563e-03
4.413095652727284240e-03
5.115536414657608118e-03
1.208945250551719027e-03
2.229445436631273883e-02
1.516400935148537986e-02
-7.665722360282293396e-03
-3.547868644944884419e-03
-7.576956819346436977e-04
-7.496425985164210763e-03
-9.618898774633843473e-04
-1.454341170057554984e-02
-4.717099619602585156e-03
5.322209388825250263e-03
-1.538780116921419430e-02
-1.454629554387435082e-02
-5.425634441405048289e-03
3.578520597790946483e-03
-2.927215819615432320e-03
2.309426335614647892e-03
-3.555843157577569854e-03
-5.950609697618124659e-03
-7.023261468722955458e-04
7.320824500481447165e-03
7.580637525984362281e-03
1.196280912251198800e-02
-1.440472039512182955e-03
1.276279147459316934e-02
-7.324243807000182420e-04
6.290040013634120089e-03
-2.782547737618712869e-03
-4.773866559904186256e-03
8.145964880412273363e-04
-6.330446683269454894e-03
-4.295062795678218290e-03
1.240081110192822571e-02
3.062748917170049121e-04
-1.260186608403018882e-02
-3.598297762979460294e-03
-1.651000288563438459e-02
-1.934828507830882796e-02
-5.740832333222976522e-04
-1.192902308173168086e-02
5.339395617538255159e-03
2.427069956730755138e-02
1.658153214893014898e-02
9.585425690397620865e-03
2.668070012640509549e-03
2.204431827071241974e-03
1.127205161931142587e-03
-3.571334054260344166e-04
7.075790229698759566e-04
-3.694617676910064760e-03
1.288064463790401619e-02
1.191767614576196184e-02
3.221086386253128181e-03
1.348893055424965105e-02
1.268290916596616878e-02
7.235488969298732413e-03
-1.609928058647695206e-04
-7.820088024901521162e-03
-7.951444901290079248e-03
-2.156442744982008108e-02
-2.087828982438925951e-02
-2.591730926851722183e-02
1.890006829377357395e-02
2.305409758466020129e-02
1.701685289275242652e-02
-9.236136640243886378e-03
-2.648662485913504810e-02
-3.120374075971391395e-02
-7.357710861245188826e-03
-2.769585819251708329e-03
-1.223885006037398740e-03
1.068149236964148138e-02
2.024764470061663976e-02
1.096122094863130614e-02
-5.287392370296879448e-04
-5.351223143807847145e-03
-2.326325687495576361e-02
5.896665094704926779e-03
7.415049746213576119e-03
7.438401640944404189e-03
1.295314171478986276e-03
-4.717862111991782785e-03
-2.705045165024899233e-03
-5.033973245979293971e-03
-7.160843708042370463e-03
-7.533855045137344275e-03
-8.273896118791321599e-03
-8.072616670266360983e-03
-1.801657267385499417e-02
-1.147609687405714424e-02
-8.741100290415641100e-03
-2.710929531952519997e-02
1.998040378118472703e-03
2.764385102578141920e-02
4.940236128036057210e-03
1.281143390623060152e-02
-1.267695756463649423e-03
-4.702906678528941987e-03
-1.367284528632162904e-02
-3.010311058311818458e-02
-3.226673625363606773e-02
-2.861216510513599036e-03
-2.507867919523825567e-03
-4.287093860787407999e-03
-8.752006886276850195e-03
-1.966360387145062432e-03
3.848501394481393997e-03
-6.213776302735525732e-03
-1.149950831495122339e-02
-5.199172392816242376e-03
-6.398584981005197778e-03
-8.301604983674890428e-03
7.452472173196373175e-04
-3.506211807380801501e-03
-3.331418492270691450e-02
-2.956089528052050289e-02
-2.873410660249092752e-02
-1.194736782250696051e-02
-1.072470192994355066e-02
-3.474283606893984605e-03
3.439825222093154111e-02
3.297090656779676915e-02
8.970184329934715803e-03
1.105473917789341794e-02
5.864426349670513738e-03
9.002656284879389115e-04
2.221344294183064290e-03
-2.386915039228665759e-03
-9.373796817199761197e-03
7.042257900798846006e-04
3.495827107259291472e-04
-4.900007946140700135e-03
-1.295595108769715190e-02
-7.039134365349229878e-03
-2.049727427695486118e-02
-1.690464470571794928e-02
-6.093770432560756400e-03
-2.257812173556451169e-02
9.813615934468782661e-04
9.383261189912010108e-03
-7.199518870310226901e-03
-8.007597569800683991e-05
-1.666626280813416836e-02
8.660582895087549221e-03
-6.373337166507569637e-03
-2.776026464672881264e-02
-7.302480277840656814e-03
-6.710109564721975471e-03
-2.417696338719839064e-03
-1.762463731691434055e-02
1.393641008492813201e-02
8.670273109046305882e-03
4.750592592488465243e-02
1.795319546044083512e-03
-2.709906354540794066e-02
-2.341998467461261363e-02
-2.921275208288968278e-02
2.554340475595539076e-02
2.754224814443513060e-03
1.634296408484054016e-03
6.931648363564526030e-03
2.197426596079072973e-03
5.793221276529052569e-03
1.209021095699503411e-02
1.374897213204958300e-02
1.930822990294852812e-02
1.253084983688817523e-02
-5.235954103230506737e-04
5.300342160832248115e-03
1.570106886547847566e-02
4.824261241612602148e-03
-4.780639938558395655e-03
9.481224743860299647e-03
2.093372481715160063e-02
5.428876635564139526e-03
2.026877740106921774e-02
-2.285050172605703617e-02
2.473252982234040200e-03
-2.903495616801018281e-02
-1.692046706289910066e-02
-2.671992381365899394e-02
-2.446152863888672105e-02
-1.836208955235738363e-02
4.120165787113751199e-03
2.732771425691297648e-02
4.194505856981609005e-04
-6.018189696587452828e-03
-1.228314299774176631e-02
3.236992176534116052e-03
5.435803324339431516e-03
3.705796877712904010e-03
8.247337626557471255e-03
4.636429893989383461e-03
7.132632128524575392e-03
-1.509504191590749049e-02
-6.043153337898609159e-03
3.038101530244541717e-04
1.448083265991661518e-02
1.610694498707699674e-03
-1.626954772561066452e-03
2.332049497887336148e-02
-2.876717643491487515e-03
-1.091759161645095618e-03
-3.673300671543706930e-02
4.449478011188520016e-02
5.902246008925268392e-03
4.521156993176712879e-02
-1.199870896215421987e-03
-5.543011823054651982e-02
-3.644195292264910957e-02
-5.070395008895699912e-02
2.447698297964570960e-02
5.689951035741126588e-03
9.165454782059474434e-03
-8.311726064495735325e-03
3.772912455307169798e-03
8.608746576672383205e-05
-1.149213684414112334e-02
-1.404733345725221044e-02
-1.394655112444668447e-03
7.729367963929331328e-03
-7.305834212088227822e-03
-2.659766590580401463e-03
-7.924945371979402438e-04
5.587553667275806969e-03
2.866216678842380735e-04
-3.055732283372762127e-03
4.193383230341569783e-03
-1.770799694067028010e-03
-2.496693248987689757e-03
-5.597112791912620122e-03
-4.538033919314343051e-02
-7.219049657933566087e-03
-3.123660006224632940e-02
1.284224909813390554e-02
1.869918181358848353e-02
-1.417283741056078218e-02
1.789253368654367474e-02
-3.773371267933967738e-02
1.786824159275508112e-02
3.648232310909606257e-02
5.668893070195041989e-03
1.895194586071582629e-02
-2.008808966081881975e-02
-1.578867050926555798e-02
7.400498071231988335e-03
7.218549261846809312e-03
4.368978264535459954e-02
-3.534780588152743042e-03
4.548325318538720338e-03
-6.446693939682016962e-03
1.389735332727742509e-03
-1.522748523587548735e-03
-4.664478191289111726e-04
-1.179134885536912329e-03
4.694403322555992970e-03
1.226512645659935674e-02
6.345012237776045082e-03
-1.606646069967283125e-02
1.928182060250960761e-03
-5.442412558896014309e-03
1.602034869950172023e-03
1.622678902579291482e-02
6.225767355864284328e-03
9.715328847225448289e-03
-1.244684237325300105e-02
-8.812686317097046668e-03
-2.014373416207006651e-03
8.344388097389401557e-03
3.559993730223649788e-03
7.172596115563889888e-03
9.832949945737365707e-03
-8.816512502528600637e-03
-6.172322974625599895e-03
-2.790683366519858266e-03
8.014522230114513868e-03
-4.458674928675633933e-03
-2.115304080256898839e-02
-7.390478739401120864e-03
-1.526356395854318662e-02
-8.239085591774841094e-03
-6.273211928436692002e-03
-1.701677968087444807e-03
-7.254356297457522588e-04
2.856534782408926346e-02
1.003120887204745661e-02
9.316053895414282138e-03
1.793619554583518461e-02
5.893693587441007492e-03
6.620553180794894188e-03
1.069186710662659370e-02
7.225898778250419534e-03
2.107063315637255213e-03
1.720299220061733206e-02
-3.241100974585214844e-03
-4.813222387765464516e-03
9.368445409298755897e-03
-5.717726274453366515e-03
4.417190592698884422e-03
2.886469764212962023e-03
-1.124766958544702730e-03
-6.491792158460732952e-03
2.032866291095233782e-03
5.827288696209481471e-03
1.227000534876539206e-02
8.606534984938905494e-03
9.116804446443048382e-03
1.058958507438895885e-02
1.073651485484424482e-02
7.917236573907382793e-03
8.361078019503642711e-03
-1.960676700289947730e-03
2.677082174688776798e-03
2.161725284386472462e-03
4.721138514324756119e-03
9.111729727390669234e-03
7.503143700510338417e-03
1.046124435628687302e-02
1.422458860857359932e-02
1.475007304797403343e-02
5.741750871419788217e-03
-8.599023878229613074e-03
-7.730601371101582762e-03
5.592914099524302907e-03
-6.343027231933771881e-03
-3.849297262105331151e-03
-6.999133965328598571e-03
-2.524125856441358697e-03
1.010557430072110419e-04
1.876279469269735364e-02
1.106925829425985282e-02
-1.843532032553005804e-03
1.442706633297372899e-02
4.496376722033496205e-03
-5.940620793260000844e-03
4.687420264859297990e-03
-6.166627434541013461e-03
-9.429413000674591663e-03
1.272352067614502744e-02
2.006622254771446914e-02
1.568643179417620118e-02
1.452132057203114196e-02
1.187976407857272224e-02
1.187061482685139099e-02
1.682475899232594579e-02
5.070848758263755800e-03
6.994134269081188696e-03
1.706205877230794130e-02
1.058760217752255416e-03
-2.235549136670363264e-03
1.793279109920779477e-02
-9.748526826456094946e-03
1.248094388032360350e-02
9.266010860111723035e-03
-9.193392315386260394e-03
-8.403175521925076649e-03
-5.156183756693661670e-03
-1.583797962545691225e-03
-2.971256654855973945e-03
-5.306233426690194072e-03
-3.370293775227505353e-03
-2.890685339755256090e-03
-5.187195359880070536e-03
-4.524818661756516668e-03
-7.078432364084293917e-03
3.218336584218033786e-03
-1.811020855888443226e-03
-4.830976843478911563e-03
2.539387789787351125e-03
-6.832117490808674049e-04
-3.602524484933028372e-03
3.495251053087593783e-03
-1.407570629342239045e-03
-7.789608131141889831e-03
-8.350229368856570966e-03
-2.552990042163172033e-03
5.643253519037553373e-04
-5.648152772988426773e-03
7.601966210555524553e-04
-1.172560192319413615e-02
4.515175671716363916e-04
-7.171181557411894850e-03
-1.112231530455546659e-02
-2.969486116658695204e-03
3.909163518704216085e-03
1.359700554562814651e-03
7.609458958743129525e-03
3.243435154703122516e-03
3.969482913045116815e-03
-1.037059756674088735e-02
-5.730645201469103042e-03
-6.001810275614300264e-03
-1.127508733148903071e-03
6.704435914244838597e-03
6.505908802492273504e-03
1.892839844366864081e-03
8.931606680580463434e-03
6.407722485833229793e-03
-7.854375759982611810e-04
8.241744098055569373e-03
1.215182854375631774e-04
5.119154618451716814e-03
5.184833818503879928e-03
-4.915861352030507061e-04
6.289520084808342473e-03
1.489649461512224451e-02
9.117487948327380673e-03
1.253062839488053130e-02
1.701466483637991550e-02
2.076200875439550286e-02
-4.325549265545372730e-03
7.717446607691874454e-03
5.439056624996017018e-03
-2.215564297096237368e-04
1.042455590984161379e-02
8.872870885259283996e-03
4.995700091506228430e-03
1.371289530249326059e-02
6.837671120143128979e-03
1.884764036591461125e-03
1.813333500048218416e-03
-1.915722859028020720e-03
4.130480263791281095e-03
5.879205889442299521e-03
1.025716273257861952e-03
-5.561976459997381057e-04
-5.459296542107038496e-04
4.244146344717099339e-03
-6.855431826047411401e-03
6.192104017225863455e-03
1.487146570260526081e-02
-5.779856454180402371e-03
6.215322030319237910e-04
2.297925751181988281e-03
-1.825439874783433766e-02
2.897444086911426034e-02
-1.961199263054317840e-02
1.195449201408689717e-02
-1.916200027005938999e-02
1.355875254955805735e-02
5.624535071796483640e-03
-4.205104351181936269e-03
1.103237203375965689e-02
-2.172595495234851126e-02
6.134055391661644152e-02
-2.299539445464569148e-02
9.825166063509744099e-03
8.504304598365595644e-03
-1.228262467910067393e-03
1.993339358531113006e-02
1.179037264455418121e-02
1.174506077519872453e-02
4.241236937093243071e-03
4.625892244082983364e-03
-2.983676930174467175e-03
-1.160533615638402113e-02
1.105242117010345887e-02
2.507757676245925358e-03
1.013018713165616050e-02
-1.140910486373016529e-02
1.044767589290612059e-02
1.941166779196043871e-02
-1.060235010951682960e-02
-5.168422352590381144e-03
-1.799761399924166769e-02
-2.295131783473046416e-02
-3.671727520867315922e-03
-2.339628365386329546e-03
-1.591273991979473557e-02
6.738459064789407808e-03
-3.536397675476570662e-02
3.347038954846811437e-02
-3.609841980144344598e-02
-3.872481902330194604e-03
-3.953686151196116917e-03
-8.579434682047828303e-03
-3.014320697174220718e-03
-1.482016578194675360e-03
-2.584807700263094202e-03
-5.366384363157997682e-03
-8.400246523983643035e-03
-6.943330830328261170e-03
6.918672035062313139e-03
4.338007838184687083e-03
1.419399582747771574e-02
5.271367105662446567e-03
-2.524993340942256401e-02
2.092195127999097945e-02
4.129280566013512031e-03
2.009836382841947901e-03
-5.835694405261656476e-03
-2.123960770667742554e-02
-2.387605887065663655e-03
2.371082173154735392e-04
4.809501294880616507e-02
-6.829565725580649671e-02
5.596490461236613284e-02
-3.454989262575744458e-02
6.094172574762829475e-02
-6.117153689140843176e-02
3.154606139765248323e-03
9.403165846850599849e-04
-6.030642201890500098e-03
-5.596987982756305470e-03
-3.315716313916472480e-03
-1.084035575893254472e-02
4.503733488222180781e-04
7.016575419227812777e-03
-2.421818304525793532e-03
-3.224080651564402086e-03
3.744927855216285701e-03
2.587158894349970810e-03
-1.124813806063585352e-02
4.796358149590088278e-03
2.783367831612295652e-04
-1.613004459071051486e-02
5.133007762544839966e-03
-6.728725116707414203e-03
-3.643387956008975210e-03
2.224136534759159085e-03
-2.845186876451273605e-02
-2.143572151946761956e-02
1.258668879961980479e-02
-2.242340552894782346e-02
2.504155492698252605e-02
-4.038995693977288914e-02
2.576405951023378813e-02
1.168089555483015247e-02
1.839478832548897954e-03
7.512294364391590776e-03
3.823166136728219089e-02
-1.476047346481437761e-02
2.921564185676339687e-02
7.625063627692975354e-03
4.118213278508039976e-02
-1.899513552157687871e-02
6.121646438489929815e-03
4.160308480761621200e-03
-7.546582516443438825e-03
-1.719954933319555639e-03
9.570026603298911402e-03
1.721756937558352636e-03
-1.001659436872795635e-02
2.093946604490709226e-02
7.648258486987978381e-03
-1.609602675640320335e-02
-4.724040967264728046e-03
-1.416288761581308529e-02
-1.112937732428781815e-02
1.719134969494458222e-03
-1.676328957036675644e-04
4.347762088612050664e-03
-2.229606305964662236e-02
-1.884398113855115893e-03
1.088946975572013635e-02
5.464258776561003485e-03
-1.188298555687890843e-04
3.481077320144139887e-03
-9.011825593444258362e-03
-3.795924381275436570e-03
-1.060954831747369306e-02
-4.900543969066505252e-03
-4.946161172009358280e-03
1.464462121052782523e-03
-3.891095046942466638e-03
-5.224462300602258392e-03
-5.268720044812139633e-04
-3.736290119726170568e-03
3.468116667845704340e-03
-8.467662857006350366e-03
1.110768985710750348e-02
3.821617227457830591e-03
2.010903833790754405e-03
8.093050547667459196e-03
1.875178158476928023e-02
4.314121886341449642e-03
-1.850310815212820252e-05
1.409488923966417152e-02
-1.033024103089303161e-03
-6.634383559949434683e-03
-8.840853757298346507e-03
8.318463560099522217e-03
-1.496978397465702432e-03
-9.335423668300295991e-03
1.939668320264716301e-03
4.252769602228827217e-02
7.257113540748815449e-03
2.663229386319720601e-03
-7.253133704028353994e-03
-1.456597801135535442e-02
-5.780706603538201226e-03
-7.878962551684916271e-03
-1.748066101105499176e-02
1.683625744106385588e-02
1.161374856591784223e-02
5.030726854246761991e-03
1.963970593296891776e-02
2.102335365113083832e-02
8.862185195218079403e-03
-5.488221089156434564e-03
-9.580928718566431024e-04
2.444004281568919168e-04
8.342069944668028397e-03
2.571611453682886954e-03
-8.005418758011135019e-03
1.003391163102490720e-02
4.911432212822101386e-03
-8.891264680224029299e-03
-6.238775148084065199e-03
-2.801757974240004848e-03
-1.698114948534633004e-02
3.275672097090847473e-02
9.921895146984126713e-04
-2.211447596414974417e-02
1.362905695571057021e-02
-5.220713057603835854e-03
-6.920555774734988945e-03
-6.687595195623416942e-03
-1.322724846361547114e-02
-8.798111246593598792e-03
2.764780558478740786e-03
6.236609607714299619e-03
3.342825553820728596e-05
-2.714628338872323611e-03
6.931996503723571700e-03
3.476897082457690476e-03
2.787456403046830074e-03
-2.844460594183506694e-03
-1.798589363454399306e-02
7.445209625977382284e-03
1.661706768070077625e-02
-1.713501196456427384e-03
7.890661397363923218e-03
1.873266481738482259e-02
1.086126229824229935e-03
-2.604423951324080430e-02
1.723269739931257427e-02
-2.804666186723579063e-02
-1.623255315352123418e-02
1.919478462071264047e-02
2.037973675041665576e-03
-2.225396896988606626e-02
-7.225274260356284554e-03
-1.843428192325572562e-02
1.245225163404803728e-02
9.325494975151634933e-03
-1.311671292408599218e-03
1.685658471706351705e-02
1.762880767215216360e-02
6.778305173470246074e-03
5.037082977748430848e-03
9.782961345191319713e-03
7.325750581819787458e-03
-1.234654698303136455e-02
3.691765734771550091e-03
5.582586644631380018e-03
-1.037962154025796890e-02
7.364082376919721222e-03
1.551527400241940226e-02
-9.040424156016692650e-03
2.382423505522388539e-03
-8.577569160092797041e-04
1.774484491027512878e-02
-1.084631704855238202e-02
-2.434799635068336798e-02
-1.327769267772792999e-02
-1.870844437907608418e-02
-2.119007503456258809e-02
-1.421145972340439635e-02
-2.375469167259221595e-02
-1.058425821231192068e-02
4.654109084564851673e-03
1.148365174099897495e-02
-2.037639003287378126e-04
1.843582329053774366e-02
2.584924555277509639e-02
3.637362215948096965e-03
1.859349005779521551e-03
1.322682609084932515e-02
1.378549620211643074e-02
4.976096016747083052e-03
1.455022556037902440e-02
1.057415206393859212e-02
-8.717659500647350831e-03
2.138154335568864545e-03
5.708300472158210452e-03
-3.342318413186931656e-03
8.061032638792578172e-04
-4.731091800854696564e-03
-1.591085029635567680e-02
-9.699148949267204223e-03
7.527765462922208876e-03
-6.183968468589035386e-03
-1.247899384309076286e-02
-4.220056978147962608e-03
7.211264097040309164e-03
-1.755460704314489029e-02
-1.230470861402914624e-02
7.672169871979880179e-03
-2.291136138237947985e-04
-1.571955283087981409e-02
8.108829396941673665e-03
1.455703045494472284e-02
3.222161867336352774e-03
8.342175391202355517e-03
1.466258698217882614e-02
9.217023489202279350e-04
4.917793909297768322e-03
-8.650637595435259342e-03
3.458171156539126072e-04
-4.737401434020647138e-03
-1.890172391675142005e-02
-1.443168400373011535e-02
-5.109106040494680936e-03
-1.475583251653743086e-02
-1.239459775146898798e-02
-3.403544439315052319e-03
4.450232363011090951e-03
-3.450665203723032176e-02
-1.021988126640395976e-02
1.942526204250196245e-02
3.554677900000740177e-03
-8.188663193209211322e-03
-2.001101864521698942e-02
1.053228025139021570e-02
1.239795574165779811e-02
6.078683277174314406e-03
-1.683874888248614379e-02
-1.063937448365903128e-02
9.903548426743381816e-03
2.508047259444537089e-02
-9.140608762711202942e-03
-2.136785084992441630e-02
7.529418384447748337e-03
-6.155498235590161878e-04
-2.174665447964362758e-03
3.483885094568680944e-03
4.889915227041970180e-03
2.888968138347343785e-04
-4.444196724363713193e-03
1.964336852533832278e-02
9.061658244302482970e-03
-3.003131580214263166e-04
1.781769299793825936e-02
3.093968783164749523e-03
5.310132463593625687e-03
-1.397648978134763756e-03
1.746025857753306758e-03
9.254589838815449956e-03
-6.932598588721723167e-03
-2.301257970237062262e-03
-9.405164077488056482e-03
5.609902433932257258e-03
-3.112767921930596760e-03
-3.574466688519382929e-02
-3.087251438036823885e-03
2.162118831958488932e-02
-1.892450966020894215e-02
-1.737165034444710862e-02
2.196888708065172779e-02
2.522652851720698017e-02
-7.669399572509735287e-03
-5.974980379994119031e-03
2.945202613186648330e-04
2.270390770940251910e-03
-4.309843017112564671e-03
-7.687881488877011497e-03
-1.640308152944122905e-03
1.180163083266901319e-03
-1.547022002974404958e-04
7.283344614873118322e-03
7.585362237050609184e-03
-2.346389661126390552e-02
9.388577329881039532e-03
2.486977580328233670e-02
-9.334973054328480832e-03
9.453257170613028545e-03
1.888408359986065710e-02
1.571597459737316196e-02
3.257550624838969483e-02
8.243487983177488071e-03
-3.878431318842859299e-02
-2.433123758138421022e-02
6.403596215641788048e-02
8.320514629395191555e-03
-3.179349117507060396e-02
-1.503466526343185707e-02
3.818047961041904498e-02
8.134622798719459702e-03
-8.128268947900037017e-04
-1.502278550730441189e-03
9.628469345499122978e-03
8.248339481584335709e-04
-5.441347722878881995e-04
1.093619641370392574e-02
-2.118125256843127549e-04
6.429509103812089919e-03
-3.487644501668123523e-03
7.280727282641540239e-03
2.494069307272881418e-03
-1.202289271334201597e-02
5.850405387227462046e-04
1.558391407154069777e-02
9.709195270077692307e-04
-8.466852637597024195e-03
4.322982259986283757e-03
-1.838536272762401197e-02
5.389809475732615374e-03
2.870753831983229726e-02
4.687505314294015089e-03
-1.720433779910420652e-02
4.417752451559299985e-03
3.803772210776113633e-02
-1.489076457241093020e-02
-7.972966808783208542e-03
2.175381054186411797e-02
2.137588533610350686e-02
-1.328708533760193135e-02
1.607627317477012922e-03
4.138392600037915647e-02
-1.037592029187253684e-02
-2.553421197391744432e-02
1.181348337002590884e-02
3.103363341819458457e-02
-1.025975243499811090e-02
-8.324921595790311935e-03
-4.827702149251755174e-04
7.681517369157790827e-03
-9.474602377920290919e-03
-6.701735163016160797e-03
3.091624009803706913e-02
-3.052094436779933823e-03
-9.937299083614721182e-03
-7.638278620038405249e-03
-3.346074974622964548e-02
9.221210965605464160e-03
1.293157850103829158e-02
-1.637939130132955515e-02
-2.862029473692427953e-02
6.405310998186323525e-03
1.337156374086562356e-02
-2.524085053938270387e-02
1.113053843541802687e-02
3.008682848467566975e-03
2.520040715799861525e-03
6.439998228207888947e-03
-4.174105853987462346e-03
-6.790042010079139385e-03
2.316950210066517218e-02
1.465962462874093345e-03
-8.540156003447102115e-03
-1.135551270895043471e-02
-6.152458641250034815e-04
2.235314807386585070e-02
-4.707430320387083478e-03
-6.335626615323996635e-04
1.801957956796158226e-03
-3.776715391912681928e-03
-7.237904114659751177e-03
-2.167130426224832609e-02
3.250996394683296209e-02
3.402972652506568857e-02
3.581224034026384007e-02
2.829091509875254588e-03
5.837288981412538415e-03
2.050939085196539988e-02
-1.213666503893049385e-02
-4.117370284447281238e-03
6.564582943046246358e-03
3.777828014914027394e-02
2.148276959400700903e-02
-8.167865780105266690e-03
-3.466005102747811862e-03
2.781603075835746564e-02
2.191942236120592719e-02
5.105020763091525993e-04
3.885157819767515348e-03
2.675211345883548447e-02
-1.863410533297386873e-02
-1.888554415839211603e-02
-9.568524212824275690e-04
-9.637985533852826700e-04
-2.566421601318397833e-02
-2.005992051094082976e-02
2.927026574702165651e-02
1.395614378926348081e-03
-2.081216090129422644e-02
1.872531771572613288e-03
1.294972120650243058e-02
-1.305271312012967581e-02
-2.270518567166664343e-03
2.624652335663659256e-02
-6.402544212785304598e-03
-1.265497613182831917e-02
2.191466180596955346e-02
3.852739512756611032e-03
2.578619644031709349e-03
-1.234828589073014120e-02
-2.600042593918407141e-02
2.962893892247422944e-02
1.909436229422495704e-02
-2.891965997058786909e-03
3.338223595151034763e-03
1.250043523093236249e-02
2.551322048028758019e-02
-2.831089291232270246e-03
5.093375952138618629e-03
1.838654111569975116e-02
-2.041699600289541717e-03
-1.806906696231318958e-03
1.828537706031172980e-02
-9.153161255220558165e-03
-1.256298025230981157e-02
3.516906215818399808e-03
-2.600288880891529070e-02
-1.773638773631443580e-02
-2.086339373678600465e-02
-2.312602746509629520e-02
-1.224560538998809532e-02
-2.028959879685189593e-02
-2.685669628611538767e-02
-9.537658231347643373e-03
-1.750767753828562021e-02
3.689590527861475421e-03
-1.058848941984586768e-02
-2.321990603860120059e-02
-9.274261602460715653e-03
-1.258945486078209310e-02
-1.444761267108758337e-02
-4.525567135107206110e-03
-2.065821687509490287e-02
2.006900113014407211e-02
-2.545840188338576934e-02
-3.487012609792732032e-02
-2.893310939664436171e-02
-1.716493155228048656e-02
-2.714233185691284495e-02
-2.817465880150783406e-02
-1.033291331628467466e-02
-3.406230527741092688e-03
-3.058248292034366589e-04
-2.688986852823458968e-03
1.251977194014972615e-02
1.075295220605813375e-02
7.145795151185904866e-03
2.563192294831169102e-02
1.306334854714381356e-02
3.067404507843800310e-02
3.931932486447682618e-02
1.502810547033012721e-02
2.027438469777926439e-02
9.530319267686413603e-03
-1.431402624678145604e-03
-2.700285499018469418e-04
1.529491974280137653e-02
2.853054957052959112e-02
-3.272394296142271813e-02
-3.366127543634083504e-03
2.865096255280719442e-02
1.902689288735413473e-02
1.355972579249400435e-02
-4.793702430063939701e-03
1.367545020555725049e-03
-1.210303763754357054e-02
9.171443448196951384e-03
-2.245110209333930559e-02
-3.371913279114997081e-02
-9.837148967598401128e-03
-1.282874181383217987e-02
2.651453476342377838e-02
1.001604619236274099e-02
-4.497652806194650521e-03
3.984853721364876866e-02
1.863202247722720029e-02
1.203611929608264935e-02
2.181837203921945315e-02
4.130922612152798483e-03
1.358126653768945181e-02
4.992368731500749363e-03
3.327243357348067063e-03
5.341340944256297695e-04
1.565601200965203305e-02
2.031341736933952972e-03
1.159920927476117657e-02
2.753619243177798590e-02
1.697237458493138645e-02
-1.307009063610841022e-02
-7.155828738950165309e-03
-7.425333347955738114e-03
-5.521979598901141130e-03
-8.520698835652772835e-03
-1.639925527556125931e-02
1.134972242141321121e-02
7.149473433815450515e-03
-5.921184289670139780e-03
-5.617724167440629225e-03
-3.134298252200021055e-03
7.871030628516134317e-03
-8.124859209336029314e-03
1.097182175691460530e-02
1.341665639451049274e-02
-1.208931809465839217e-02
-9.748995426627946395e-03
9.778226941780295348e-03
4.449108457574379658e-03
3.853773116095729392e-03
1.543341475216597567e-03
1.802348642272509974e-02
6.630052615124141721e-03
-6.106108957471161232e-03
5.672431128640238567e-03
-9.348728221529238255e-03
-3.201340580113499774e-03
3.493872680191565180e-05
-1.307214850134556404e-03
-5.383566994129533687e-04
3.111178289966902780e-02
8.858663701267309107e-03
-1.853044633430838209e-02
-2.848175917534965531e-04
-2.840922581727951812e-02
-1.269560687400341469e-02
5.800140259953401323e-03
9.635111485602495737e-03
1.783564815463311443e-02
6.652855470367435159e-03
1.239291581040924059e-02
1.962899168095486729e-02
1.385694351872016799e-03
2.568275274071355960e-03
5.881723238588275164e-03
-3.776552898589972691e-03
2.927466646758105501e-03
8.717676356581846239e-03
5.457324098188155032e-03
3.540273583413208400e-03
-3.556833881170492172e-03
1.718471188995202362e-02
1.395144644858481615e-02
3.701147683958992858e-03
-1.658924539075806032e-02
-9.553755742290757219e-03
-1.928080983349490796e-03
-1.660208758980929664e-02
-1.614292563363880703e-02
-8.736877479595051704e-03
-6.691728941718327536e-03
-1.171000559850314190e-02
1.678537067976466901e-02
4.170600284944600035e-03
-1.131674450396077686e-03
-3.061438755321338988e-03
9.209562817202495907e-03
2.710992670177267156e-03
-5.629446216333284375e-03
7.518355154730458267e-04
-3.036231996443594650e-03
-3.677302242685293650e-03
8.956921380696576326e-03
1.777311131823806553e-02
7.293649788002468104e-03
1.820088574092067549e-02
1.313901733832771763e-02
-3.974709692328767981e-03
1.081880724838199179e-02
-3.414185467216247164e-03
-1.176030235709490078e-02
-1.977997620179503674e-02
-3.152961446800516855e-03
3.817468346346931463e-04
-1.837139338874577837e-02
6.817623593740406752e-03
-2.854468084575969428e-02
3.477965422196452674e-03
-2.665826377305754308e-02
-1.076256846934450090e-02
-1.025527673659522992e-02
-9.305017360430743040e-03
-1.321161614435958985e-04
-5.031551074175336438e-03
-1.612940015786707868e-03
5.451456950210644033e-03
2.007720288416820539e-03
4.138342686253442676e-03
3.829360240993805176e-03
2.141848817608595860e-03
-3.673006369373067216e-03
-9.433353745009151817e-03
2.720213895297667137e-03
-4.416743916913751082e-04
-4.477136154498737204e-03
-1.215254115447499984e-02
-1.186937923907823919e-02
-1.018391424256049477e-02
-3.661399958735273106e-03
-1.820433484850400227e-02
-7.376496828570252955e-03
-5.654501659523501929e-03
4.018114256966354159e-03
7.042606067138372852e-03
-2.704034635573592318e-02
2.057137164611040625e-02
-3.307102915522835279e-02
1.138214403420202345e-02
1.168873239302146982e-02
2.014645075455934881e-02
6.396691362769202187e-03
7.283782198811994575e-03
-6.263136943097747343e-03
1.039792842294756312e-02
-1.312153487878961640e-02
1.949402882114692134e-02
-6.772918970790957338e-03
5.008158271004981010e-03
6.420224093681741601e-03
-1.624457286300622311e-04
1.829792936065979727e-03
6.457275755569836032e-04
-8.255777366651683574e-03
-1.243835043992385855e-02
-2.568098171886906613e-03
-6.480258592707894942e-03
-7.353403122585017333e-04
1.059775675762901666e-02
-4.754625564156182010e-03
-9.926686082000407002e-03
8.868617681767269889e-03
-6.226474042102347721e-03
1.278384172167697501e-04
-6.487336004393771602e-03
1.322252304718238118e-02
8.978064999214016226e-03
-5.316744625200211030e-03
1.711232251739769686e-02
7.451075697236391598e-03
-3.267532161587640913e-03
1.182252373431439720e-02
-4.822566046063749522e-03
-1.383015697694211371e-02
-7.156570472008002247e-03
-3.263576748572349310e-03
-3.025012645051488886e-03
-4.399436072537554038e-04
-1.153475244986871054e-02
-6.540836309816432451e-03
-2.191256007504479176e-03
-1.060708440113519377e-02
2.199361083085485749e-04
1.896859062343890165e-02
-1.313896285185681481e-02
-1.650738504817993516e-02
9.192163243515849569e-03
6.537033428627896450e-03
-2.095713229858442439e-02
-6.988109328392296156e-03
7.960993056042755048e-03
-1.079121451483868246e-02
-8.044077041265487726e-03
1.390622162863995939e-02
2.151298662527818817e-02
-3.524355336435799207e-02
-6.373750818459129972e-04
1.240653971348981699e-03
-3.391800418032583225e-02
-3.588415633132057379e-03
-2.210631019098836889e-03
1.013823048981603303e-02
-7.079861778638416774e-04
-2.349814929679640545e-03
2.288080353132522157e-02
8.854765616328374306e-03
-3.286903635838143295e-03
1.090891075271235681e-02
3.089792582720892432e-03
-2.519448279581621396e-03
1.078901357719417274e-02
-2.193013328416636935e-03
6.238590203081055031e-03
6.759274204615727151e-03
-4.155316660248419350e-03
5.483718284549772256e-04
1.673856344944298210e-03
-5.941375834385730255e-03
-7.329506893253367496e-03
-2.416992437562584008e-03
-1.704959559938297800e-02
-7.840988498595333547e-03
4.343813017687869760e-02
-1.803601619088075021e-03
-2.403669867287925449e-02
4.713812739163359550e-02
7.649505355903689352e-03
-2.002626892260674432e-02
1.088133538680816081e-02
1.853463673310086577e-03
-1.226289247693932404e-02
2.937692585577126713e-03
1.262552517102138831e-02
-7.262431594155625489e-03
-3.273436374292410661e-03
1.257370437635292777e-02
-6.691859045630997767e-03
-3.352963117561496599e-03
2.255476142558311258e-03
1.262963076624287750e-02
-1.623879540981846420e-02
-4.728866118022990658e-03
1.225729294042494748e-02
-7.167376640109157128e-03
-3.448892646473969252e-03
4.469982551969022520e-03
7.813171876064721466e-03
-9.373759410620659607e-03
-5.919325699836117463e-03
2.497389209601401025e-02
6.347300376239904847e-03
-1.204820072895782836e-02
8.276091453957176713e-03
-6.026324973176436575e-03
-2.498537961101326282e-02
8.449302424865067071e-04
2.485990735384342384e-03
5.889761495192898273e-03
-5.328504054696190685e-03
8.445505650666349645e-03
1.193916088543812287e-02
1.195633258839962467e-03
9.608008308012122231e-03
1.018965937963326428e-02
3.792198787960530688e-03
7.830844590188033860e-03
5.797442193769958285e-03
-1.195307366441873340e-02
2.576405692754185107e-03
4.200928741501751100e-03
-1.745389953629634602e-02
-2.632494958300303240e-03
2.746950299816246222e-03
1.855115787400932496e-04
-6.022563313652389526e-03
-7.522149604018832023e-04
-1.942602039817532475e-02
-1.246677548912389008e-02
1.407675040274602996e-02
-1.338658558067747778e-02
-7.383067275175467584e-03
-1.947639976680096098e-03
4.536002529683372600e-03
-8.053459713689758992e-03
-5.316473516335068830e-03
3.147905017871000660e-02
7.462572698820645663e-04
-2.712402789846725740e-02
3.521160057802748961e-02
1.279330590831063465e-02
-1.453258355711854397e-02
-2.159582590511181788e-02
4.106870323110992267e-03
2.382210098206205551e-02
-2.772873865153478029e-02
-5.601848282712789361e-03
2.517722487378744670e-02
-2.667296422613421245e-02
-8.217717539890326273e-03
2.246878769074934709e-02
-1.805032291261781524e-02
-2.036395608909830415e-03
-5.999111727354777650e-03
4.112160411554836338e-03
-1.053478333258177010e-02
3.321641298041480751e-05
-5.926689278466850883e-03
-2.667093886186305482e-02
-7.723369230834439998e-03
-9.418202518083741356e-03
1.209560334509546080e-03
2.515720323874779882e-02
-2.071653407231720950e-02
-6.079089004440837649e-03
3.275953500770891619e-02
-1.640591696314793943e-02
-7.532271095468642862e-04
3.724002797750210897e-02
-7.237889101514129522e-03
-1.925888630389060996e-03
7.794464846658040631e-03
-1.792080557033551595e-04
2.923689198194911153e-03
3.981866784143218811e-03
-1.313270021233415782e-02
-1.345995173644716492e-02
-4.453628519289129332e-03
