2.811553179093472660e-02
5.116060987901448198e-02
3.668794547142614076e-02
1.999618173342913863e-02
3.357132354888997527e-02
3.268465658844034449e-02
-1.651236565589406929e-02
-2.095176451480635152e-02
-4.337047284912214605e-03
-3.919984510967799984e-02
-3.892847372271227707e-02
-1.146244581915295893e-02
4.771454473727410224e-03
1.850265818331169043e-02
2.009401437240308785e-02
5.041576422458049489e-02
5.459421944836671814e-02
3.134853872740311909e-02
2.847241971778951761e-02
1.281251246589131497e-02
1.798609054612762548e-02
2.852936606111115131e-02
8.135175790025398965e-03
1.883941198666792827e-02
3.403957302513641731e-02
2.254950761093868841e-02
3.718730355835963425e-02
5.463515668209501658e-02
4.243651594918287223e-02
2.497149184259730287e-02
5.909020565844611689e-03
-6.033607095133957515e-02
-5.904630188819771919e-02
-4.336783619728457441e-04
-5.964763800324077159e-02
-6.564524230883517220e-02
-4.113800009070865682e-02
-9.114442108547818680e-03
1.778966338010044693e-04
-3.265645629932941818e-04
3.673644337100328769e-03
-1.340086810380137008e-03
2.832720351029102690e-02
3.123725601074810523e-02
3.813860123473570424e-02
-1.019895910528029886e-02
-9.986874544946305714e-04
7.832124558234864408e-05
-8.316073149497974978e-03
-2.655345868891220620e-03
-5.528662314076920881e-03
-3.134220300100042794e-02
-2.851351461699107998e-02
-3.215693812129998691e-02
2.770777855678110274e-02
7.856397036563295133e-02
7.311171637833556447e-02
1.739402758653538217e-02
2.434786813625312851e-02
2.254468062183402968e-02
-5.208620323200258140e-02
-8.950117330813812944e-02
-6.742909372961272685e-02
-9.911187598347540040e-03
-8.086532595650576180e-03
-7.776960805010224359e-04
-2.711929339062070163e-02
-2.934137963277985012e-02
-1.454099104477044047e-02
-1.702692269445057202e-03
-1.247538972532762774e-02
-8.252679016006493617e-03
-2.474660605864530127e-02
-8.249748863826379675e-03
-1.661269814158724319e-03
-1.690541961669380852e-02
-7.257856694204680749e-03
-2.418120942439022820e-03
-6.463327010710037505e-03
-1.314259847510193015e-03
-1.062701674164360545e-02
4.090746891256460266e-02
4.134424836034680979e-03
-1.390549561341373856e-02
1.248407272678388191e-02
-1.371131821240895686e-02
-2.199333658993017290e-02
2.474666209052887866e-02
9.381251869528504927e-03
1.027282732000435635e-02
-4.841728885910028500e-03
-7.298057266329415274e-03
1.037430324422211961e-02
-2.316498268049985848e-02
-1.084790849531433454e-02
8.603408286913184072e-03
-1.341076221865458544e-02
3.159929474733341737e-03
5.634157495051678351e-03
4.952278821957749322e-02
6.338841629885849649e-02
5.074363806592003395e-02
-5.218449916490566602e-03
-2.244557695658327967e-02
-1.459189588971871940e-02
-5.675902461127637494e-02
-6.995485580139881865e-02
-4.679094524611718264e-02
-3.821054277737642030e-02
-3.395465925247975747e-02
-4.524649065432666956e-02
-4.310567489958035819e-02
-2.700676729978726889e-02
-1.336706899245357003e-02
4.058825939538678908e-03
4.062979818353617406e-02
6.774839299482916799e-02
2.402807016301663004e-02
2.698247856978697873e-02
2.137199636476344589e-02
-5.736127033481904468e-03
-2.815254800562398685e-02
-3.193428293995131950e-02
-3.209487856539915140e-02
-3.717378313762126352e-02
-4.058035671674208728e-02
-1.369142058712030652e-02
1.610267071079658730e-03
1.433604315144334194e-02
-2.384860804447532651e-02
-9.723253992646426272e-03
4.384434249308491807e-03
2.411061652795160742e-03
1.134410842153714578e-02
1.588734333552087666e-02
-4.529457619805064839e-02
-3.818355529959831934e-02
-3.291101326997680071e-02
-4.804336942269857996e-02
-3.508031068606325825e-02
-3.185545020331746746e-02
-8.345007917152065871e-03
2.055798262464464399e-02
6.596254286097512180e-03
-1.871733106357249170e-03
6.633544139609989267e-03
-5.680067649386374984e-03
-4.484196735287463050e-03
1.053423015107941840e-02
-2.481056597781582627e-03
-1.196712511132510398e-03
1.557716479094060566e-02
7.298319961114363603e-03
-6.204491187811405663e-03
5.052582291282215702e-04
2.856577442370589713e-03
-6.868250846566685899e-03
2.085377963343857180e-03
-3.257721183325580725e-03
-6.236454087586303444e-03
6.155666977303415888e-03
-6.846319063658942716e-03
1.073172519740557378e-02
4.930419176629671947e-03
-6.543078766856435038e-03
3.856726062213871199e-03
2.104967380460128260e-04
-2.827974518956172332e-03
-5.413714908384805770e-03
-2.880112375587355047e-04
2.214259582897445695e-03
6.982031704404135153e-04
1.282706643691198557e-02
1.459647776639821752e-02
-2.170037578237226858e-03
9.348928322361886589e-03
1.087802802033662614e-02
-3.706033862962589262e-04
6.172300566646979694e-03
8.703131558463793674e-03
7.192674817043580391e-04
3.005496889551346681e-02
3.187940193207065842e-02
2.331819664376550902e-03
2.054080233404311992e-02
3.611227512440259337e-03
1.348307860446930351e-02
1.875430424757984493e-02
-1.138494534767202533e-02
-4.378278366915528547e-04
6.309170842830127968e-03
1.783109567367319875e-02
1.147036568851515521e-03
6.109744611568435069e-03
1.386649730669604202e-02
8.759663755369202082e-03
1.623763334819708706e-02
1.474897456975816055e-02
-1.561449062251303241e-02
2.094655593360829175e-03
3.631495750265370439e-03
-1.389937419450030208e-02
3.694632281129933780e-03
4.722394342891262677e-03
-7.851385307260106902e-03
1.278369968015885191e-02
3.650576982591386289e-03
-2.836974581212248214e-02
-7.834264629930767776e-03
-4.508755070352898561e-03
-3.419031487003947045e-02
8.164999854249686655e-04
-4.082557219427203517e-03
-9.410739063846906491e-03
1.444851884431552595e-02
-2.804931637679178216e-03
-1.371290016020050399e-02
-1.097843743393100459e-02
-3.871868190213303539e-03
-9.074933160521920714e-03
-8.192223005284863038e-03
-4.948051348051931211e-04
-5.065948357908458752e-03
-4.584954659818584778e-03
-1.118233639457376317e-03
-6.778088275006837436e-03
-7.792951709143133322e-03
-1.518908700422656397e-02
-9.149677484141355635e-03
-5.927162524032267808e-03
-1.321174143316233320e-02
-1.323905434903225806e-02
-6.807364434681850186e-03
-7.444038485293901462e-03
-9.667091505862373309e-04
-5.430005984902703565e-03
-9.769220722684662447e-03
1.559379569147575483e-03
-5.771656944057001852e-03
-2.986234472904507158e-03
2.411750906258105284e-03
-1.779179563623060423e-03
4.884913369367452698e-03
-3.372806940569510626e-03
7.901231058134020047e-03
2.704471757219183148e-03
-4.350176182360374934e-03
9.514998644258787150e-03
-4.755814783657991607e-04
5.027611120709513754e-04
1.416974939288928939e-02
7.322757506632583159e-03
-4.878581432383780579e-03
-9.465441216379428049e-03
-4.103794669269872179e-03
-2.612520507569741565e-03
-4.226917895357647573e-03
1.942877942835936683e-03
-3.813310286415034795e-03
-5.721580989816563330e-03
2.206088294127146830e-03
1.055940484376592138e-02
7.882063990770170683e-03
-1.957147738653284424e-02
1.291661161669368368e-02
3.817134806136896624e-03
-6.760325799792204875e-03
3.596587157457171915e-03
-7.504571835950831805e-03
-7.800522773142849926e-03
-7.569000649505471315e-04
-2.039871742418804777e-03
-9.043222595075112516e-03
-6.267926796904178983e-03
-2.938436973547851275e-03
-9.068142885119361007e-03
-1.157373113671365632e-02
-5.375130507643185833e-03
-1.165262491221022087e-02
-3.436788584601751205e-03
1.224916311962574418e-03
1.035266732876359216e-02
-4.207077178070370120e-03
5.451954107492347013e-05
1.143602340012523852e-02
1.467129820397891291e-03
2.962855697407173160e-03
8.811089698264910550e-03
2.111640380201152377e-03
-2.552832773755391027e-03
-6.119043268028328923e-03
3.253000249652480795e-03
3.222550466129537553e-03
1.719692702230525777e-03
3.593599608354139472e-03
7.553727420473149018e-03
9.625553701948728544e-03
-8.845942376226526363e-03
3.470860596144421679e-03
1.392997870928265429e-02
9.947158225924150263e-03
-4.097251834655007106e-03
-1.230189938514340310e-02
5.325966629361362191e-03
-3.790400562758229099e-03
-1.288839693573193973e-02
8.990243031436338100e-03
1.421698574152440971e-03
-4.418921209086817438e-03
2.152552401688385617e-02
9.348145671001780593e-03
-1.401755766338702320e-03
1.260799580679780769e-02
9.378381856168366976e-03
4.907403643839160223e-03
-9.207595231520000712e-04
-5.808999585028402912e-03
2.268858407349211119e-03
-1.079928891462808918e-03
-3.165302705377862069e-03
5.742184794710421605e-03
-2.979783009387283223e-03
2.562780289565824623e-03
8.520104205848172407e-03
-1.875227134435778625e-02
-4.836115305779578079e-03
-8.699218898896026939e-03
-4.650882901845798841e-03
-1.194681910092996666e-02
-3.962000312359778911e-03
7.885010534939852203e-04
-1.438901019359035104e-02
-6.674133243738025051e-03
-3.353769922636274173e-03
9.883031101548752501e-03
1.462961672428579954e-02
-1.100601448310801556e-03
3.412663887280900903e-03
5.773044995457365589e-03
-3.757523195367802691e-03
5.906793166263577083e-06
5.876709810494215938e-03
1.158878154520525360e-02
1.968993048829502379e-02
2.145275999081665275e-02
1.343797303539964218e-02
1.716862433308842181e-02
1.192052927010951204e-02
1.168620371019019923e-02
1.626163514677606003e-02
8.291992952249825632e-03
-7.291069467106977946e-03
1.159311745578941316e-02
2.116831817959982306e-02
1.390066993099240041e-02
1.411201870211328466e-02
6.790386303309455494e-03
1.526806130444068044e-02
1.610895086945412016e-02
-2.631953505047796796e-03
1.195465240116218080e-03
1.036363874084678550e-03
-1.412990767783319868e-04
3.194934148701127768e-03
2.602946530804584827e-03
4.303354294553963805e-04
2.323172365198827860e-03
-6.750077663166457022e-04
-3.796136200151093050e-03
-1.113052033012956049e-02
-1.329500566929320976e-02
-1.738304012264678053e-02
-1.215900321848909123e-02
-9.809124256250079110e-03
-6.990230694166876813e-03
-1.530489727066900590e-02
-9.556198859838899856e-03
-4.176958487553389734e-03
5.844608381081982211e-03
-1.362850707751814055e-03
-1.095424545217196918e-03
-1.510584469027910189e-03
-9.996351832092134453e-04
-1.349326213096849279e-03
-1.643758282470368995e-02
-7.271832917043290039e-03
-4.146989413707175519e-03
-1.364012573970475352e-02
-4.499650503797488106e-03
-9.182692202766942237e-04
-6.336087995318762968e-03
3.252132024486350040e-03
6.871526241993973667e-03
9.970906190953974721e-03
1.683225113804472789e-02
1.553940060246876941e-02
1.003752257515538177e-02
6.419478652989702404e-03
1.074611426138730695e-02
7.218122000413136098e-03
3.531409381176203992e-03
6.840256077522724638e-03
5.584986154674325548e-03
-1.054242804786345794e-03
-5.084255373408826627e-03
2.364430860453062624e-02
1.676121607956481893e-02
1.518372215215759054e-02
8.546500382347110847e-03
-4.578765339593858508e-03
-6.552993951702517153e-03
1.285308835647647023e-02
-2.411225226484500989e-04
7.602468887445188546e-04
1.603009634248269213e-02
8.544493419446765742e-03
1.338190981585137863e-02
1.813099263465909466e-02
1.274281310313504778e-02
1.159572009053917718e-02
2.121840495341716440e-02
1.789523855070044439e-02
1.439338873314584613e-02
2.664605256339947544e-03
2.175192240213408464e-03
2.679611674623339542e-03
1.166271514698593269e-02
6.212125667681707430e-03
3.431561899822249987e-04
8.029932257982003857e-03
-4.452743669841682447e-03
-9.789207683393698692e-03
-1.314076398345008327e-02
-1.435644613712639198e-02
-2.533839332293419747e-02
-1.592458522652380470e-02
-1.400112856539577691e-02
-2.428789690197676043e-02
-1.184519589561198495e-02
-8.573594151320073145e-03
-1.718094832693667709e-02
3.140416100192909999e-03
2.888509423919895930e-02
3.668799018252520000e-02
-2.742819017335931461e-02
-3.310806060521453986e-02
-2.143131401947384260e-02
9.988895271283847622e-04
-1.891805757405694245e-03
1.101746551906716658e-02
-6.631589221168687764e-03
-1.525124842727857907e-02
-2.189949762027679561e-02
6.589763438325391826e-03
-1.404945308859323425e-03
-1.324658380022118720e-02
1.165811195620587194e-02
1.233340954177890476e-02
2.246191709525516278e-03
-9.755593468203626814e-03
1.273978675912339383e-02
2.317103869244669517e-02
-2.796768384105668276e-02
-1.701695620387764715e-02
8.573655677591199634e-03
-1.577567934514485098e-02
-2.178644589373160412e-02
-9.661312400185426488e-03
1.507606859080990770e-02
1.582077810188015077e-02
1.365418080385723439e-03
6.649144568042020600e-03
9.642054901054908367e-03
1.806175506839692926e-02
-5.058601414142763729e-03
1.230048985448000624e-03
2.198279971674339112e-02
-2.878612196080633078e-03
4.791220768815633232e-03
1.339594273868752183e-02
-1.279099585764313131e-02
-1.122561873848953659e-02
-5.933190422508977969e-04
-1.287287099208339614e-02
-2.225348174991319261e-02
-1.414859808800880865e-02
1.602184595591965924e-02
2.365557150147701987e-02
1.237812661190132793e-02
-1.913936197799950226e-03
4.878469719641983886e-03
-1.627689897383210581e-03
3.160548614764786390e-03
8.565750111081255752e-03
9.584225128298233184e-03
-1.870442717411299359e-03
3.682873991767180583e-02
2.699387846280039069e-02
-3.007275263063472620e-02
-1.995656286036977603e-02
-6.791503159245594959e-03
-1.881462721392447232e-02
-2.605848561359722093e-02
5.193775303002095721e-04
-2.654736441468798572e-03
-6.621026838405579895e-04
1.218396401906920269e-04
1.111641363441513708e-02
7.816304866989478087e-03
1.544787967784017144e-03
2.082782408052971310e-02
2.079292190490918818e-02
1.640228861945914815e-02
8.605105222608029495e-04
-7.374475093562757062e-04
-1.442503562417756652e-02
-1.049651788307420395e-03
-1.401122938925949231e-03
-1.249792407881276587e-02
8.716997346741417463e-03
8.119173194306354355e-03
1.244543120667950106e-04
1.435094904446615992e-02
1.846593658092385640e-02
2.355891932283557186e-02
8.518934212051803775e-03
1.684318587834749553e-02
1.617806339562732204e-02
2.258599209226716704e-03
9.688008313629120627e-03
1.163316204647078279e-02
-7.392798288299740755e-03
3.530693570372959045e-03
-2.753843853926011241e-03
-1.442164496730879465e-02
-1.135657953203406123e-02
-1.248845171784211498e-02
-1.059858370237904551e-02
-1.716060013481801594e-02
-2.305368012692268764e-02
-5.249677625483317386e-03
-1.589870056493139158e-02
-2.146734827848308103e-02
-4.534065566017735712e-04
-8.776693490966210737e-03
-1.204386086909915721e-02
1.221149937458295212e-02
7.103237086633874212e-04
-2.625712933255437004e-03
-1.957270604811253353e-02
-1.638692181798273931e-02
-1.980701374979269153e-02
-5.710476507627896235e-03
9.471586858295006836e-03
-1.943647569724499605e-02
-4.953287455186262608e-03
7.256232339589698856e-03
-1.379881899933899959e-02
-1.027491032241391149e-02
-7.044925171643466426e-03
-1.175406385401595727e-02
-1.030888781411238436e-03
9.985624758442688664e-04
-6.125184382082836387e-03
9.583942778646738908e-03
1.115490491709530269e-02
5.506184005785705153e-03
2.210520030425319421e-05
-1.086998771837402109e-02
-1.977938621673820327e-02
3.740839569784123238e-03
-1.191722928772294757e-02
-3.002587184935573070e-02
9.118272581952252195e-03
9.992387726164850617e-04
-2.224825649150538945e-02
-3.304512261255827636e-03
-2.810676953920010056e-03
2.495792671052341014e-03
1.590164528873492557e-04
-1.924559761198044649e-03
-2.185944281967762068e-03
7.242832471812963961e-03
4.115806494463540924e-03
6.157465174609211933e-07
-4.615804443087297149e-03
3.113959512029491634e-03
1.563848798112410640e-03
-4.645614432479487285e-03
-2.928471511554185322e-02
5.370247214704854458e-04
-3.672811924936824832e-03
-1.008736145022872885e-02
1.837857913260582208e-03
2.600617154556783116e-03
1.133774547392330835e-03
9.902730208342034809e-03
3.703222877526160181e-03
2.392049079049642958e-03
1.567254776138902626e-03
1.008138613227319838e-03
-7.775366814367220495e-04
2.223612960871551407e-03
4.424842889153014248e-03
-9.445687012775835431e-03
-1.168463272374659079e-03
6.085564209524062934e-03
-1.806566494217083998e-02
1.978218771524464011e-03
-2.672152519399496190e-03
1.767697682606199361e-03
1.979917627258518439e-03
1.564407867015564155e-02
-5.159072521769553568e-03
-1.331879343606106811e-02
1.417659236324693038e-03
-1.186305016526705176e-02
3.086387888285430352e-03
1.351679996941104918e-02
-3.517122995757731175e-03
7.480458591845063135e-03
-1.255828566212816933e-03
3.446453591898810710e-03
-6.413665471463349515e-04
-1.516902389165583100e-03
-5.281811417153409877e-03
-3.975419900687713649e-03
-7.150643656755752793e-04
-6.617876914729980964e-03
-4.517413057705430349e-03
1.176907327803437125e-02
-4.374028822692658212e-03
-9.936371201639829231e-03
1.038560639885432318e-02
-2.446923117485526669e-02
-2.212635127312061536e-02
2.745710071589989310e-03
-2.138138306921928689e-02
-2.382586365266190637e-02
-1.070630987090504666e-02
1.294778873611531454e-02
-1.713158377395697374e-02
2.473392169508688287e-02
-3.880092600955450943e-02
1.433257452128941165e-02
-7.840350229814006203e-04
8.441371136895739133e-03
-6.601438005535487270e-03
5.228176582610940572e-03
2.363529920547559685e-03
-5.217031234264599485e-03
8.208548979093614750e-03
2.455091413004479965e-03
-3.711203069848706404e-03
3.118695938037207259e-03
1.317355936364415564e-03
-3.520791164060476253e-03
6.605849852147080772e-03
4.288793431017735337e-03
1.138993709215038903e-02
7.902288588292748217e-03
1.177435857232414073e-03
8.836778561214564398e-03
7.692768766761993310e-03
7.185225477981183224e-03
2.503228050385624195e-03
6.030841152758263830e-03
3.505749615178266245e-03
1.507233479340961031e-02
-5.060811997566612777e-03
-5.643439344328329832e-03
3.083713266716612417e-03
-1.595882335736760124e-02
-1.524891315964910753e-02
5.083732200478781457e-04
-6.263536504674253012e-03
-8.328524816331237327e-03
-1.101476791845332724e-02
3.194278953004273201e-03
-5.483356037491208049e-03
-1.040314928352491231e-02
1.089316372518710392e-02
6.464736269151969382e-03
-1.434766738522271455e-02
1.288805115383998218e-03
-3.516719962043372231e-03
3.633674918096899652e-03
9.973106695283166356e-04
-6.176953352037342637e-03
8.256387396481780147e-03
1.273546296391841592e-03
-8.595091689342939517e-03
5.194607336800995470e-03
9.423789835456733432e-03
4.555206982767358065e-04
3.929853071154006485e-04
-5.124986070155888689e-03
9.714593633755456634e-03
-1.593885509566207032e-02
-7.190021017679976839e-03
-1.034718093992651345e-03
-3.162106755561012658e-03
-3.320592744956669517e-03
-9.030344704930612192e-04
3.514786679191406454e-03
-1.341988408671410202e-03
-9.540808584385326602e-04
2.765648854436379180e-03
6.995945778745791318e-04
1.834191772604232967e-03
4.555473540282002284e-03
9.523682926953868158e-03
7.881809359695485240e-03
-3.244677195980697013e-03
1.268129595018345664e-02
7.823271208249649861e-03
-5.854640708612374872e-03
1.036645137932629655e-02
4.941521504810759101e-03
-1.450204520704774297e-03
-2.626839331419613711e-03
-3.241062405871480371e-03
-1.918717267227937600e-03
-3.022163075782464264e-02
5.761681307230604940e-03
4.547259778100913238e-03
-3.304488123436049446e-02
-2.204914794301535488e-02
-2.084199411175425860e-03
-2.895202670121598335e-03
-1.710550130254618207e-03
-1.442056476277578554e-02
2.822102354026316540e-02
-1.167968814437286840e-01
1.196408550447517795e-02
-2.364026374921272388e-03
-1.544876819790131327e-02
-2.047012374667870824e-02
-1.738394160691407323e-03
-2.903191033929398285e-02
-2.406094429971087842e-02
-6.851692565823354689e-03
1.935296234904191823e-02
-2.112738269177918266e-02
-1.246902985906375022e-02
4.323181352001406047e-03
-1.653139511147552754e-02
2.393219430583309187e-02
1.170018097031365681e-02
1.296260738889179823e-02
2.990218233342430837e-02
-9.713582644820610568e-02
1.731773920037095807e-02
-9.929198816363518643e-03
-3.271711584944585888e-03
-1.456243802910848345e-02
-9.390524711982754791e-03
3.926442301368237263e-03
-3.312485661738789194e-02
-2.167840379400224129e-02
-1.874236600860990781e-02
3.734837842661790225e-02
-8.769806844052275771e-03
-3.089682864905017243e-03
-1.515452810260593808e-02
-1.368636737970739363e-02
-3.228863323355754718e-03
-1.248221042530338332e-02
-6.551663551455915759e-03
-1.552900477318258990e-02
-4.592965801246018387e-03
-1.252149561263316132e-03
6.790058683290794463e-03
2.153453928779855159e-03
3.450610304333153605e-02
1.347554310304162166e-02
1.821673485304468876e-02
3.275236463347155902e-02
-5.820038771662316979e-02
1.697344193727960346e-02
1.370853782757992627e-02
-5.735670490670346372e-02
4.486616366552607232e-02
-1.399502734699755932e-02
3.639043570778666831e-02
-5.270705214804303346e-02
7.118104920091324062e-02
-2.774040170793144466e-01
1.406041809159043754e-01
3.614642409993767264e-02
-3.549072294663095650e-02
2.051668430849529559e-02
2.175750572766450494e-02
7.775603899936944265e-03
9.121542375724258842e-03
7.406030528818831685e-04
-7.745187827929130367e-03
-2.869544416295432936e-03
-1.580986040376917631e-02
-1.120501924861457173e-02
-9.984072032298819954e-03
-5.195017878370749090e-03
6.144699058126499268e-03
-1.702060913916972340e-02
-5.021157454580543397e-03
-3.623572002088495860e-03
6.336647654010462045e-03
-4.669621327747546652e-03
2.187319610884818494e-02
-7.321629669008096822e-03
8.084841298704509641e-03
-1.956655095720325616e-02
1.069839914444015855e-02
-1.924003929510725505e-02
-1.794978326315579964e-02
-2.164537561222101836e-02
-4.558034941555151424e-03
4.559332851737166181e-03
-8.789175513511122279e-03
2.473109996341164114e-04
1.465996291031249066e-02
-3.316596771644517161e-02
-1.474409190549767941e-02
4.381769114979551689e-03
2.472374913338482375e-03
-3.031114199855112004e-02
2.268354629354235943e-02
7.006765870793105894e-03
-1.602315524085786563e-02
-1.010786555209433613e-02
-1.059670454890356862e-02
-1.724657507717703570e-02
-1.354294100244569617e-03
-4.526804773547424623e-03
-2.123618396343645437e-02
-1.687788395544981279e-02
-8.696044466444644190e-04
-6.907840474851436978e-04
-2.945688230660861717e-02
-2.836048896976079217e-03
-5.703152523148496272e-02
1.466917297982393495e-02
-4.851690490458684946e-02
-2.541129701820609571e-02
8.930822600458380653e-03
3.399609286965978375e-03
-2.006927227549767587e-02
1.286217007363106395e-02
-8.372049424480850974e-03
-1.838292708417701288e-02
1.082961689022200920e-02
-8.513491864020585748e-03
-4.812298766646855817e-03
7.238457442580856736e-03
5.220473169900706999e-03
-1.001471334751912086e-02
-1.148974988628814059e-02
1.417276539915901870e-02
-1.162379936801817169e-03
-1.749673546898122475e-02
-8.646889582140751020e-04
2.903831563463829361e-03
1.558362297560549970e-03
-1.006912353231187787e-02
-1.133127999653170057e-02
-2.372423637353264503e-02
-1.370007707689959234e-02
2.512203770890964632e-04
-1.794451751982835408e-02
-2.141563327248422952e-02
9.270310943146061605e-03
-1.673359324926802436e-02
-2.434678519490417192e-02
-4.738384735574584922e-02
2.083114567711452994e-03
6.154773998502788279e-02
-2.964693503165374486e-02
-2.003568519518871341e-02
2.617026034077698723e-02
-1.548184469060592122e-02
-1.159399664433781799e-02
1.946395556964272298e-03
3.212425689057563788e-02
8.704842718936747770e-03
-1.380020784658673311e-02
3.384833107489459980e-02
1.983108673604153799e-02
-3.650404575120860112e-03
1.226101423697461418e-02
5.644992687064607183e-04
-4.038846017478134841e-03
1.665328944025762023e-02
1.801371135206871962e-02
3.162773639344933913e-02
9.266853621435559504e-03
1.804189464625490305e-02
2.374182955011450852e-02
-1.707123615647963832e-02
1.023101068138734283e-02
2.018333309792348304e-02
8.723423354483289191e-03
2.457445069546635233e-02
2.555965065787230844e-02
-5.445669689457067163e-03
1.171053715901683445e-02
2.237206475732985908e-02
-1.081349753297783378e-02
-1.635168240475287247e-03
-7.075647845613977291e-03
-2.170482202404911548e-02
-3.455369276254740673e-03
-3.532253742745590681e-03
-1.454429828250148465e-02
-1.624649280683127667e-02
-3.527478087358852914e-03
-5.773994022377348413e-03
-1.669775274251939293e-02
-8.987845419879798847e-03
-1.772849188170833729e-02
-3.736792650521352649e-02
-5.581994931952485514e-03
2.092325888767549574e-02
-4.018915753402016455e-02
-2.997065871729917910e-02
5.535472549874199261e-02
1.189866176429780868e-03
-1.807476639560540166e-02
4.478266775929985732e-02
-1.404094639234074009e-02
-4.282915490195168123e-02
7.101410498085809764e-02
1.153950622799835429e-02
-3.291719980789180322e-02
3.295917137139377229e-02
4.335387540410817059e-02
-4.684566095164634236e-03
1.586347357760746132e-02
-4.773121718950988981e-03
-1.725857292142355878e-02
1.581811578944044769e-02
-9.370769245375949741e-03
-2.834238901706793642e-02
2.366700325193958621e-02
-6.324824154894191815e-03
-2.280254521423222616e-02
7.959548190752134891e-03
5.865960785178011942e-03
2.494030272271399729e-02
-7.173341262742751346e-04
4.003704024009446631e-03
2.915802556439369558e-02
-1.898207772171180488e-02
-1.154440827813257332e-02
1.533089745959499532e-02
9.277085823144374729e-03
2.692947804036363926e-02
1.834402670609533090e-02
1.745949590638741587e-03
2.100032626194995450e-02
3.155190562163218831e-02
-6.093627501074303909e-04
9.444429734305488655e-03
3.334094123715211633e-02
-1.468875471786239978e-02
-2.602064055844812568e-02
-2.269651642810741402e-02
1.728737330150428506e-02
-1.495358483168646863e-02
-3.200208664446381468e-02
3.166580369612171514e-02
5.213064767236775740e-03
-2.398262096290231654e-02
-6.465347769073917505e-02
-1.968802763107403622e-03
4.711992236200048673e-02
-5.656199282896420127e-02
-2.104280218910772882e-02
1.933829458013236122e-02
-4.527401822512060192e-02
-3.015361815261104195e-02
-2.248384663129968444e-02
-1.692476591249782517e-02
-1.074773732343281725e-02
4.461413130154293603e-03
-9.222725447554721775e-03
-1.469007001320335806e-02
-1.479007226130832527e-02
-8.839723536841979576e-03
-1.279613131477835668e-02
-9.718012076725457415e-03
1.151378975822271895e-02
1.627460591547258287e-03
5.882927457025969621e-03
-5.753993876589882277e-04
-5.187834127271762248e-03
2.421085311299346014e-03
-5.019665004249699745e-04
-6.499337625805965205e-03
3.792477132624264263e-03
1.138603262120547847e-02
-1.121723486661482111e-02
-1.226075233247382601e-02
8.938747744821617935e-03
-1.499361945645001810e-02
-1.831934478948115536e-02
2.187258066797539979e-02
-1.111636183161976779e-02
-1.802049565090638877e-02
1.534545695140175810e-02
1.182024238206626048e-02
1.534472946476260480e-03
1.739549474541442903e-02
1.719664223781227491e-02
1.406216782885857247e-02
-1.370239653250908927e-02
-1.077647343638550755e-02
7.647304387454768523e-03
-3.414640367685550792e-02
-4.650498258380007105e-02
-3.618233827673977832e-02
3.678667246128421858e-02
1.747242605384424427e-02
-2.000608530425277126e-03
3.742615205461055639e-02
5.446709869628028888e-02
4.193640237087132433e-02
3.395170457077816006e-02
1.301304059872611732e-02
1.274096777187563694e-02
2.313361226065374990e-02
1.617995409440211793e-02
2.018716130356211155e-02
9.879780222346314436e-03
1.142082620346755208e-02
1.987154781829242323e-02
-1.380387777908654787e-02
1.261246725888880323e-02
1.649156236654747421e-02
-1.649134708073564382e-02
-1.346302920857305515e-03
1.821685927448807611e-03
-2.533745544138106195e-02
-2.077671970522101258e-02
-1.191366566011161157e-02
-7.715554116117531724e-03
-8.857400101476113619e-03
2.423690001889833388e-03
-5.511073330577502018e-03
-7.841050674409908577e-03
5.999189237105080619e-03
-2.422479019198267331e-04
2.441464536729376182e-03
-2.401842618300078624e-03
-2.765645679690680210e-03
-1.229615499175487278e-02
-8.362679585051152956e-03
6.735955771179819723e-03
-3.652346223368757409e-03
1.960978449075614742e-03
8.138004620748571366e-03
5.322805349914162647e-03
6.537598062135194926e-03
2.379020707602088822e-03
-4.331847449115031404e-03
-1.435181694819686292e-02
2.128013956249249702e-02
2.147189104699615339e-02
9.718993654968425405e-03
2.273759759788202060e-04
2.220511864113402720e-02
3.065397623963810395e-02
-1.616559363372857550e-02
-2.784312753625117764e-02
-1.880319287409054976e-02
4.765798163004555943e-03
-2.409305142157617055e-02
-3.318572662251503824e-02
-3.105934686498245702e-03
1.562540385682006580e-02
1.137562335917614680e-02
2.608962101076659889e-03
7.240983992870546511e-04
-4.470032056132688426e-03
-1.721787031588332007e-03
1.276347895338521363e-03
-4.462018400596855054e-03
-9.839393321665635198e-03
-5.190929514207458240e-03
-6.209976113686253851e-03
9.524312848185082989e-03
1.696091414112044921e-02
1.413847409081469240e-02
-1.430859832147119218e-02
-9.298041360182907750e-03
1.878629921703109276e-04
-2.020678909043185922e-02
-1.927727286330592482e-02
-6.005877987873920430e-03
1.052903432974444491e-02
8.057123535290979313e-03
-6.745082095553148736e-05
8.046805065734619761e-03
1.129236336549778973e-02
-2.587980525260164064e-03
1.000488244879335024e-03
1.033244878174090046e-02
1.102673153132769507e-02
1.479743077094249331e-03
4.736651693369413677e-03
-1.712377965182127967e-03
-3.431337755846550295e-03
1.122204420196877203e-03
4.335910610003710849e-03
-8.763047506343010426e-03
-2.533641399626631371e-03
3.021571173629395823e-03
-1.748198294984123699e-02
-1.424419915895792400e-02
-1.114836514453639883e-02
-4.754878328413807143e-03
-4.224680683651883990e-03
-9.688763400675540899e-03
3.285894787682911659e-03
6.409458691097710999e-03
-3.296015373697226605e-03
2.239691677089691510e-02
2.069606646391428106e-02
2.222128732322213238e-02
-6.661355649282483561e-03
-1.330839299802957613e-02
-6.165899393595583068e-03
-5.123370853000681728e-03
-1.683346494051473838e-02
-2.213014176906598351e-02
1.616031464621756411e-02
1.440994680846468222e-02
1.055971166090657019e-02
2.016650552694085677e-02
1.261320461279433376e-02
3.391757638745717795e-03
1.145183005144429292e-02
6.609233160189046871e-03
3.318141193603620261e-03
-8.535807052782739407e-03
-1.595428612429245288e-02
-9.637741201485420378e-03
-1.073027489521437110e-03
-1.077007747432076439e-02
-1.429880102298431571e-02
1.129940949071427288e-02
5.509312830851229980e-04
-1.716338327095657396e-02
-6.433659313068306948e-03
-2.241197775283935902e-03
3.034249495849307508e-03
5.391680133347478282e-04
2.218628933859350793e-03
5.593924551358436456e-03
9.350774540411589675e-03
8.354987847042779150e-03
6.088321706762335993e-03
-2.193294356533519000e-03
3.259943761328984186e-03
-3.623526621688044104e-03
3.678034027586728639e-03
1.353062081807164052e-03
9.457003848625873850e-04
4.243579497884472293e-03
6.511771703202769851e-03
7.765580412645370356e-03
9.299469340829123049e-03
1.254534104295309052e-02
9.504188356323224618e-03
1.505402749807206383e-02
1.672365809274619503e-02
1.390615363745509661e-02
1.126969695215280197e-02
1.335264051787964958e-02
1.326050730637149365e-02
-6.492075185019898637e-03
-3.391596364225187097e-03
-1.020814634413977394e-03
5.808674795607062652e-03
9.921333094823318530e-03
6.877931794849074902e-03
9.852130868671012467e-03
1.096837596392363605e-02
5.001327087536821397e-03
-3.321869741009094660e-03
2.830723657630915702e-03
4.493913150855119616e-03
-6.373363139220333123e-03
9.546574219719163165e-04
5.635816697132802096e-03
-8.954632726651642199e-03
-1.619714667771202663e-03
-6.384967559166210803e-04
-1.801320044529278186e-03
8.371181532004049754e-05
8.591813689518782576e-04
-3.842008055418859227e-03
-3.965354752831314576e-03
-8.162096389087137270e-04
-3.068631503939974435e-03
-3.750958587299761757e-03
1.105414461444594000e-03
-6.300357611082493120e-03
4.735542698159084934e-03
-5.528837798423239620e-04
-5.060393079008684847e-03
3.743504431691027905e-03
-1.359543351186584103e-03
1.353286484531383100e-03
7.026920654716752035e-03
1.154331883202546665e-03
-8.240646831051119323e-03
9.933345519722322145e-03
-7.214676785213925726e-03
8.441622954595384698e-03
8.067178306561718221e-03
3.926429340747119591e-04
5.385700172379457272e-03
1.176671103234907569e-02
6.013782680938271549e-03
-1.530182329697768809e-03
-5.126565631171851574e-04
-2.006360719742239930e-04
-1.429641606821221034e-04
1.289925529291325755e-03
2.561919082751321596e-03
-1.436041275210016331e-03
1.792181366145081164e-03
3.714358803448383848e-03
-1.154020660819697272e-02
-4.604494986327110038e-03
-2.171570148618485845e-03
-3.338698996476802301e-03
-1.780526973499518134e-03
-5.420497618071621476e-03
-6.335951615281979268e-03
-7.208873942675168150e-03
-1.365005952385555180e-02
4.685980691831776075e-03
5.062100848577989060e-03
4.326165393489485658e-03
-4.371272238754990219e-04
1.518256170962304155e-03
9.201927691570231356e-04
-5.039191686742889274e-03
-6.111930802675937663e-03
-2.698979648973896545e-03
-2.843812867694970811e-03
7.462385922602374037e-03
8.797469218707616723e-03
5.452461959602836021e-03
1.218450098798434626e-02
1.049587681389348680e-02
8.286095103717321456e-03
1.215262046142412226e-02
4.942980007118023648e-03
-4.133115794079143292e-03
-4.326882723128004302e-03
-1.059729688232889135e-02
-5.126606906091528762e-03
-6.135698672610057254e-03
-1.185994490838194332e-02
-9.236270006155768153e-03
-1.067745166935080495e-02
-1.554217948928841159e-02
-6.129427731365388182e-03
-1.169697697648461321e-02
-7.229151946986971111e-03
-9.898854077745003477e-03
-1.022359281072758586e-02
-7.623028542549796331e-03
-1.500809689396902930e-02
-1.419074752959629225e-02
-6.814809158781249231e-03
2.336997021994944440e-03
-1.652835972185002058e-03
-6.169336150731997287e-03
2.562665984841868642e-03
-2.370091600502899527e-03
-7.406178654207120141e-03
4.433446658660434095e-03
8.642708037601938087e-04
-8.281228142307477504e-04
8.234777094677023582e-03
6.632731887922348711e-03
2.150954037876534868e-03
1.089841165410113111e-02
9.802968960224093392e-03
7.227702264271736350e-03
8.343353380220509125e-03
9.802628639813579584e-03
8.903899366569370186e-03
6.989675972495668511e-04
1.931459544603086756e-03
1.909662996789573096e-03
4.569936187115602230e-04
2.098429220032500646e-03
4.977294146226371452e-04
3.128933416774138179e-03
2.985695017309527525e-03
1.091195622506839795e-03
-1.426031071005204884e-03
-1.478954883461376961e-03
-1.983687403054948395e-04
-7.352195933432798458e-04
1.559841117957073379e-04
1.519743760448780167e-03
-1.044542323845570886e-03
-1.683326924111929086e-03
-1.100772541129945402e-03
5.522192806049586004e-04
8.365121995828952170e-04
1.583378816429113854e-03
-5.294828037719221585e-05
1.041812216970455307e-03
1.693851974674562971e-03
-1.902716398708425042e-03
-2.151579669081320114e-03
-2.451689492672881176e-03
3.326769195666809398e-03
3.727991903517437894e-03
1.514439078629613473e-03
4.833178548193142396e-03
2.696914549151718365e-03
-7.709569370938812753e-04
5.458324223785090794e-03
3.883748606009239986e-03
3.615251047084726624e-03
-1.106709799404420906e-03
5.481172115684751793e-04
-9.221520928350842141e-04
-4.089045425970904411e-04
1.453750031901535848e-03
-1.079292062672670581e-03
3.276559712311542284e-03
1.947721119803762907e-04
-3.145621886396470467e-03
-9.006884198960582108e-04
-4.939314436275812556e-04
-1.446118518548335490e-03
-2.203561249610032878e-03
-9.584145757244428264e-04
3.262560315931998731e-04
-1.733247497198773298e-03
-1.039184085142652982e-03
2.108126270514255136e-04
3.180509228730862576e-03
5.999994815714545203e-03
2.313389783956173746e-03
6.853502742322500375e-03
5.404370516641488625e-03
9.712137383584274180e-04
9.602378126799204772e-03
7.962168300566393325e-03
4.696455284636744392e-04
2.040097037803118973e-03
3.956584825973056413e-03
1.946551299668806620e-03
9.007859223535768026e-03
1.022357136527366622e-02
7.113705835892497262e-03
8.547122142327754496e-03
9.740651570946055535e-03
9.657782285296992800e-03
3.274291633478340017e-03
1.944868368806795204e-03
1.099677936632723280e-03
6.989826137318979303e-03
5.500442316394805672e-03
3.704036331932518758e-03
7.079199900789936127e-03
6.439801318622436800e-03
4.536302502184440602e-03
-7.126084441859725435e-03
-5.913676306880609988e-03
-6.405729890860330580e-03
-8.187525161563511886e-03
-6.665572893371132096e-03
-6.085961417376994052e-03
-8.744003832171935719e-03
-6.912214904361439760e-03
-4.762590613473650925e-03
2.493974117881324858e-03
2.581446364559253272e-03
4.238650509427147224e-03
-4.887758417907964875e-05
1.448933338177387257e-03
4.526580614555104388e-03
-4.186217673136621853e-03
-2.754174356606771314e-03
-1.150679639350515393e-03
3.506467766489693421e-04
1.914959304398061160e-03
-1.844478521510665905e-03
3.135170681146186820e-03
1.647240166420748829e-03
-1.840405229307243151e-03
1.056233483245247115e-02
8.786131631253118329e-03
4.801379196046608351e-03
6.167311735402679698e-03
4.943745725985759613e-03
6.183220261494050494e-04
5.447939060605389364e-03
3.537986582578483193e-03
3.666698391036717140e-04
2.598153105186702845e-03
1.957629333620705507e-03
5.806619065300286722e-04
6.725206789553663835e-03
7.623242487894199559e-03
7.375832714043009317e-03
1.789003562868046824e-03
1.792171298380324743e-03
3.088508627628298517e-03
4.748263480939809641e-03
3.671089332277030319e-03
2.136583741630983246e-03
9.911085790559423948e-04
6.072714938666675527e-04
-1.378119109446594660e-04
1.402194013533689197e-03
-2.549837335382694885e-05
9.297986987998037658e-05
1.122357012058015002e-03
5.158399584443317182e-05
1.441122864135518434e-04
5.753077788032622333e-03
2.314474053916126296e-03
-1.564169138423512039e-03
5.652459553172521980e-03
4.524689375202454317e-03
1.853987437736599221e-03
4.107488483053444318e-04
1.176347832180762781e-03
2.452358668235316333e-04
2.077347701850715614e-02
1.375426646198332076e-02
-8.313911253735339381e-04
1.088427370384422929e-02
6.267210703588754588e-03
-5.053914901113324212e-03
6.905962366492037104e-03
4.903585039187431313e-03
7.776928464048609877e-04
-2.677367258814441608e-03
-2.535686979721394826e-03
1.373954339903642359e-02
-5.398773351229187167e-03
-2.640777470458522888e-02
-2.339674685255974107e-02
-6.885851531053288274e-03
-2.039259560563122867e-02
-2.859418360567528641e-02
1.677092766210334365e-03
8.670730895656203474e-03
-7.226464891973679097e-03
-7.556332001222816142e-04
1.349782133160652188e-02
-8.720753376545721178e-03
-1.477978798178629372e-02
-2.737735405327497949e-03
-1.167124025151471643e-02
-1.319244440800699213e-02
1.001086307936393908e-02
2.603739494422161946e-02
-3.401936121641156718e-02
-1.833485025613736455e-02
2.763568689352806015e-02
-2.326896210033695817e-02
-1.929055043338963327e-02
1.597982416638250164e-02
2.431829737438294045e-02
2.814533926681249756e-02
2.558938302365419692e-02
2.507155049286888607e-02
1.495250623419370345e-02
8.947010039669125656e-03
3.198481861148525646e-02
7.836856966764020951e-03
-1.608331988036781554e-02
-9.183797648617295778e-03
-9.140736479319917090e-03
-1.963289551729752863e-02
1.047935468699600454e-03
-3.575909104265055736e-03
-1.479724093734233366e-02
1.306386531879501559e-02
3.709620625928716688e-03
-1.413707073671047199e-02
-1.886680948685033913e-03
1.023272647795307397e-02
2.609190735757648330e-02
-7.036499469530170699e-03
3.193604280515130282e-03
2.181264751313396338e-02
3.298220463701550392e-03
1.290155961840789775e-02
3.396820776955064569e-02
-1.086473189099976602e-02
-2.752111342521896750e-02
-1.799128852331916342e-02
1.515460055265597551e-02
6.388673714874494765e-03
6.004860529644475732e-03
3.129001297465958120e-02
1.994343734010337391e-02
1.974620204984328404e-03
-5.548744370077601795e-03
-7.160404078408384373e-03
-4.109980138694535080e-03
-5.910023430596677597e-03
-7.702179742233350272e-03
-7.205709115439218326e-03
-6.503001851691845962e-04
-1.061511429942159877e-02
-1.528309835292590742e-02
1.793084665530311414e-02
2.042158963806958716e-02
2.872849100213631379e-02
2.577128228840443701e-03
4.234864120652232639e-03
1.382092607967722389e-02
-5.491518175435443870e-03
-4.405241593284175972e-03
4.163264674035983999e-03
3.652946854337126015e-02
4.478684809808038125e-02
2.953072253903397254e-02
1.337287973946767877e-02
2.757769101710135298e-02
2.798019577678205472e-02
-5.679570500465213646e-03
1.292395801743783518e-02
3.689328416063732130e-02
-2.846607784757027373e-02
-9.874511009694100436e-03
-1.743651151098638517e-03
-2.261058025642999694e-02
6.236247916443005135e-03
1.718742510480725932e-02
1.019914535689641971e-03
3.153985319541234567e-02
2.554743133856575768e-02
-2.210164068708177741e-03
1.425238971982134908e-02
1.637811313018017884e-02
-1.508211718033663183e-02
-8.917381318794407805e-03
6.191698646873308211e-03
-4.838282190081707491e-03
4.170375137410666649e-03
1.620340415308104201e-02
-1.483200648466560280e-02
-8.938064350269624841e-03
-2.160010988467333040e-02
-2.044313145182138306e-03
-6.256917765927620992e-05
-1.360368687456881519e-02
-2.122790051283645479e-02
-1.651957053598768557e-02
-3.775424512732755873e-03
1.117825577301273868e-02
1.110147287475895909e-02
2.361203561128103964e-02
1.194839306857137587e-02
1.601670200564415253e-02
2.874521504243428976e-02
8.943319814633589673e-03
1.977220230574953941e-02
3.171367482925526587e-02
-2.488997711621962483e-03
-9.058720086686507939e-03
-4.611388153301640598e-03
1.086266573602849041e-02
-3.721595976168067671e-03
-3.847055815826290904e-03
3.299084128196869137e-02
1.008144848914764059e-02
-1.349398634878531174e-03
-1.361257242994097505e-02
-6.278975539609314704e-03
-4.493402498904638595e-03
-1.201956367099730333e-02
-2.457732140722644707e-03
-2.321738260020901352e-03
-1.352527273442496493e-02
-1.540220033766047901e-02
-1.082267012817932951e-02
2.785352778007492078e-02
1.970190800050522148e-02
2.031980206351872292e-02
-8.587120155353398718e-03
3.956941615471378133e-03
4.921791870192014813e-03
-1.223189758730145946e-02
-1.032970074585116103e-02
-6.654155727490638182e-03
-1.653878216702529824e-02
-1.476188696231612967e-02
-1.388289982703542515e-02
-5.408764481161306911e-03
-5.624149199182634958e-03
-8.834183620011974714e-03
-6.248418558953256451e-03
-2.705587809448519246e-03
-1.002113977258639425e-02
2.040989173603719939e-02
1.160422652084249287e-02
1.270943123118839849e-02
3.314101912655681350e-03
-5.507280267146772400e-03
-1.049378052059175229e-03
7.507095858439772479e-03
-3.577781261275708898e-03
1.390600305880471815e-02
-3.457012513258792691e-02
-2.055082057099810733e-02
-1.664742837237531345e-02
-1.889394239927369174e-03
-2.692747135677821518e-03
-1.172041749694120900e-02
-1.930337662474796443e-03
1.968674595538676651e-03
3.922359585306987168e-03
-4.517491905467690624e-03
-1.197385688609387856e-02
-9.767624427259284300e-03
3.050126899918619884e-03
-1.130023139249333383e-03
-1.657848150904120757e-03
6.269781076080219694e-03
1.425056066751569398e-03
-3.723156671126241855e-03
-8.651123903847613220e-03
-7.470678325349248972e-03
2.583651470650957446e-02
-1.972792958148914672e-02
-1.315261196890822257e-02
4.250549580031644410e-03
-4.142029549814376949e-04
-4.951359851237908082e-03
-1.256027496151430325e-03
-2.262959480270075596e-03
1.972357120364504925e-03
1.665519347880358228e-02
-9.076383064689993313e-03
-1.470039478947426231e-02
-8.585173229113520019e-04
1.805551335019595083e-02
1.347095182882938370e-02
9.297148744093952991e-03
-2.647025598955393970e-04
-6.498840730317124732e-05
7.043212982894727497e-03
-2.732266631049293237e-03
-4.177631495635142529e-03
9.707411582380294588e-04
2.677103616296595909e-04
-1.008520409769906754e-03
-2.241086299110824857e-03
-1.544955995402919405e-02
-9.674332668411739916e-03
-5.390008014102005106e-03
-1.770104534393151033e-02
-9.911631684364430317e-03
-1.680548563854089746e-03
1.922791636252139599e-03
4.177805849581015495e-03
1.172325172940067925e-02
1.806900090692334718e-02
2.552953876911638522e-03
-7.913841486433663766e-03
6.928976465879638572e-03
3.615085472848847837e-03
7.911180823248842656e-03
-1.399805943127790117e-03
1.266004151343010867e-03
-6.098017172981625832e-04
-1.756713241131462738e-02
-1.022669538499301756e-02
1.098512061159133586e-03
-1.403734509462475563e-02
-1.194525718933784827e-02
-6.903668621840654447e-03
5.417514506909381668e-04
1.807392236483746544e-03
7.840424821941718164e-03
6.258531715550885374e-03
7.976940665941368094e-03
6.197671046109732435e-03
-5.119400646314990755e-03
8.357309413821309083e-04
8.087353323149842205e-04
-7.915870018480791748e-03
-1.227741040147842418e-02
-3.865361381496646223e-03
-1.644080811805257586e-02
-2.822673624610570406e-02
-3.203703379529231066e-02
6.594028568709260629e-02
5.539884925827812112e-02
4.691730975473856757e-02
2.942760022531485352e-03
1.919808222099647632e-02
-5.896220135735818178e-03
-3.392907228308250471e-03
-5.550653753699842999e-03
-7.123279892940523328e-03
4.211385069921707094e-03
7.696670542839042888e-03
6.773323432343017654e-03
4.191049216623639675e-03
7.372894480681112597e-03
3.337448078635785187e-03
2.836016174095851682e-03
-1.665536234005089190e-03
-1.552072461210954671e-03
1.880054361127125526e-03
-5.413060713044500101e-03
-6.540788626191245195e-03
5.529817594029637351e-03
1.582741304596642536e-03
-5.355539604330783639e-03
-3.277287829630884646e-03
-3.181335091182143845e-03
-6.050223416970559398e-04
4.095697501693129454e-03
1.187860785031711643e-02
1.848757668233230733e-02
4.161949547863754220e-03
4.686316886872365743e-03
1.335356481427619514e-02
2.595208510350054641e-03
-2.308254927056667752e-02
-1.136441926189418229e-02
5.574484970775687477e-03
4.533454778852694274e-03
-1.113756795041081875e-02
-1.869729748097668110e-03
-2.223437922340639177e-03
2.709340584296510233e-03
2.468782418633380313e-02
1.976722007457349523e-02
-2.014698288675508507e-03
1.093555446764955114e-02
8.829744437530918553e-05
-1.320004413720910277e-02
-6.382762969649004477e-03
-1.761242073943978040e-02
-3.021827995748633741e-02
-5.920216999192365846e-03
-6.050464206278523098e-03
-9.795503274376020711e-03
-1.432920012880434940e-02
-1.383749009694182873e-02
-1.735046203815108698e-02
-1.564822672184195892e-02
-2.111662908175471545e-02
-1.055307428638673981e-02
-1.847605944160845073e-02
7.440846498350740974e-03
4.276193012590496362e-02
-3.023498728826165115e-03
1.788928213796173172e-02
2.265825329908853492e-02
-2.318944686062579530e-02
1.445037503275520448e-02
1.812172356874215337e-02
3.138823944664004360e-03
-1.041905882953236655e-02
7.560675451810929155e-03
9.515822119866261183e-03
-8.925406222232536504e-04
1.106448993896508304e-02
1.766066195117755450e-02
1.691316190052170529e-02
2.576529459862255192e-02
-4.686924005212957968e-03
-2.131267839858027105e-02
-1.798849710847701469e-02
4.461347384991301915e-03
-9.631043148022770195e-04
-1.285388378165806464e-02
7.337965922227364900e-03
1.004139006111874795e-02
3.659060306421250356e-03
-7.030999171618081307e-03
-3.615954132478623601e-02
-4.198492669643168022e-03
-1.392409578548079591e-02
-3.457263945642804212e-04
-1.752214532923617590e-02
-1.227127655779990155e-03
1.182242213493774757e-02
3.016414866883068355e-02
-1.441078114131431540e-02
-1.468560869339528320e-02
-9.730654031727110562e-03
-1.118517709021519049e-02
-1.110495977868974915e-02
-9.934651968250805126e-03
-9.620690494048006816e-03
-1.130542227989363158e-02
-1.237176030274561057e-02
-5.210466074884020395e-03
-2.153480396264131555e-02
-2.686564514023851921e-02
-4.273742672677725667e-03
-1.445412604653663162e-02
-1.669153540831690846e-02
-1.289221404373921270e-02
-1.954024528139373940e-02
-1.257245870544031023e-02
8.505910601701614305e-04
-4.101629253683540186e-03
-7.436192781917983809e-03
2.321772828515600469e-03
3.723069101774094218e-03
5.206594409195076413e-03
1.748554072386209954e-02
1.574548039141289088e-02
7.263923467282103023e-03
1.727863247810657683e-03
2.101687284980358408e-03
1.229611438652199878e-03
2.327279211787295406e-03
6.061337026899335165e-03
-1.035875345605713222e-03
-4.910240910390647161e-03
-6.413724204244451201e-04
2.797853936417959986e-03
-6.455232833740011909e-04
-5.509498611993076701e-03
-1.104541587567559567e-02
-1.073534536117680535e-03
-4.274095881780111926e-03
-1.306728227682663578e-02
-1.377912441511408050e-02
-1.758311698936485673e-02
-1.872364281540889186e-02
-1.050729164667482674e-02
7.771658850800907889e-03
1.104946684707784274e-02
1.562637457763719692e-02
1.050793066445365222e-02
1.692321022356556987e-02
1.099738175303281024e-02
2.010641914949045424e-03
-1.109377696756028674e-02
-3.222938389978271308e-03
-4.805795203765508665e-03
-7.359562356419182411e-03
3.412118265681443434e-03
4.517867529965065819e-03
8.032436758367856797e-03
-1.280100943377026181e-03
-2.667521321158464577e-04
3.768457371818157223e-03
8.976439149322900518e-03
-7.991033602821297687e-04
1.644090872520748538e-03
7.673507109142260751e-03
-7.651968814249161463e-03
-5.334028548885313276e-03
1.702327155820820446e-03
-1.015485430489055166e-02
-5.695946455163585116e-03
-7.956825362035532465e-03
7.026274485836358878e-03
-1.090515920486260582e-03
-1.075615370274417629e-02
9.585486390328185405e-03
1.273670355538866761e-03
1.030326101902955156e-02
3.488002225031310022e-03
1.144348264993791994e-03
3.123683506945331909e-02
3.931337425505794514e-02
3.333125457552953141e-02
-3.439245243527606910e-02
-8.429022678788322676e-02
-4.996021854124249421e-03
-2.519943162881735713e-02
4.174768510615156636e-02
-1.107781360736882943e-02
1.670019746426129256e-02
9.959295091275308445e-03
-8.963866526861854729e-04
6.388562278494755442e-03
2.552188220689550688e-02
1.772007907090152263e-03
2.774590560967651887e-02
1.301506339295152581e-02
1.165568657027860403e-02
-3.214811712267454363e-03
-9.931953476491953842e-03
2.496651253934971393e-02
2.087451755686574664e-03
-5.672258080584671042e-02
-7.286987569387904859e-03
2.382651353293076257e-02
5.878439255841669264e-02
-8.787487244286512969e-03
-4.270687182975297031e-04
-1.013118654935695959e-02
-9.389943496633239295e-03
-3.723898619948106531e-02
8.837919692943987417e-04
1.648470805012134180e-02
1.074554536853337093e-02
1.806060739132636650e-02
-2.706052957837744646e-02
1.710269778757169540e-02
1.650081227786615382e-02
1.074216084248792204e-02
1.260293158950663572e-02
7.177085543867143744e-03
7.724432807214381969e-03
-1.293136609202797001e-04
6.151239185426591151e-04
-3.179419964256616129e-03
2.615882275497487600e-02
3.648959572425121423e-02
2.225217652444147140e-02
-9.775396329860413722e-03
-4.163281562316241413e-02
6.182775172351757812e-04
-1.125987512255259212e-02
-1.488549731042350388e-02
-3.283020686791638092e-03
2.885231763173902453e-02
5.753253781832434050e-02
-1.670496527272138584e-02
-3.189719951665716258e-02
-1.662034102997358709e-01
2.140972109005740212e-02
-2.273338609249983544e-02
7.990488878511833870e-02
-3.305968438876476928e-02
5.380238131112722103e-04
-2.679934114004423659e-03
-4.225937917635804938e-03
-2.286607345722170039e-03
-9.267384040889510566e-03
-7.903891596516939705e-03
-1.234194280018172584e-03
-5.578275211347061974e-03
-5.819054292129519296e-04
2.753823895072682326e-02
2.540136867813206148e-02
1.843320710661211850e-02
7.972634236009338085e-03
3.456163754013411114e-03
6.193593613376058120e-03
-7.888725560659538404e-04
1.109116156963796049e-02
-1.273758296173474469e-02
1.805780913617830233e-02
-2.696620017550400202e-03
-1.213027222790606999e-02
7.269838353381399701e-04
2.042561151525334410e-03
1.239154686390635425e-02
-9.241389740008985540e-03
-2.009540393939640221e-03
1.434726735178858299e-02
4.097126437352034342e-03
2.090089657821623051e-02
9.405135201648852361e-03
5.390870233062611608e-03
-6.044285151810116280e-04
1.480148310631217287e-03
7.465473149000802396e-03
1.140877937410252714e-03
-8.985692124758779681e-03
1.222038111412471033e-02
-1.414742186351319827e-05
-5.476591594646491173e-03
2.177257840909295038e-03
3.378793266782214103e-03
7.369003381997119538e-03
3.380199366226376446e-03
9.431608818600887775e-03
9.321590489610211139e-03
-2.774530349361974471e-02
-1.303482230670936770e-02
-2.316690806886164203e-02
-2.417317393003907185e-03
1.268202507936977419e-02
4.775387358279157939e-03
6.939945303938324477e-03
-1.388345418422319219e-02
1.293916983302695854e-02
-8.352708429881982796e-03
-4.215844709556729186e-03
-1.066675372895659231e-02
3.402358663180028546e-03
-3.763959461076044955e-04
-1.803434403963941751e-03
-2.590112025170720317e-04
-5.647514913489486491e-03
-4.213510400675570151e-03
1.562028013321281432e-02
1.410052969881796410e-02
9.716015010534921614e-03
1.153841020757829204e-02
1.264255573804181840e-02
3.294090907398627434e-04
-4.721165856657037231e-03
-2.361874546496097425e-03
-9.477377244592266950e-03
9.158118789221068520e-03
3.417300525961920461e-04
-1.380055287315974481e-02
1.118266790378406698e-02
8.896192334843702060e-03
-2.362366110601074598e-03
7.281034465803685150e-03
9.380139012529976200e-03
4.630443382424969008e-03
-1.175743428614419057e-02
1.554818534007658577e-02
1.806153216578926940e-02
-1.001952510143351398e-02
2.417434872755467451e-02
1.153222770224980251e-02
2.540303308392922576e-03
1.483357684550157783e-02
1.484652514078846700e-03
6.400242910054822730e-03
-2.718184125853360510e-03
-2.565727234167702766e-04
7.500204576173720612e-03
-5.227540735327568071e-03
-3.004478508210594364e-03
1.527431293970632487e-02
8.041499931993326827e-03
6.015625589021919052e-03
5.965763579535298018e-03
1.075168647877410358e-02
9.629143036824034871e-03
-1.340040974570965229e-02
8.283040827882139773e-03
1.426096512178617361e-02
-1.464807799903464734e-02
2.029490240308559298e-04
1.050747856071336701e-02
-3.236716068176171356e-04
-1.055940978648680154e-02
-2.869487720079385087e-02
7.171992870514220034e-03
9.609353249878740261e-03
-1.313777621222753794e-02
2.455526470889251439e-02
4.272874380076047314e-03
-3.249878986528764811e-03
-5.017840776912878623e-03
5.521308999039853393e-03
-4.412438659317589537e-03
5.906952209608211683e-04
3.166548711394140143e-03
-1.028421419204998688e-02
-5.840015678312205655e-06
-3.041074283840414227e-03
-1.456034119413193370e-02
1.394841959213185927e-02
1.298923321989876607e-03
5.834087024906169962e-04
-5.448372902993149809e-03
-4.390584741940118177e-03
-9.522723417565416787e-04
-2.119967013069709930e-02
-1.471185258184743404e-03
7.991736733396806111e-03
-2.566483544345343412e-02
2.505719496857710359e-03
-7.798090638420815922e-03
-4.640117549806348912e-02
-1.569775480318134474e-03
-1.631519586525433455e-02
-3.543868848193113680e-02
-8.711313962642552519e-03
-2.423964528869527665e-02
2.171865834683596366e-03
1.425231045029442048e-02
1.712923979287944015e-02
-2.402410967535935273e-03
5.598967674392835679e-03
3.973701451295524011e-03
4.990834307547058549e-03
6.255486118538493463e-03
4.452947782125791718e-03
-2.535250584465601614e-02
-1.418110645102712772e-02
-7.691081350644508874e-03
-3.132023605152457757e-02
-9.432040885656644419e-03
4.215396375924789288e-03
-2.927528946304216659e-02
-1.827428073078382620e-03
1.458412991592365412e-02
9.933341371226969349e-03
1.206606806703158265e-02
8.884984273703643368e-03
8.012149610190266030e-03
9.810105882194818452e-03
1.371355947489490655e-02
-8.101068948951272927e-04
9.460151712029471818e-03
1.395594404141302022e-02
1.494190758362284877e-02
-3.226571677206019253e-03
-1.276259474995871182e-02
-1.131585481193040981e-03
-2.237504688372316582e-03
4.487768303866847969e-03
-7.971375877630781578e-03
4.394307442224658876e-03
2.365297742524279795e-02
-1.224423805165569812e-02
-1.019777297228865141e-02
1.311044686374729894e-02
-1.342711949178490571e-02
4.759168397642740168e-03
2.487994741267410270e-02
-8.850287992125876330e-03
9.467388156628018039e-03
2.095786244540501567e-02
3.368906439433823341e-02
9.305387702308072842e-03
1.071785159566179986e-02
3.339820146141517232e-02
-7.064312249925758583e-03
-1.179331513592210730e-02
1.679702159624662725e-02
-1.419641342038477187e-02
-6.405748710975281424e-03
2.724916925532656995e-03
9.281206933778863438e-03
2.118248575442754564e-02
-1.380735425922158125e-03
6.482539012976438336e-03
1.611926462313463537e-02
-9.193618635831565106e-03
-2.347997118148723548e-03
3.889807518156928722e-03
-4.714708728262236720e-03
1.005111232741629293e-02
1.603038568059046362e-02
-1.001372984272911465e-02
2.473318243512660948e-03
6.804165263431000144e-03
-1.239068741559539756e-02
2.386157157354915417e-03
4.695613814370559443e-04
9.318768190891241025e-04
4.684629813069109215e-05
2.878213479291057814e-04
-5.032577014440095487e-04
-1.838817649882508020e-03
-6.280301868388203645e-04
1.095654157121546618e-03
5.935264382368933165e-04
-4.577291731304772640e-03
2.178364890092134888e-03
-3.705331023162857992e-03
-6.218491452981942356e-03
-7.487500586725278403e-04
-1.404733050544864324e-02
-1.004777591230927684e-02
1.563281411044111641e-02
1.153988976577290104e-02
3.735238825265104184e-03
8.031151491094200290e-03
3.757683871743172383e-03
9.023543521219029931e-03
1.207523661862740759e-02
9.539536053593271683e-03
1.009829252212834753e-02
1.247127778770842910e-02
9.062836376434128122e-03
1.146113029606793225e-02
5.896064016342615101e-03
7.374871056179842970e-04
1.528825083674182532e-03
2.205054314697864034e-04
-1.065839254663059413e-02
-4.552046287317938235e-03
3.768906121345553650e-03
5.952341498621335075e-03
4.919895356112227031e-03
-1.562570776655771917e-03
-6.441029197556817285e-03
-8.182048286678567095e-03
7.600578744563621023e-04
-8.879732409950742830e-04
2.396513913204791589e-03
1.266226385798700955e-02
-1.503914707769181012e-03
-1.961783941820594967e-03
4.505019502555351364e-03
5.415339144015018577e-04
2.268561824627221210e-03
1.557342948396539875e-03
-1.475931118612180829e-03
-2.247632314752855999e-03
1.908475964502313708e-03
-1.176143284111342679e-03
-5.472461753097121635e-03
5.797644300379111576e-03
-9.013182816619224290e-04
-1.052264140298207404e-02
-2.069287163305131574e-04
-1.586286933797080578e-02
-1.426405347114318746e-02
7.837556295327435113e-03
-1.334970069905212688e-03
-1.740853538946568631e-04
1.558436400462694972e-03
-7.625048155002004009e-03
-1.579510937763251716e-02
-1.303583535329117492e-02
-3.338239791079583574e-02
-1.632646934445001682e-02
1.366790099667294402e-02
6.127687045076770159e-03
3.776910951179704087e-03
-2.451558388724228970e-03
-1.520965281266223844e-03
-4.604685086200837989e-03
-5.042705675157995240e-03
-4.149988121869879060e-03
-6.181965064330616558e-03
-8.011354700145722693e-03
-6.803830354191348420e-03
-5.490565417253974630e-03
6.884347392119770544e-03
2.690349055952092651e-03
4.379649996710605758e-03
5.968431333829021454e-03
3.591456993118706878e-03
4.561298626653990072e-03
1.256500107779319995e-02
1.400976566569845164e-02
1.074153978006949818e-02
1.160253066842160041e-03
2.645105561258357958e-03
4.606329095213215286e-04
7.971699276365146539e-03
1.982886663696430390e-03
-5.326439794489368912e-03
4.838443301739848816e-03
6.462754579636991641e-04
-8.800481762453293399e-04
2.446114387508974771e-04
-6.835798640292129781e-03
-4.853165364136554673e-03
-4.479252780744185855e-03
-8.500696390682334000e-03
-5.549756308979228794e-03
5.469892715378629235e-03
4.411029416733718185e-03
1.692554891019945737e-03
-1.613733223703705741e-02
-7.595171137023242099e-03
-6.563713506923789937e-04
-1.314047537765503787e-02
-5.221419688814222387e-03
3.201258240219986059e-03
-1.060371091331329188e-02
-6.976901706422105470e-03
-6.396932103621631163e-04
6.527117340925900173e-03
8.532490233416704581e-03
9.861573558001799494e-03
-2.410132262160847878e-03
1.758382976586697621e-02
7.405161949596558019e-03
-1.111582820340502667e-02
-4.415551536064368440e-03
-9.101335685354965815e-03
-1.873089272511532094e-03
3.473944826952041643e-03
5.147485254214985255e-03
-4.340916728451288224e-03
1.426898714000024047e-03
4.103353184794662767e-03
-5.978381583449039575e-03
-4.032856994742783289e-04
6.537945827384338644e-04
-9.692411378998544089e-03
-1.163070361414260921e-02
-7.406772985392225984e-03
-4.387657699729615064e-03
-1.964680248976304749e-03
-3.879774800027698065e-03
-5.630083306252007397e-03
-1.249576826816910799e-03
-1.714934811974554857e-03
