-6.030475898040582421e-03
-1.537398266492650406e-02
-2.105732351567178584e-02
1.023767581980443084e-02
3.798411527705289423e-03
-1.268038336572709947e-04
2.053351637451032025e-02
3.003706241541135441e-02
3.062914314730648749e-02
-2.844380711399839903e-02
-3.380229531116470815e-02
-1.911357900202176677e-02
-2.822021444665079142e-03
-1.996318865832237902e-03
-1.741985724230966578e-02
1.516921364454717515e-02
6.826973737927712928e-03
-1.366773696437108450e-02
6.257148876940302196e-02
4.874693623824146588e-02
3.895847809029560904e-02
-8.342107939474210964e-04
-8.538089392718257661e-03
3.478282306016346193e-02
-2.127018846165308619e-02
-6.212536219072606683e-03
-8.777227552580441766e-03
7.967062811305226575e-03
7.402847416521295132e-02
9.726058388971350888e-02
-2.188290199794892463e-02
1.593297565400650720e-02
4.946772806327325023e-02
-4.231609530983262979e-02
-4.638334428969161788e-02
-4.774692716287409072e-02
-7.662325120461406514e-02
-2.903042695054475555e-02
2.116820071542953319e-02
-3.899494695212629702e-02
-4.960841970312570431e-03
6.438150873219243564e-02
-2.028414590915798843e-02
-5.151694710213160916e-02
2.265840088929706175e-02
2.020799525990148518e-02
-3.599233860391855278e-02
6.477417783541368490e-02
-6.011749285737932186e-02
-9.256944729273049177e-02
-2.303643177412732085e-02
-4.457470329731701847e-02
-3.610607724814928615e-02
-1.429515664332384715e-02
-2.028400035715954841e-02
-1.310111489424706233e-02
-9.291308046675968504e-03
-9.255147000367905386e-03
-8.816164329406852088e-03
3.254954543305896807e-03
-7.361837871420843019e-03
-1.893549343652632666e-02
-3.060356373128481772e-02
-9.015952236950770804e-02
-4.531524814578116733e-02
-6.323740533469801584e-02
-7.553920148351193908e-02
-1.145541127790090929e-01
-1.597639435422183452e-01
-8.606014736818623501e-02
-1.450674288804480183e-01
-1.498655990262670601e-01
-1.720202519961132326e-02
-1.112781901226246074e-02
-1.105631416716348556e-02
-6.438426451669618071e-03
-5.235859775952508670e-03
-8.509231822242892609e-03
-2.954861686272949092e-03
3.906384587737176360e-03
-2.752027752758770453e-03
1.780599159988255076e-01
1.768870040872700389e-01
-2.784486495308063567e-02
-2.955607235953833928e-02
3.755255575801214746e-02
3.649033883667561484e-02
-9.929370811203355740e-02
1.169349337715220975e-02
3.473043188786668206e-02
-4.740481635493225959e-02
5.597578702226046338e-02
1.789897884178792350e-02
-3.345055003908927599e-02
-2.085008226764492947e-02
-9.394421934102248350e-02
5.264198857864549330e-02
2.599464245015986955e-02
-8.052129005639345471e-02
-9.421390024005304661e-03
-6.197646141816173619e-03
-7.605583991920963731e-03
2.863251797537976449e-03
-1.633450294403635634e-03
-7.040786496959577055e-03
2.806153150162852671e-03
-4.316228072059963977e-03
-8.175238503162056761e-03
-3.823856496806921079e-02
-2.028740411759707984e-02
-1.273272062987630335e-02
9.309366737030233194e-03
-2.421892963248359690e-03
-1.716057306861932391e-02
1.742398337192462357e-02
2.888099895629719352e-04
-2.630721914037434384e-02
-2.343174453290537002e-02
-2.693875955812731135e-02
-3.228533405468078654e-02
-3.046803110115474389e-02
-5.849199293657922002e-03
-1.373552538177662437e-02
-2.027729741809077349e-02
-7.308951822329380101e-03
-1.156419791969591146e-02
4.938452622831467249e-03
-1.449173485976148514e-02
-3.198652873984438819e-03
2.766592009171293942e-02
9.212875465532853947e-04
-1.933535927744808869e-02
3.010295650051130617e-02
3.302115870574376388e-02
-1.084312577229677070e-03
8.729430432619530306e-03
5.420188444017956519e-02
1.877982287879023660e-02
-2.674991069188817003e-02
-2.405984992349521900e-03
4.405734572693074946e-02
-3.126736278454329832e-02
-2.502348285904572658e-02
-2.858618931335863908e-02
-2.172796181545493758e-03
4.075517846045395923e-03
1.790634004691986315e-03
3.453927008160254022e-03
1.829322623796021978e-03
4.637163575788305625e-03
-1.781675395447882915e-03
-1.821574939348585311e-03
-2.009607111460103793e-04
2.185803263861115734e-03
9.495601192623691952e-04
-1.528105302081803930e-02
1.120538507639705014e-02
1.807398516868223212e-02
-8.238824048905463507e-03
-9.157640674390867680e-03
-8.218329469064292528e-03
-4.626178097135298065e-04
3.767838813868204084e-03
3.347546925206269092e-03
2.789095141258223984e-02
1.375883748056932684e-02
1.041106840976718101e-02
3.175471588372552612e-02
-6.601335908956507126e-03
-4.715165764577247329e-03
-2.366827564272832099e-02
3.630487973432829779e-02
2.531184202870005034e-02
5.192502221001394497e-02
3.465597575169532957e-02
2.299391956637540299e-02
1.529355941432274969e-02
1.369995216538394400e-02
2.951827370943408899e-02
2.353262165212587423e-02
1.333793063148070324e-03
5.482043956022953322e-03
1.838712679747935702e-02
6.666500257499878568e-02
-3.230318814341252669e-03
-1.177828843037232245e-02
1.089907021699737695e-02
-5.915542336383428773e-02
-5.085818890116130392e-02
-3.438751324199102594e-02
-1.616641444082421095e-02
6.703848178228088983e-02
-1.402143581898326842e-03
4.353020214966957235e-02
4.176329328477475233e-02
1.649975832672445977e-02
9.094170222925493374e-02
-2.133605101977588750e-02
-2.197378998224569502e-02
-8.677099494616358905e-03
2.735559775092204216e-03
-6.162722618869072126e-03
-1.518606830811388385e-02
-1.525674348160770653e-02
1.427800217120166887e-02
-1.421353221219259604e-02
-1.813528632952592437e-02
-1.440902968695510766e-01
-1.247117058327994743e-01
-6.269772042153036462e-02
-4.138333081191869489e-02
-1.233925428829267118e-01
-3.259219395341434594e-02
4.494904026345229731e-02
1.396180936231053264e-02
2.887032018341083653e-02
-6.148679562486368023e-03
-9.423852692712928608e-03
-6.083347891163646583e-03
3.651658931003228404e-03
8.117280289860374573e-03
1.599197995122683159e-03
5.110971490071471862e-03
1.011828208920371140e-02
1.187417668608496115e-03
4.240265823095917125e-02
7.485094475161675753e-02
-4.449883864058037757e-03
-9.918274773411916989e-02
-7.170368201218953186e-02
5.125398650657947419e-02
-1.212751174015863761e-03
1.886010695613056162e-02
-4.351852646455174611e-02
7.213715627838474670e-03
4.830377340675612308e-02
6.566582475559854144e-03
-2.724633449962953792e-03
9.018099874049303327e-03
-1.460658916891018760e-02
1.645785233663645333e-02
5.604899722508469712e-03
1.797722929514608547e-02
1.205748026723948985e-03
1.338498376553698584e-02
2.404692610814394176e-04
1.489256151534757181e-03
6.515842826973848763e-03
-3.723879182726593223e-03
-1.463473138401926235e-02
-1.524557222545703736e-02
-1.370793739896547514e-02
1.529019868708693733e-02
8.760895234640266732e-03
-2.069120871319688956e-02
2.590432903762068112e-02
9.682949555906076103e-03
-1.535165782031936918e-02
-1.213607719008385176e-02
-8.613742724215781715e-03
-6.196311436508873671e-03
3.132663334803192923e-02
1.637427903748391381e-02
1.578430088600187714e-02
1.001528015473962356e-02
2.746608344275543526e-02
3.058132847622837061e-02
-1.093387187872454751e-02
7.499675179004495172e-03
1.512150287669541786e-02
-7.270795825510171541e-03
2.634620487584251117e-02
6.879396840685601290e-03
-9.128828183912753372e-03
9.615976152842445335e-03
7.557198289915646391e-03
1.333286813315374400e-03
1.260020105244927073e-02
3.879875686291328531e-03
-1.868361587272465707e-02
3.524076099150768443e-03
-2.815398675872577555e-02
3.903730993368310573e-03
-5.477887953459411978e-03
1.695281723211668201e-02
2.181476641275220327e-02
5.268435266773354581e-02
2.753266560579088057e-02
1.645033580411073282e-02
8.900426627289919788e-04
2.260262523138980781e-03
1.947761251852878767e-02
1.099873910864130819e-02
-6.028302843766383942e-04
2.211356913036094385e-02
2.049774130443376280e-02
1.736004346702691575e-02
9.589308536700574120e-03
-9.172873617212232503e-03
-4.918965270856040257e-04
2.811868939111598215e-02
2.083606224467511592e-02
9.303583497749148140e-03
3.341387912443128522e-02
4.242648513313364289e-02
1.099863753914875029e-02
-7.325715238152666342e-02
-6.602110037843567092e-02
-4.446163305552094935e-02
-1.134432820086795912e-01
-5.088158223101565958e-02
-4.704666714859402632e-02
-4.908048360555412881e-02
-9.336004278645995344e-03
2.628387170540223000e-02
-2.258694028707862803e-02
-2.897629793818108125e-03
3.822220002054261580e-03
-6.774349270355004698e-03
2.157709415524698693e-02
4.648160890925255584e-02
1.930659966221709781e-02
2.178373276248307677e-02
3.265307837143657105e-02
4.391741768056323103e-02
-1.164974424581922616e-03
-6.692481242437529898e-02
-2.142937289316439869e-02
-5.723716148919202884e-02
-7.586091045857934478e-02
-1.346220658678479003e-02
-3.973303817723650849e-02
-7.784967732585501565e-02
9.231556145766599275e-02
7.456817820539519970e-02
-4.227977353214539685e-02
6.825813124340254258e-03
-4.025694971006799766e-02
-3.921444244972840942e-02
5.025061645302789440e-03
4.264622117671703488e-02
7.143258718073003388e-02
-2.330692921119724426e-03
-1.615456544178145437e-02
-2.927433601541847008e-02
1.015923708349213877e-03
-1.242202939094279486e-02
2.662265825628768942e-03
3.283773874837703222e-02
-2.903939471710756306e-04
-8.696437777043347639e-03
-4.036285752728846488e-02
-5.480008397761994277e-02
-3.204919745625146171e-02
-1.577767323533151023e-01
-1.549525071334602877e-01
-1.528591196662955898e-01
-1.097060978965082312e-01
-2.675279090030253659e-01
-2.665905834888802617e-01
-6.822438402527120473e-04
-4.594691391435471416e-03
-8.385919222703064682e-03
1.180136939671479375e-02
-4.462445800283849060e-04
-3.002324207575994379e-04
2.258663658423949380e-02
1.804305606766166623e-02
8.127761753053576801e-03
-7.289529849380654847e-02
-1.154298606064918381e-01
1.185994784168025330e-03
-5.437309186473678752e-02
-7.129379900579985510e-04
-9.767176830940668686e-02
-1.171775759156864659e-03
-1.231544075643062688e-02
-2.714586282522543290e-02
-5.368130707911605154e-02
-9.165406348795983316e-02
2.142255164694635908e-02
-7.480489546136805112e-02
-1.031517240117091755e-01
-9.190373739088436578e-02
-4.210979648353008892e-02
-1.018933483936117212e-01
-1.086642080982323094e-01
-7.490453412792904241e-03
-1.711573364007570180e-02
-7.747718378237982394e-03
-4.386573188215216038e-04
-2.253456260935191892e-03
-8.397757599598057671e-04
1.092909763409533573e-02
4.925171367979049031e-03
6.803320409367475535e-03
-1.907913327517534808e-03
1.370147313645700285e-03
4.687474318376493726e-02
4.950305995960734701e-02
3.692998868812228525e-02
2.949056640305079344e-02
7.972710391651617601e-02
6.677226309166130191e-02
1.652222286951692681e-02
-5.927564410897856462e-02
-3.898862631553109970e-02
-1.329211690665298498e-02
-7.833481747040842158e-03
-2.005674869179423225e-02
2.067183141467839828e-03
3.256885815497360948e-02
3.913946706836532452e-02
4.108095786222861617e-02
5.832738730390167603e-02
8.501361498922972715e-02
1.077950186177384917e-01
2.033604770047391791e-02
7.721119741669503489e-02
9.274933861377972211e-02
-2.093597947311173768e-02
2.766555168182670971e-02
4.056430703965722973e-02
-5.220811902372793356e-02
-7.108869902553023590e-02
-5.335568131980592682e-02
-9.887548244465266256e-02
-9.042117980121740228e-02
-1.087814192926443851e-01
-3.250822820738619168e-02
-1.936540538149263829e-02
-4.326606962064311231e-03
-2.086568170064444314e-03
-1.939459726817243474e-03
-1.382824842062194007e-03
-2.325478153192010906e-03
-1.811903954693699437e-03
-1.560657175374655353e-03
1.387328860310529585e-03
1.244547212871754439e-03
1.697345691826228960e-03
2.146577917503349545e-03
4.521496017863356476e-03
6.463067963823797973e-03
1.963372403206374659e-03
6.318091159782913968e-03
2.932388450019816298e-03
2.015721740126268698e-03
3.003011692871647084e-03
5.070853693611140044e-03
4.502944973841320996e-03
-5.512764699132033592e-04
-5.272408093669548809e-03
4.775805479030157709e-03
-9.536565867445093506e-03
-1.225060903206387844e-02
5.913861971409248674e-06
-8.867201681832116711e-03
-1.077854124343720528e-02
1.232673223214066950e-02
1.254432082454976817e-02
7.404620708950542148e-03
9.720454904762457563e-03
1.295357481061587372e-02
4.784021372301333272e-03
-7.578994777176867542e-05
3.932828801926472467e-03
-4.792353613583797442e-04
-2.238786675423222981e-03
-5.592274344534907925e-03
2.824435594124063455e-03
8.976503600100729785e-03
3.956363850017238087e-03
9.856799548202888755e-03
3.538714134000779644e-04
-4.746003151398009955e-03
-6.732526797897421273e-04
-1.191612487451609989e-03
-1.168649699208957130e-02
-8.888176786395505591e-04
-1.191817461046804950e-02
-1.565592284550741328e-02
-3.838670367344355645e-03
-1.435488433524181352e-02
-1.673948451491055452e-03
-6.444132540445951865e-03
2.328615240311183738e-03
3.349663841446871935e-03
3.993758962682329716e-03
6.046915258885911769e-03
4.210497496411426399e-03
6.111948338894153919e-03
3.002851391167206223e-03
-1.772486397585477545e-04
1.701063944443761966e-03
4.852654633241579481e-03
3.223468479218276773e-03
8.473339532182775150e-03
3.426945063334779946e-03
-8.846385155298926509e-03
1.246121099821489130e-02
7.249309615995918991e-03
-7.022669148308611532e-03
-2.539909548949121753e-03
2.954558922669550062e-03
2.194993513797643004e-03
2.023905687968171902e-03
1.008290969878195562e-03
2.795546670200287076e-03
3.162080108393272495e-03
-5.418203930254092415e-04
1.629645340841185232e-03
5.719314307141740942e-04
-1.258094890217748008e-03
-2.054882699595768098e-03
-6.158487543409363330e-03
5.584683570455245549e-04
-2.742369165263254874e-02
-1.133222103234505888e-02
1.509206217469329569e-03
-2.244659233563345985e-02
-1.128566717659879731e-02
-4.048394265108945511e-03
-1.033921661111538749e-02
3.420082541622068012e-03
-6.772365506078601577e-03
-2.014743353899000125e-02
1.808478065955395524e-03
1.061032184136849596e-03
-2.034440928570542539e-02
-7.112098538970190384e-03
2.856805621817673328e-03
4.116504965475034986e-03
9.842824859291516865e-04
2.780585034146247575e-07
1.213852194350035704e-03
-1.104756312609065727e-03
-6.621040409806994674e-04
-1.736046775008148789e-03
-1.600136497476524000e-03
1.295634791519109479e-02
1.206247458509018128e-02
1.116851909318376801e-02
1.110837205509154421e-02
8.622405753361152628e-03
7.105538809365867514e-03
6.505242537880985033e-03
7.170552354399374606e-03
8.226677726345599934e-03
-2.817887068402308813e-03
-7.353768009646468630e-03
-1.061268729698564527e-02
-8.485584513992998346e-03
-1.333084429746034250e-02
-1.164075929609656793e-02
-8.492380961526461644e-03
-1.103442528102343764e-02
-9.527566276952205426e-03
-1.274263529159260768e-03
-2.626989715259323271e-03
-7.168235736219061641e-04
-1.223991277155946425e-03
-4.917974130452917002e-03
-2.574845553029952647e-03
1.623554852821153466e-03
-2.315147311626754387e-03
-2.281032638321904994e-03
3.112456101544208904e-04
-5.621093028733350518e-03
-1.288442760747268018e-02
-4.847434773080829679e-03
-2.082410782706034871e-02
-1.258822280747578203e-02
-9.711984482261647829e-04
-9.814811992800884580e-03
-7.449658880480615995e-03
-1.473046241879969603e-02
1.709527893279866708e-03
1.153669166537616211e-02
-8.297152897372999172e-03
4.449388612742304246e-03
1.157445163218906968e-02
-8.839715809275200398e-03
1.351071417824844948e-03
5.151581573719382461e-03
-1.676397903224922589e-02
-6.665083549969744690e-03
-1.151684195247408777e-03
-8.357952248347537069e-03
9.723101911521429136e-03
4.219737362497026634e-03
-2.729193906695715453e-03
2.703838094696346325e-03
8.039425004053670810e-04
2.793473784272959906e-02
4.478910218387216306e-03
-8.642197088839643007e-03
3.892836278563827773e-02
-1.332446260955572927e-02
-3.251318621085967642e-02
1.315263103065600694e-02
-9.591444779815985408e-03
-2.320673987053261181e-02
-9.425442162145562623e-04
-1.059939190546113109e-02
-1.127547520141988953e-03
1.984097708089486555e-03
7.357303601975482416e-03
8.133719290215318115e-03
3.478598998082837145e-03
1.002724980956369930e-02
-1.712307318793402418e-03
2.492866235045897508e-02
-2.202684135221465514e-02
-3.029745274694194829e-02
3.046506925190218054e-02
-5.171280566822095441e-04
-2.533254272517642888e-02
3.010641540124922924e-02
-2.658467794104137777e-03
-3.244726746714946680e-02
1.949690875779207591e-02
-5.595351890841304687e-02
-5.262515325730714871e-02
1.972366584919340443e-02
-1.532944110638821515e-02
-4.630683786235182016e-03
2.422299182647075222e-02
2.064425306955827363e-02
-1.745157207108856065e-02
-5.252258801047034360e-03
-1.152792959524240324e-02
-2.391502258879631485e-03
-7.334394192472293468e-03
-5.702760069658209183e-03
3.083417187965704388e-03
7.059413539198341634e-04
1.994308381778023991e-04
7.556859156553556549e-04
7.363410294071025264e-02
1.448677475218339500e-03
-9.860027885651240220e-03
5.479123640170098508e-02
-2.226854341248541216e-02
2.465760845600270361e-03
-3.078176287976053336e-03
-1.287071980683269189e-02
-1.549523711938984721e-02
-6.303178216004689388e-03
-4.197195226662228836e-03
1.048052732841173867e-03
-9.072913208507740745e-03
-4.362451230944512800e-04
4.635837048588686317e-03
-8.281173635048951973e-03
3.616775607851181740e-03
8.435017906657267875e-03
-3.650200432929374961e-02
1.855232321971063761e-02
2.914265119206906063e-02
2.725120238410682488e-02
-8.884284416013267516e-02
-1.873739570233249815e-02
1.181458722263498649e-02
-2.114275753584103634e-02
1.994843564076830000e-02
2.114508607206714783e-02
-3.376449924175169148e-02
-1.048917254836396855e-02
5.391718434275969557e-02
-7.911257289725615038e-02
-3.530333569214218897e-02
8.953924583983030594e-03
-7.190986420229424081e-02
-2.739732014914666655e-02
-8.521316422788659251e-03
5.909736880874022231e-04
3.054740629285761320e-03
-5.203868642991688921e-03
6.339961044343074212e-03
4.599751934377690685e-03
-6.690011588695865541e-04
4.483365343243108855e-03
3.295915593628971890e-03
-2.028372241870707304e-02
-3.846394681959517010e-03
-9.068451309728281159e-03
1.866089990034283099e-03
1.386685871359009600e-02
4.524232000751876419e-03
-4.993503176511543060e-03
-3.298604925959067787e-03
4.392933886995476107e-03
9.066983485165381641e-04
5.440834883948751297e-03
-1.459233322649631896e-02
-1.008499200415845969e-03
-8.184274775275838382e-03
-2.019980324322855070e-02
-5.302502050568145761e-03
-1.889828570119081799e-02
-1.648513893602304367e-02
1.732662832100811956e-02
-4.159409645950833817e-03
-3.409295155418170381e-02
3.556515630540658252e-02
9.008523254672533981e-03
-3.142029577716674155e-02
3.438855118405279715e-02
1.083398896665067716e-02
-8.275025876041784342e-03
-1.990568244554615646e-02
-1.080148175419366231e-02
-7.443151652189674942e-03
1.773890074028448838e-02
-3.940912338250782132e-02
-4.528891782773533659e-02
-1.445796864221523571e-02
-2.139764842529650810e-02
-1.779878772842861251e-02
2.320011079934173942e-04
4.353298475806309303e-04
-7.609744562641276334e-03
-8.687947967167649254e-04
2.919415038771812007e-03
1.416076486799999453e-03
-7.933698665589076354e-03
-4.572037009935273240e-03
-6.638663091717433721e-04
-6.927165146681491491e-04
6.131460541302506326e-03
3.238312923585252683e-03
2.883752315032470873e-03
1.049299610474674870e-02
8.066141818578760961e-03
-6.336885538098519302e-03
9.805459956426080571e-04
-4.578284883712609339e-03
-8.019897654210021015e-03
-5.333832767240273207e-03
5.779228067052065692e-04
-1.309224920417152976e-03
6.486745807573354033e-03
3.865467895524610665e-03
5.582331509087740985e-03
1.466304847392766071e-03
-3.871587524615800573e-03
1.730245369712179668e-02
1.513078292796700593e-02
1.864537704066180496e-02
1.864390732646203919e-02
1.011505884747158218e-02
1.348376250745924113e-02
3.161884691942103143e-02
2.514889999531193590e-02
2.114829781482434334e-02
-7.610994404921511518e-03
-6.708989919394282332e-03
-2.060454870571444552e-02
1.386667572543806570e-02
-2.030560984069923903e-03
-2.377716005407462876e-02
1.309877095643114525e-02
-3.082622369777214197e-03
-1.243828407030247649e-02
-1.982096113313899788e-02
-1.446943829054768947e-02
-6.771000906829317909e-04
1.942804750488848209e-02
3.872240452255174686e-02
4.755544371217911709e-02
1.523792325389740701e-02
2.659888257133674258e-02
1.995221463692147326e-02
-6.241073381309025780e-03
-7.253656554860406572e-03
-1.005406487216625039e-02
3.841621908035588052e-03
2.440308692012122926e-03
-1.012938312682246447e-02
1.662344155675382629e-02
1.281329443940165159e-02
-3.875816087996024773e-03
-4.377507460966287983e-02
-7.170494808382671392e-02
-7.419543648036423800e-02
-2.624969252252191271e-02
-4.248531261780041923e-02
-5.939006399330635372e-02
5.029896205133927573e-02
-2.139873276718754977e-02
-4.551628799329568431e-02
-9.434587861097587687e-04
6.729874825697774315e-03
2.646848431080020460e-03
4.768683348639080402e-03
9.661068478440320434e-03
6.470407902726702486e-03
4.807105757573779635e-03
3.166359963320252227e-03
6.157954522395822985e-03
-6.402009009018050367e-02
-3.047632387230451989e-02
1.436524909722547254e-02
-3.436797909865597217e-02
7.900398519966088189e-05
2.739618329636885410e-02
-3.331674887896540760e-02
4.321670359989657011e-04
1.033635199234015853e-02
-3.089363157941458007e-02
-1.583166939827636288e-02
5.366441528538342005e-03
-3.031757300234194652e-02
-3.522906943282960723e-02
-1.857872491649183166e-03
-2.136446033623217583e-02
-2.669919767159767768e-02
1.521239804687388088e-03
8.384917645216337367e-03
6.205792967184903253e-03
3.861897275873180189e-03
9.975262525401085850e-03
7.431108242191947558e-03
7.903438270154007281e-03
3.420651368830280909e-04
-3.405576515299335756e-03
-2.931992381381033110e-03
5.661500448387946430e-03
9.144768246646136842e-03
-5.469535542337409552e-03
1.676980686592596803e-02
1.713335714273251861e-02
1.125912935817385656e-02
-1.216933347787135800e-02
-1.805798377353202240e-03
-4.541021860245623987e-03
1.766658584030094889e-02
1.472042752079169396e-02
8.017188965923757391e-03
1.695555014906712996e-02
2.075281762082109918e-02
2.403243553272717617e-02
9.218970421406621346e-03
8.668620138621307286e-03
1.749112052437933398e-02
-1.180819719409770957e-03
5.294377712697181070e-03
9.526849629796307548e-03
9.804239374667454363e-03
1.781118381396779027e-02
1.525487094801443108e-02
7.836888139802220335e-03
2.174529940123623786e-02
1.529414274809074575e-02
-2.183536830284394520e-02
-3.045674189522762018e-02
-1.378739894021534934e-02
1.296007023189124727e-03
-9.963027865300672428e-03
1.428522909475384364e-02
4.504168233276719681e-04
-9.726026000401571600e-03
5.651098500158258792e-03
-2.558772180524017999e-03
-2.610644373388960882e-03
-1.891333782994015795e-03
1.190867234897218831e-03
9.913554397856774638e-04
-5.319462473899733536e-04
1.431349656375214760e-03
5.677457697098850552e-04
-1.454655192739780526e-03
4.319054899302334979e-03
9.876853006473689314e-03
1.686892589959277126e-03
9.017965333560092056e-03
1.239712055195867600e-02
6.395348932677980339e-03
3.205650948216818424e-03
3.401604174693704293e-03
4.875505144458123878e-03
-2.290256995725294380e-03
-1.623703587836982515e-02
-1.736381143294818755e-02
-1.583975925208045560e-02
-1.527672378495339468e-02
-1.262992485949518580e-02
-3.131618165205400650e-03
1.088725472695233239e-03
-3.653426937725048635e-03
5.446968410085366655e-03
2.642411399668892491e-02
2.352217958125870506e-02
2.880994155762363080e-03
1.747838921568873466e-02
8.928692523210400578e-03
-4.182803804521520279e-03
-1.647065403923777746e-03
-6.108614761122324946e-03
-1.846519705613009280e-02
-1.489040754466454397e-02
-1.810763202218156672e-03
-1.068145681951146279e-02
-4.277211914765393155e-03
9.092828602089235088e-03
3.665997948683621618e-04
4.531697176157489966e-03
1.846505321019468321e-02
-7.766078428102143189e-03
-7.114990818242919457e-03
7.033772256479887443e-03
-1.597450693207694977e-02
1.991973568871033794e-03
-9.672041567486758251e-03
-1.668614244278061008e-03
-1.716432296784929689e-03
-1.776097905098962884e-02
-4.664288515678459077e-03
-3.186745321877572064e-04
3.300423842762524075e-03
-1.793051721902097929e-03
-2.630614909168798709e-03
-1.247755245626242784e-03
8.820147279386162179e-03
3.588679859362975746e-03
1.556028300700339510e-03
1.000333021946185792e-02
-9.895738853996815382e-03
-1.140435591647637192e-02
-1.100548170126684246e-02
-1.784320723141182702e-02
-1.779164520634511290e-02
1.416911345367584049e-02
2.954420650631949669e-02
2.160947456268878103e-02
-9.060163887268627043e-04
-8.332937050481308320e-05
7.146861683307475657e-06
2.461248457222846471e-03
6.664076514990709479e-03
3.098839722192109434e-03
3.142667780637725932e-03
5.158814658954621185e-03
2.367400896608528281e-03
1.533209323212302543e-02
-1.199271276342129579e-02
-3.140933987597472471e-02
8.582021571276533464e-03
-1.274370249922000646e-02
-2.141567632813177677e-02
-4.812713921299095754e-03
1.711407690833232145e-02
2.982952491920772432e-03
-1.692110084319990021e-02
-3.302992616505984885e-02
-2.166333722368498152e-02
-4.870157222290663265e-03
-2.499459219511016364e-02
-1.667135170923121981e-02
-9.702443630695200757e-03
-7.629002691544727911e-03
-4.847498790352101038e-03
3.709331311966988006e-03
7.427702217178203808e-03
1.285970682907314026e-03
3.638648116417186190e-03
5.660945757028556721e-03
1.415300158511340967e-03
-7.634678537493073481e-04
-3.753968953317841304e-05
-2.610263766034233980e-05
1.849225807272933744e-02
1.192605927689647551e-02
2.520302832691018440e-03
1.570360008384273989e-02
9.970702589921472472e-03
5.303066060096317189e-03
-2.602411216420133337e-03
-2.154966297322623466e-03
3.371460584650453869e-04
-5.473345259454308852e-03
-9.182821091634530558e-03
-3.240365242857761938e-03
-7.855738948199623983e-03
-5.206726593410273239e-03
7.742788422603417823e-05
-6.371751456492311984e-04
-8.360938684642575322e-04
1.523133140196018072e-03
4.868743036938150484e-03
2.208313810062628463e-03
3.622254174965784581e-03
3.673422871302857093e-03
2.445508790018291554e-03
4.895170232384487424e-03
1.061819225332122363e-02
1.427694958199035406e-02
7.979281928864677409e-03
-9.606672130694757282e-05
-1.308738954703118559e-02
-7.162815995618776119e-03
-1.444629670463873534e-02
-1.802278764380907394e-02
-1.080726267654795632e-02
-4.649222676777596368e-03
-3.550671043282566369e-03
-1.417077330091492254e-02
-1.537071819355313295e-03
-3.121644484986822645e-03
-2.367582046969721101e-03
4.071073332637782476e-03
-1.939746949416748870e-02
-1.569800456553300735e-02
-7.142822097144764515e-03
-1.231835511671490295e-02
-1.068369393933011474e-02
-1.364225874897810088e-02
-2.934837541116480653e-03
-1.043580759999683180e-02
9.515009085595436608e-04
3.567737941816066793e-02
-3.838282261349989372e-02
-9.514251186801474941e-03
-2.449889671739894151e-02
-1.188421054241121932e-02
-4.953304686733275668e-04
-4.039338316727374839e-02
1.882797242528140569e-02
-5.421212976709392090e-02
-3.878036939741894007e-02
3.220701980193841490e-02
-6.594116268107321627e-03
4.821981216533692549e-02
5.856192099539199447e-02
-3.303101240701501740e-02
-3.241403672518851364e-02
4.321984818251180943e-02
-1.823216938942270188e-02
2.638196567340070006e-02
-1.596372855046844161e-02
-2.295103030643651926e-02
1.702271953029768636e-02
-2.362063880434683502e-02
-1.578395913296823036e-02
-5.627603681474621644e-02
-4.402790587331826579e-03
3.443494744952626391e-02
7.974744387252850203e-03
3.258453631570551456e-02
1.320545538709008704e-02
-4.211269992023862485e-03
5.731998037119451217e-02
3.530233375273077179e-02
-4.236090747599755013e-02
1.104501819717822741e-01
-1.363744910112111609e-02
1.279732381563850330e-01
5.252956005038639242e-02
-1.201764863623123597e-01
5.195228561324427563e-02
-9.930952419413639765e-02
-2.820386593208811660e-02
-2.086810208726962070e-03
1.465376435988091294e-02
-1.206941852864768655e-02
-1.812289438664975091e-02
3.072407288888575044e-03
2.196783780453118520e-02
-1.723807518282300527e-02
-1.742991509059691954e-02
1.183779876107947798e-01
-9.380625153734332977e-02
2.210542653048215567e-02
1.863858616878940333e-01
-4.021562703360385266e-02
4.164882716495911519e-02
6.715929459639877197e-02
1.223737234080085473e-01
6.440921214478401158e-02
-1.020510603234513203e-02
-1.611878272861059017e-02
-1.971568073439728622e-03
-2.318688054960668567e-03
1.077743017428519495e-02
2.993912312694805428e-03
-4.789553712057487839e-03
1.331146663444074223e-02
-5.341554619725083844e-03
3.314318449942420947e-02
1.168469214944920370e-01
-2.983036833509770253e-02
3.622388955174558195e-02
-1.029536232032566695e-01
7.622563435195435499e-02
1.087497555698756502e-01
2.401314132344026242e-01
-5.140866212822631058e-03
-5.431874782482418174e-02
3.364542695596403274e-03
-2.988148289687140094e-02
2.053122221515871551e-02
-4.442771407000827011e-02
8.086213242936690637e-02
5.461386771905997473e-02
1.339443996950489824e-01
8.170845479656027588e-02
-6.526959310467900233e-03
2.593202744635249302e-02
4.778289026660349943e-03
7.411233736150197801e-03
9.634410697213489569e-03
-8.576551652130821532e-03
-3.206978914324585313e-03
-1.551586932456898611e-02
-8.777197066395042713e-03
2.497469624470435162e-02
2.634536296957169180e-03
-2.013546453917063744e-02
3.062931588586295314e-02
-1.261324285070424336e-02
-4.224251496301684172e-02
-3.422392545493465471e-02
-2.759131542109669391e-02
5.464632716092457550e-03
2.535470571730831860e-02
2.734307408540773143e-02
-6.284077928405284617e-04
-2.509451611327434203e-02
2.139548479610545173e-02
2.001705912839845530e-02
-3.136567475389112625e-02
1.251314431947148087e-02
3.155065487914496952e-02
1.077452510030185414e-03
4.077483227907791746e-02
3.511790393324629254e-03
1.584472369948320900e-02
8.829576840093831744e-03
1.884087574437569995e-02
2.091580364774830135e-03
2.301180162893750811e-02
2.386642034694842415e-02
3.127527229094061167e-03
7.081463618041650143e-02
2.109180322505618127e-02
-1.096736059474109209e-02
-1.103519990696729680e-01
-8.590671048706513893e-03
-1.212563447403779485e-02
7.630123383538130188e-02
4.182733198471478425e-02
-6.389546915685314320e-03
-6.723193718964457985e-03
-8.711236639560292552e-03
-5.171132891403616011e-03
-8.321378484592346220e-03
-1.253575578985406495e-02
-7.348841579046461875e-03
-1.228019171116758942e-02
-1.488229875939887231e-02
-1.724504072583257731e-03
-3.280902215291069731e-03
-4.301894158571487221e-04
-2.782956375583975437e-03
-2.868235066054942561e-03
-7.668761720377442227e-03
-2.912575119372443934e-03
-2.064249541269180723e-03
3.877783363907796790e-03
-2.252215317893080729e-02
-3.013799257839836626e-02
-2.728111948818717075e-02
6.524666515009552728e-04
5.417979352027513761e-03
1.854100784243226455e-02
2.742264397797456593e-02
5.264956028842473351e-02
5.305614563723842769e-02
1.318877444305788542e-03
-6.805114483401261639e-04
-1.175889360939837321e-02
2.414081849449735417e-02
2.567405369356317441e-02
1.690807403244143359e-02
2.075279671633507503e-02
2.921625157041566126e-02
3.176324600274747778e-02
-2.532587286206349625e-03
9.027937363026502940e-04
1.015340738203259624e-02
2.675894584254924491e-02
2.030713125164396171e-02
1.762492916323980460e-02
3.494780286836479677e-02
1.846975292469769589e-02
6.456024378064162753e-03
-3.204463575492517285e-02
-1.099637886584693518e-02
-2.253729291127035128e-03
8.099578104587064342e-03
2.055100251372974848e-02
1.367308296935095847e-02
-2.564948822911576826e-04
1.091397870525906942e-02
-1.203291946351311547e-03
-6.061395944329579615e-03
4.484298150418263192e-03
7.082821927718025226e-03
-2.430842486200639977e-03
3.077885193671078996e-03
2.751343070057038574e-03
-8.503622940863700711e-04
-4.479865888997661486e-03
-6.899172080005615054e-04
2.657528113929742350e-02
1.146408794158001662e-02
2.343469954097427560e-02
4.118764326504376072e-02
2.976405138036816722e-02
3.360400522081299218e-02
-2.381011122210855563e-02
-3.525967877098730441e-02
-4.332060448440658990e-02
-1.755400867455672457e-03
-8.813913534956722192e-04
3.819873026518355759e-03
-1.574005760502854550e-03
-2.054988583646769149e-03
1.397118556219623456e-03
-2.874365093156035981e-04
-8.556159878939569594e-04
3.471963111256739717e-04
-2.543216460538343104e-02
-5.029715332793631422e-02
-1.227251491382041204e-01
6.889810434838302203e-03
1.091296895917442077e-03
-1.414660723522185269e-02
4.745390355679040412e-02
6.720819416230662535e-02
3.700032241830181201e-02
-9.907812303247932190e-03
-2.417748584112345764e-02
-1.283617139736232572e-02
6.530203038193088498e-03
-1.113857436671403245e-02
-1.146220982821575043e-02
2.774444582096435505e-02
1.889510505397589551e-02
2.218920178713426963e-03
-4.498172937165196943e-03
-6.728874706886331131e-05
-2.285203801421015028e-03
-3.530887357152500631e-03
-4.841197102341755071e-03
-6.042067954598420200e-03
6.083657006020909159e-04
1.858048912963968045e-03
7.703961454535096032e-04
8.766248065553624300e-04
3.259240039959114630e-03
-3.779718144659164258e-04
-4.661770892605164238e-03
-5.832861053124343415e-03
-8.240276568970455323e-03
-5.774244826432229201e-05
6.581380012636828605e-03
9.696654804859801066e-03
-1.047469502241425016e-02
-1.869266782898830470e-02
-6.614220084302426667e-03
-6.599130588086499563e-03
-6.022695470014914794e-03
-2.068180589707893386e-03
6.912389419426218269e-03
2.501943896694623897e-03
-4.519210605714734513e-03
-2.718245430609080287e-03
8.468806436563332957e-03
1.081458689351756479e-02
-6.438800564253534253e-05
1.146735257195603992e-02
1.349726586626660493e-02
4.131438182833363330e-03
1.680281212965559559e-02
1.292064989815000856e-02
-1.198946736956344426e-02
-3.280845376705494865e-02
-2.672988065674380964e-02
-8.340623943548996014e-03
-5.372007772946801006e-03
-1.962286357657530480e-03
-1.964667334619177221e-03
1.116448257097976335e-02
4.271424298983904160e-04
-1.059625940699292397e-02
-5.261788576959239815e-03
-1.039695703489911145e-02
-2.505244406850634133e-03
-6.544104933170516794e-03
-1.549778989153738698e-02
1.510516269278372112e-02
1.289234886043196318e-02
-1.333074950167771134e-03
-2.853408239848600342e-02
-3.998893763400329648e-02
-2.156300047243370904e-02
-7.851866661852374002e-03
-1.967626052134462816e-02
-1.413877550083823820e-02
1.983687600807441161e-03
-1.083745939720464312e-02
-2.361185009948847321e-02
2.033716131537802174e-02
-2.538538648931199047e-03
-4.872599590428870059e-02
-9.161524709854726098e-03
-2.107978046203384109e-02
-4.843333193664269010e-02
-2.065270254238573550e-02
-4.759504446588077448e-02
-5.166624098194434744e-02
-7.480729767913732453e-02
-7.661621284301128876e-02
-4.773484696101645136e-02
-8.539759531050351848e-02
-8.443689392255808446e-02
-7.690785177318677779e-02
-5.533504248065036768e-02
-6.757263840640109764e-02
-7.354345013267406250e-02
-2.890542824237056063e-03
3.249500459497866190e-03
-1.835466630624303305e-02
-4.033329266430784460e-02
-1.102059416867179689e-02
2.281450025982878493e-02
-1.694015244443711557e-02
1.561895168602613591e-02
8.710668286361210322e-02
-2.163547929499477079e-02
-2.764743681382552526e-02
-4.324360270537195433e-02
-1.046694777612303118e-01
-1.224097302997095849e-01
-1.405759095619085464e-01
-1.061309446471098011e-01
-1.255370880827084423e-01
-1.012182239073484979e-01
-1.510401149685527099e-02
-4.359705139502090612e-03
-9.265264809796129944e-03
-2.140573764672295057e-02
-8.839693695229716708e-03
-1.252498252740417983e-02
-2.091278529978549995e-03
-1.358573151492600307e-02
-1.389585187069528917e-02
-6.624041297574928544e-02
1.142293004925218521e-02
-2.769711959153217315e-02
-3.310668072420570960e-03
-1.158916431830124411e-01
-6.611784530294517737e-02
5.501842102184678618e-02
-6.896618473250196169e-02
-1.188110839424679488e-01
-7.642055684459633097e-03
-8.210369574721444394e-03
-1.087025980777151651e-02
-3.714402025261737909e-03
-1.259563914873877005e-02
-1.039064083285468759e-02
-1.330623691330532279e-03
-7.948191009939611917e-03
-1.564956955527112281e-02
-1.115400121848167392e-01
5.993551236368438451e-03
-1.922500196776651821e-02
1.838019920114378897e-02
2.181359926775990402e-02
2.862791905948127574e-02
1.084792502977884217e-02
1.482412265005361544e-02
-8.355763570409872887e-02
-6.083208661898257402e-02
-9.943056644363276741e-03
-4.701387187479623420e-02
-9.667696413106460773e-02
-9.900539667066057814e-02
-2.724763277579736465e-02
-7.391809344325231401e-02
-9.736998881093431035e-02
-1.594436796632694650e-02
-8.556553902665728351e-03
-1.353509308690067046e-02
-1.575299031661593629e-02
4.844904654955640641e-03
-6.356764354112707897e-03
-1.213941625984180268e-02
1.968265123572825442e-03
-9.602907421649379410e-03
-7.616186104174324165e-03
-5.225225884630307904e-02
-6.135474534030659066e-02
-3.185027968072073196e-02
-2.305678048183637877e-02
-4.178285649968328797e-02
-2.005033848433335555e-02
-1.625841263862767144e-02
-3.395760690697935402e-02
-1.389291868654882536e-02
7.229573509901636962e-03
-2.187138220695488897e-02
-1.922675005089896638e-02
-3.817655074706563512e-03
-3.934921332562086455e-02
-4.719783929208561796e-02
-4.806607283830413233e-03
-3.074879018468716640e-02
-2.199049708046401166e-02
-5.734409699913738112e-02
-4.878195506527649439e-02
-7.477296286632607869e-02
-6.043262951671366651e-02
-7.182933516501766036e-02
-6.699458823714987687e-02
-6.966463738002336148e-02
-8.158321010532797180e-02
-6.505062044408063682e-02
-3.776895642426138233e-02
-2.961118546460508351e-03
-3.830857557327101148e-02
-1.424095281288224879e-02
-5.961194982422452632e-02
-2.890218281604076470e-02
2.063852942812963165e-02
-3.436850500440018913e-02
-1.052426787147555005e-02
3.060231023739627947e-03
-1.019969643430552152e-02
-1.081722412161887671e-02
-8.191730297656218615e-03
-1.235514447836528681e-02
-3.811229171461407751e-03
-1.728528623105031817e-02
-2.018569134246644969e-02
-2.121362240246153774e-02
2.917366262054713749e-02
2.538200496465202460e-02
5.329707897834026070e-02
7.908837073960735264e-03
-2.028131303948407793e-02
8.195138965355355798e-03
-1.140494806887694737e-02
-3.279696723750987614e-02
-3.580375705336637238e-02
-1.397198700737850297e-01
-1.135240088587769619e-01
-7.445602626358986675e-02
-6.415311694307443413e-02
-5.108705732398370744e-04
1.026974712048248257e-02
5.037935547743254555e-02
7.189325934730232681e-02
5.391601248185486778e-02
-9.512650699251697442e-03
1.803275477595253987e-02
-7.374476294323073326e-03
2.778872955701792991e-02
-1.313241458037838448e-02
1.762588340732921741e-02
3.688421630474432444e-02
-1.657953593680337040e-02
3.547925363476399363e-02
-3.495469645848004597e-02
5.670044212255708621e-02
4.604112128497094697e-02
-8.381911143498996242e-03
7.240214298270904181e-02
4.371840621682371308e-02
3.133788719261482864e-02
5.467229793923664150e-02
9.461398438877569039e-03
-1.449445838027690892e-01
-6.201160481614004932e-02
-1.099975756745076444e-01
-3.117807492369390962e-02
-9.089074348516525126e-02
-1.200232335911600723e-01
8.821784374888218261e-02
-3.776925400648270623e-03
4.426219185895963193e-02
4.216647135695308739e-03
-6.769262596437085333e-03
-1.371280929177359602e-02
-8.105011739422409225e-03
-1.276689691069355682e-02
-1.456282274189570070e-02
-3.583364592825372119e-02
-2.732789252811652220e-02
8.337564736919043581e-03
-1.691503157199172880e-01
9.470553707740958505e-02
9.604141173969858725e-02
-1.445440353326347405e-01
5.763668515136473325e-02
7.710352853311301657e-02
1.035547025606447930e-01
6.622705493426711554e-02
1.499306907928134591e-01
4.090180761579595078e-03
1.131261934350462871e-02
9.595040478716765006e-03
1.045559209298718012e-02
3.651954670896351068e-04
1.248835756962755070e-03
3.072991643593665084e-03
-1.196726581759744931e-02
-1.061722493754760181e-02
-6.880101162360989508e-02
-6.884132405806392407e-02
-6.106144660817892228e-02
-7.568120927211388627e-02
1.865784636565303301e-01
3.705679552405807820e-02
-2.514978661253373243e-02
3.287584684236065369e-02
-5.729489717890915573e-02
2.310136178415480093e-02
-3.304974128568256148e-02
1.357401986901120572e-01
4.278067332845495591e-02
1.270826848115171048e-01
5.795238912104285628e-02
1.161801479478656723e-01
5.651338125001496848e-02
-4.836396623831068498e-02
1.362619769781596955e-02
-1.426220946693684778e-03
-1.964940629732972021e-03
-1.857105686172583767e-03
-3.747978902863528198e-03
-1.175353263875888662e-02
-6.133168530311878218e-03
-6.622078115202738834e-03
-8.914759688395335058e-03
3.951563027395198213e-02
3.216076882664178210e-02
6.215100328039335070e-02
-1.506310885073624921e-02
-1.944177881401116387e-02
1.522377465092221438e-02
-4.280051083579784060e-02
-4.060978859298663979e-02
-5.510372743249352528e-02
2.895996109440254242e-03
-1.214448870541135622e-02
-2.693038926543674452e-02
7.032649683751407421e-02
5.054431731222107371e-02
-2.005095346453249043e-03
1.106081124823419803e-01
7.806861917232355008e-02
4.282428310044312722e-03
-3.328410001479669561e-02
-6.993364215495938285e-02
-3.043017415579813562e-02
3.492532275847390344e-02
4.859513022827803563e-02
3.214474164876982010e-02
1.453802995073786852e-01
1.462892993899261584e-01
8.212433779047291493e-02
-3.689224080840237258e-02
-6.349782540890790139e-02
-4.127256980943030257e-02
5.429503384567152882e-03
3.295992076343948196e-02
3.521746402617027816e-02
6.384406877090810506e-02
1.055268727748282127e-02
-9.620014454260784886e-03
-7.288523608795188617e-05
-3.596403555058345393e-03
-4.237331817595550720e-03
-2.953750366529974336e-04
7.420564916275710623e-04
-3.159644307920164924e-04
5.047912760395485178e-03
1.564449162439570523e-02
9.815397575590556131e-03
-4.503389913811296601e-03
2.288174574634074809e-02
1.446330039355521891e-03
1.888526906153467980e-02
6.445467895515918921e-02
1.451412054837408240e-02
-9.633271543451739014e-03
1.492545506215571700e-02
-1.040585760155995562e-02
5.179041888748447953e-02
1.723787741860894479e-02
1.927817569642416426e-03
5.572696591261881716e-02
3.107194183605805141e-02
3.777815219475563063e-02
4.805498480561534030e-02
6.447955896118796881e-02
4.814373753541065226e-02
2.896471151521646647e-03
4.802695947536760740e-02
5.548997837018450341e-02
-2.947331588255035564e-02
2.917429770215742776e-02
8.686784335620988812e-03
-3.768249888339403331e-02
-4.912034841897113674e-02
-6.671270756298229576e-02
-1.021515125834729365e-01
-1.220932455002985695e-01
-3.306199742092272992e-02
-6.424866636202948567e-02
-1.300317050746955042e-02
7.383603846296583895e-02
-5.809843330630719282e-02
1.876955289945618542e-03
8.686884908767052160e-02
8.714132157415309388e-02
-1.721319136253897028e-02
-2.192293086850342562e-02
-1.503479369323558468e-02
-7.430161841070320738e-02
-8.740058264579411706e-02
-2.870374789642566454e-02
-5.010739574103935390e-02
-8.061243939951814874e-02
-3.997065116694686199e-02
-3.618256362046717856e-02
-9.756765011118492120e-03
-1.935070596020740594e-02
-1.025687068432952834e-02
2.738909978668580339e-02
1.152537099029451832e-02
1.600372907299614858e-03
6.176363293024040614e-03
2.474855710239977358e-02
-7.094589008010150633e-02
-1.309634196143963647e-01
3.320468315849577773e-02
-1.090062131368819964e-01
-5.012168572827627178e-02
3.613331788296103315e-03
-6.261483629699308995e-02
-4.044054364906256305e-02
1.377877551516291845e-03
-1.727112974412677764e-03
-5.034926889171219624e-03
9.306622953541695761e-03
1.920131095822201137e-02
1.451148686590168942e-02
4.598510169946726928e-03
2.384978158443713456e-02
1.034462382587556829e-02
2.096815383573624389e-02
9.288121356113164528e-02
-8.291813581712818848e-02
1.139499449309394480e-01
-6.685814019363717220e-02
-8.813194424523580761e-02
1.675545892851974458e-02
-2.115161645514779254e-02
-8.377082233062473071e-02
-7.591018320259806940e-02
-4.484300147774636369e-02
-1.421764477988469999e-01
1.446054033644902578e-02
-9.325172819059522611e-02
-9.818609597532898525e-02
-8.575153847901116622e-02
-9.287969531032283510e-02
-6.380527130573485084e-02
5.408617558910572450e-03
2.282327904857554129e-02
1.747158536377590304e-02
1.693395256753852177e-02
3.187640062993181422e-02
1.648508303231593225e-02
-1.605249388481256711e-03
3.038993479672382793e-03
-1.485081592167098634e-03
4.317359432049124035e-02
2.859714474960652411e-02
-7.387872500593726383e-03
8.060248300909853003e-02
6.074834789833154919e-02
-9.170717566112505936e-03
-2.633185398834822066e-03
-1.361407689606535486e-02
-3.244480915990526765e-02
3.661934507092643593e-02
2.774539814744884231e-02
-2.324539577590460735e-03
2.450533771083634321e-02
1.638183407890216048e-02
-1.335782336518836003e-02
8.730201920744870905e-03
-1.139016680656257559e-03
-2.342880398401548867e-02
6.783150570639362442e-02
1.785216345105719235e-02
-1.723378516223814105e-02
2.028510771607969568e-02
-3.518525450261431736e-02
-4.511834196633482397e-02
-5.983950716734794811e-03
-4.380423884720321265e-02
-6.358842033255381054e-02
-3.979347305276184632e-02
-1.203727162932660862e-02
-5.441519721380595753e-02
2.803431162274775193e-02
-3.321252014099443373e-02
-2.653717064339040921e-02
-3.203895790106782437e-02
-1.499795022187401516e-02
1.182313946597545080e-02
-1.530885625124713857e-02
-1.037319733550536374e-02
-1.281843288527355178e-02
-1.907752635998101812e-02
-9.239613106332738440e-03
-3.757069417363061679e-03
-6.851818577193119660e-03
5.912919961263649396e-03
8.907743822000390582e-03
-2.524142269869643698e-02
-4.117962441649784637e-03
-1.818195165168236607e-02
-2.680217125778784279e-02
-8.733771527391492873e-03
-1.893777093021265651e-02
-7.796686777355031628e-03
-4.077790280125023412e-03
-1.213723594804569546e-02
4.821413649476263830e-02
3.715958048988461659e-02
1.317669206894570358e-02
2.866483384212368049e-02
-8.233670351706206050e-03
-1.695729771986319648e-02
-5.138068508097496344e-03
-2.733536515111888165e-02
-2.948840438419936955e-02
1.988651489979969059e-02
6.199083886527246429e-02
7.820726121173349199e-02
8.909467030861560610e-03
5.611935714537741315e-02
5.400611997555490595e-02
-2.428519843609841869e-02
2.259508011680597117e-02
1.486585159946943700e-02
4.885405184597291922e-02
1.564891005241378710e-02
1.369751599159656219e-02
2.655712167444948882e-02
-1.330676242668878996e-02
-1.259211449522536046e-02
-1.256919494706430253e-02
-3.288314397210952145e-02
7.359256082522833836e-03
3.471168034863666291e-02
4.687526993320942359e-02
2.002066554923172606e-02
5.144128749361777386e-02
3.799565299927884499e-02
-4.553270746578225343e-03
8.784246461693660801e-02
6.581875298168410326e-02
1.502703907682046737e-02
-7.441090009393887608e-03
6.473574232166429479e-03
2.020320602123365852e-03
-1.643536995719268451e-02
-7.068826852699715800e-03
-7.702077824185547816e-03
-1.784014708191686976e-02
-1.543714247860366109e-02
-1.198928802362423177e-02
-9.428040483354081097e-03
2.931351609094078395e-02
6.457694746469751224e-02
-9.333024661425710911e-02
-4.108076981321334697e-02
-2.941506139493023017e-02
-5.975070796010247681e-02
-3.635168055970425249e-02
-2.802067864284842058e-02
-2.056281418153955119e-03
9.297076609905204504e-04
-6.113088801894847428e-04
-1.744559535000322816e-03
1.573668999268900554e-03
-2.265013722012534144e-03
-5.943383624986108005e-03
-4.074699673121240481e-04
-9.610038463677498741e-03
4.155107311041798812e-02
6.594302854195213670e-02
1.378318543617060021e-01
-1.246605698033953491e-02
2.699408494162552907e-02
1.460809697706123289e-01
-3.391715269328047372e-02
-1.024735377121467478e-01
-2.070727724965717997e-02
5.932802136230021922e-02
2.142296519858984810e-02
1.398090697209593627e-02
1.480417000551963180e-02
-2.004947925497473776e-02
-8.546460754899888601e-02
-2.437476033099143791e-02
-6.252521927783619149e-02
-9.532779090632971519e-02
-5.840890411071770864e-03
1.109926370144280472e-03
-2.902977191064537183e-03
-4.546506136439378530e-03
1.421182131103016682e-03
-7.116682886666156338e-03
-1.110451310621433018e-03
-6.632134396209178563e-04
-5.748372371684591815e-03
-3.554866015360551301e-02
-1.870383227269632395e-02
-4.039954023945402373e-02
-2.496627498078799606e-02
-2.054781370642357399e-02
-3.592716414037139261e-02
-8.083738851428134628e-03
-1.100749811541987776e-02
-2.630744495620614479e-02
3.931291707802954220e-03
-5.534189694546310344e-03
6.132500720705671288e-03
-3.450577066959575195e-02
-2.547620700500575347e-02
-1.101828956586170007e-02
-2.988573602333728305e-02
-2.463035876655441520e-02
-1.642847639649175351e-02
3.848708663746420316e-02
1.975876101053412187e-02
-2.750095420867968918e-02
3.306823589561549287e-02
2.509523134492385940e-02
-4.402364937047589452e-03
2.303682209744423864e-02
1.570073686437471749e-02
1.598637613926366316e-02
9.146847029306452714e-03
1.047865612224517344e-02
4.724836350831523174e-03
1.033177142349310171e-02
1.595725855114992972e-02
5.044292874364664572e-03
1.397923598168510431e-02
2.213126061051835444e-02
-5.358397006738113526e-03
2.510727476294422750e-02
1.125001084756220744e-02
9.743493086458691541e-03
1.737959015877706473e-02
7.356978925639123638e-03
8.785024615930041997e-03
1.455567043858502826e-03
-3.187655561975426873e-03
-1.269873824374402778e-02
-8.833999897097299589e-03
-1.563418659882782544e-02
-1.912080899432481995e-02
-7.361883668797920312e-03
-8.689024237026037739e-03
-9.979324163815601195e-03
-6.532273090974110956e-03
-1.205428325866643099e-02
-6.724983257183445896e-03
-2.031585020609390779e-01
-1.963654126263286170e-01
-1.724641958077753334e-01
-4.098354512191242083e-02
9.427697061201735507e-02
5.514679260533412314e-02
-1.407536190477696493e-02
9.260610904702293311e-02
1.219767267051755366e-01
-4.218992243801858444e-02
-8.364924547173240021e-03
-7.164663040258284488e-02
-7.647293119956419249e-02
-6.382382714009424141e-02
-1.203240894876252999e-02
-8.442650285545674760e-02
-1.082627354877287867e-01
-1.811664172055786615e-02
5.831841475227322186e-02
4.618860167450954124e-02
-2.442592014284878515e-02
1.124895140351685197e-02
6.694048127680432558e-02
-3.139591604283939463e-03
2.883100466162343521e-03
6.495968696927166552e-02
2.530551653214410321e-02
-3.529448550955237296e-02
7.989246855829440497e-02
-1.098738756030117752e-01
-7.681348118534006564e-02
-5.520403123174447146e-02
-4.506983512882803411e-02
4.735566974375309685e-02
-3.542337799201773080e-02
1.307714438813001867e-01
-3.979960764768428194e-02
1.876382781126665483e-02
2.636023790804925895e-02
-2.190848161639224675e-02
2.260231189305782901e-02
9.486632283534489340e-03
1.663173194942295721e-02
4.116929319693696937e-02
3.011221894058086976e-02
2.689106340774956652e-02
4.166667061042217401e-01
4.345923295859360769e-02
-1.029887094991415036e-01
3.245434467712659532e-01
3.033672452395668948e-02
-2.445351343462996430e-01
-1.746141722415292252e-01
-2.073821664688964839e-01
9.475561438097097194e-03
5.903071553664191069e-03
7.896418442847909919e-03
1.823467344263438560e-03
-3.919246716254364015e-04
-3.048516870940027376e-03
-9.757366126912390275e-03
-2.949681935433953392e-03
-6.058170023865358349e-03
1.008132363799495688e-02
-1.784049341251952858e-01
2.890134389457158989e-02
2.216906877633927075e-01
2.563687582756357664e-01
-2.547344345325199821e-01
1.492761434565681167e-01
7.683939167466161124e-02
-1.183595608558215273e-01
1.029790901504031991e-01
-1.146852900705426156e-02
-1.414277374050815772e-01
1.334846445367623147e-01
3.719673983999411959e-01
-1.331496013257439937e-01
-1.567549589779408947e-01
7.878405772005674101e-02
-1.632915218358407528e-01
1.895969286072532369e-03
7.505043790856155174e-03
6.171754839643941830e-03
-1.032527375975352945e-03
8.229190507167119875e-03
6.073843111212342931e-03
-8.577654757474090924e-03
3.150918795921990589e-03
3.152598203067697152e-03
-2.985032882891857850e-02
-3.497735894565458248e-02
-3.179790211185427873e-02
-2.565484340439285957e-02
-7.537990219440164445e-03
3.506059506630558424e-03
-1.427114631553012825e-02
-6.370857002610847038e-03
1.207476230675796729e-02
-7.389569270676191182e-02
-1.625395340759363053e-02
1.209209220119240695e-03
2.171396832628639043e-02
8.511448788700880230e-03
2.529308968321150250e-02
5.278336339603663385e-02
1.721238686394752082e-02
-9.770236488725270174e-03
-1.043143673762239182e-01
-7.169126817022240805e-02
-7.878543282219271915e-02
-5.595141303611473466e-02
3.069577260436122737e-02
-2.490353470727161428e-02
-4.352874140066794600e-03
1.026463557528477406e-02
-3.647828186604586825e-02
-9.767860830019660379e-02
-1.012257818752432537e-01
-1.572816252180940788e-01
8.534903935543361464e-02
2.252586003402526071e-01
1.284699462588663466e-02
-5.399845711958655564e-03
6.540134303725274323e-02
6.210291864797782418e-02
-2.573518879636422022e-02
-1.029748006421119313e-02
-1.789790689950365374e-02
-1.141569490831503310e-02
-3.806605622475706194e-03
-1.463871522198128584e-02
-2.422451258891594392e-02
-1.663430301142656415e-02
-2.408870930116410042e-02
-5.605647473204279641e-02
-4.095137987440192889e-02
-5.621099265228157033e-02
-5.276754800350105107e-02
-3.007972053393128190e-02
-5.649821313319405153e-02
-6.457740934588926396e-02
-5.434432368064768398e-02
-4.394620988119657401e-02
8.005563819516726964e-02
5.973054830091766021e-02
2.630132000711835061e-02
-6.555975885478328158e-04
-1.764439119026470215e-02
-4.057661651980972589e-02
8.381010189893121562e-03
-2.801069784984752328e-03
-5.261454917619918376e-02
1.121711062008332871e-01
8.876611380368058801e-02
4.704006894759357044e-02
6.589888359783103999e-02
8.072826884779955858e-02
5.193214234583650585e-02
2.552458293658434532e-02
4.233200823071842783e-02
7.616623361394282872e-03
-6.589900868023970681e-02
-5.736234824514510611e-02
-3.018952972217573208e-02
-5.455370504947950477e-02
-4.099286773437294668e-02
2.693590585766042489e-02
-6.195936705372189629e-02
-4.989717499333479363e-03
3.979558056438821378e-02
1.094985394992332162e-01
1.773790345731616203e-01
1.774977805703414346e-01
1.729438263184133739e-01
1.425631525717544201e-01
9.064032228207927200e-02
-6.491841855417293528e-02
-1.140497452298128156e-01
-8.236042969884908860e-02
-1.762206562613796365e-02
-1.025831544539913646e-02
1.925903556663669609e-04
-5.223924434644313178e-03
-1.788078048444262727e-02
-8.304800440767530750e-04
1.008170583222142355e-02
-7.884508735239983621e-03
-2.489878083360912847e-02
-9.913424897057963869e-02
-1.273992722736801420e-01
-6.152515663858729167e-02
-1.362667016177590007e-01
-8.323260300137845513e-02
2.519283805564822079e-02
1.867435265969114716e-02
1.300217648662823633e-01
5.455918727978589441e-03
-2.343301579415867086e-02
-1.658904128352023041e-02
-1.586469728400801554e-02
-2.746217198811393839e-02
-2.383493026053847344e-02
-3.796088825220279156e-02
-1.862637368103853275e-02
-2.009888823309376529e-02
-2.262587053174809626e-02
-6.117620963481647245e-02
-1.199198132941425854e-01
-1.123455533695800201e-01
-2.049499130493382948e-01
-1.098782403173256123e-01
-1.023096453092189467e-01
-5.595456219375632978e-02
6.928580581028241647e-02
8.757860939471091843e-02
-2.880556693217542832e-02
-4.404051378822922830e-02
-8.173060685476353504e-02
2.101061555572324505e-02
2.048976911437178777e-02
-6.417610054169881062e-02
7.682156010282809033e-02
8.989684231986144747e-02
5.570298197020946696e-02
-1.380608771044617572e-02
-1.222330478604097617e-02
-2.978710175959191006e-02
-1.025309638189730865e-02
-1.624637802496399497e-02
-2.683080207213166257e-02
-8.268657055871247302e-03
-1.060642143455375712e-02
-1.448731119538997775e-02
-1.005085869983968899e-01
-8.392625243613111019e-02
-8.559134123126348193e-02
-8.944245907468618972e-02
-6.843312890529416881e-02
-8.906717728642646326e-02
-9.499097647438659031e-02
-8.463479984408502077e-02
-7.964928494910078483e-02
2.508412663012197716e-02
3.348787219361235717e-02
4.938929268531368905e-02
9.308980944527679713e-03
3.212537420326858767e-02
3.610440362194865943e-02
-8.501273963352899352e-03
1.505086834183933485e-02
7.100102138068999438e-03
4.225061908238113284e-02
2.155599460738603576e-02
2.749530730566378256e-02
2.415073536347478456e-02
8.571656682637672497e-03
1.073320628064036546e-02
9.590379333062845103e-04
-2.143345499241689628e-02
-2.489459551038212398e-02
1.207111800690276876e-01
1.390217963759437514e-01
1.051214781063056769e-01
1.582382002368985449e-02
1.880384586908973379e-02
-1.816844862871246080e-02
6.182772933934306200e-03
1.457541529408755074e-02
-3.629516746174239056e-02
7.426349219033871393e-03
2.680188309079781315e-03
4.677815143537430304e-03
7.551120862152075133e-03
4.088943930361167711e-03
7.152852522270190111e-03
9.432374553839691436e-03
4.643006192025552446e-03
3.603480106655125755e-03
7.641811213177436730e-03
2.844300484657698216e-03
5.554623723579223300e-03
1.474861593892412559e-02
1.011218773858808817e-02
1.214122306142887200e-02
2.502692949751981685e-02
2.764843909139085704e-02
2.383217393645829449e-02
-3.243880960776596850e-02
-2.073979265589696516e-02
3.584646710580391762e-03
-3.446373368580080143e-02
-1.544104415378760864e-02
3.631345443894296553e-03
-3.250021243996545350e-02
-1.629893977125744520e-02
3.760594572633941049e-03
-1.551139095269500612e-02
-2.575317378281873765e-02
-2.180240353541085252e-02
-8.278136083131144504e-03
-9.079726811960870054e-04
4.712404375289304522e-04
-4.851725744687365033e-03
2.435801883941095258e-02
2.442464758925625215e-02
-4.311176371909748554e-03
-2.114495304947760362e-02
-2.944454364817276903e-02
-6.228168032788927895e-03
-2.711547091585863808e-02
-3.317513169781401844e-02
4.138065145125842566e-03
-2.914842521325955883e-03
-4.292653328450441765e-03
2.781753551760787757e-02
5.559689519058911428e-02
4.553837928926842554e-02
7.019557928641494485e-03
6.382224721803802202e-03
2.126556522567032634e-02
-6.277164550098360274e-02
-5.622711130717025080e-02
-2.205131498823497890e-02
-6.089603008788700526e-03
-4.670334223571362756e-03
-6.681127056771326601e-03
-1.664040430903179118e-03
-4.205691783729227466e-03
-1.372233857177797278e-02
6.992020625461576461e-03
5.814318384208657688e-03
-2.605722413816206982e-03
-3.784348912360086664e-02
-7.989222218345165549e-03
-3.492369542706395130e-02
-1.549189252413339137e-02
6.146453178318862787e-04
-4.738461877632001856e-02
5.792174230512148886e-02
6.718026869927371664e-03
-3.877897969548260021e-02
3.505475820208370490e-03
1.253284478583575889e-03
-1.232426742660332544e-03
4.435852992723188920e-03
2.290752654091513223e-03
2.026894384380183503e-03
3.096541983951408162e-03
6.621876600330022303e-03
6.772406583180156855e-03
-1.410712326516095792e-03
-1.187455535866917050e-03
8.399095396761247639e-03
1.569375402587304402e-02
3.406012134590349211e-02
-6.355679063235725179e-03
5.623891707120249467e-02
3.436256924312095645e-02
-3.484971774984898379e-02
-2.320995589116354833e-03
5.808116277758544783e-03
-2.010915552311839938e-02
-3.039968349729772062e-02
2.709142167932460793e-03
-4.616620037391298836e-02
-2.691926500321444038e-02
-1.131620689245747477e-02
-2.269117491048950122e-02
1.564991517336332362e-03
1.323908678324722072e-03
2.199016377658226558e-03
4.461015294693103719e-03
1.479504085715163024e-03
2.397265177119981862e-03
7.817736015166134450e-03
9.080150301087499057e-03
6.953633963620072488e-03
1.097890120337630289e-02
1.552640966999889287e-02
1.824604633125179523e-02
2.339907006107556225e-02
3.217627478794277129e-02
2.956924295811167933e-02
3.937097421824677784e-02
4.728187722303867080e-02
4.264654823973495351e-02
-1.286801386408244208e-02
-1.615785112300189988e-03
1.978237523897275266e-02
-1.155131569091504863e-02
-7.862687685818816816e-03
8.974731801940022749e-03
-1.045786738419505514e-02
-4.787574869907064087e-03
6.294247174118062192e-03
1.877883831057804848e-02
4.010191954196741515e-02
4.232605970572316662e-02
-1.621810218842341736e-02
-7.129772673985140634e-03
-9.800680265222301568e-03
-5.503689048004130335e-02
-6.733414671915341487e-02
-5.798308640525232094e-02
4.935114153997986232e-03
-6.247045756119689111e-03
2.762152805753250936e-03
-1.291542857222488516e-02
-2.083791786858192260e-02
-3.495432080059059088e-02
-7.640266868887924875e-03
-1.769395437593275500e-02
-1.059264140772158899e-02
