5.020252163885129213e-04
-3.074815774477869263e-04
7.649740013914062753e-04
1.175890595226275351e-03
1.219521636204313456e-04
2.121943529331778763e-04
1.368058371595524438e-03
-7.687490673606941658e-05
-5.640731162238834953e-04
5.612535138999390704e-05
-1.395623925463270170e-04
3.894742397966758480e-04
6.176487753018649642e-04
-2.999250501087369152e-04
-4.701834417180940893e-06
1.026893436928397511e-05
-7.204074178089986099e-04
-7.689785899019478416e-04
-1.696143334468855064e-04
7.005883932319120202e-05
3.705080252241084709e-04
-1.374396075682991075e-04
3.183990599640227053e-04
7.981734208384222732e-04
5.352731467278148579e-04
1.390187203557502963e-05
7.044619736286114391e-05
1.264653472148197786e-04
6.126660464566862545e-04
4.559137474671520404e-04
-6.701102913187886650e-04
-1.736305703125097044e-04
2.453473684106852941e-04
2.432869471986813070e-04
1.279654016001798272e-03
1.278719334537528748e-03
-8.074030630182124418e-05
-2.970801073021239139e-04
-1.053442615841077340e-05
-1.933466140155341655e-04
-8.738593686615676057e-05
-1.475457755509555801e-04
-2.296425841835083789e-04
-6.661612176400111230e-04
-7.016493752441450458e-04
3.409802488204003237e-04
1.240104262412519297e-04
-1.218844205992509577e-04
-2.230537888657564303e-04
3.671350829767342086e-05
2.506013334235493851e-04
-8.582944909959303883e-05
2.017497339275832946e-04
-1.999851889719857548e-04
6.869647262838030413e-04
1.431659997808205529e-04
8.570636347466863408e-04
2.859838233965098452e-04
-2.407453553445405760e-04
-2.563693875940967898e-04
5.229735630561487930e-05
-2.545933148430305597e-04
-2.267570989009991364e-04
-1.545823407568420191e-04
-1.752666389061583989e-05
-3.020553958968406135e-04
4.119725812345234888e-04
9.376984399044202296e-04
5.458152238289650784e-04
1.691483360933063304e-05
-1.001025936518680590e-04
-3.628937957574411793e-05
-1.593624318546812166e-04
1.447531039483974577e-04
-2.510330746239605010e-04
1.211269560265760794e-04
4.307855932424112396e-04
1.198030162734830677e-04
2.367506240176741575e-04
8.978678398239423779e-04
4.898168331943444790e-04
3.403244389660340708e-04
-3.243079449864833485e-05
-1.308991968422851151e-04
1.099813115704443200e-04
7.205187919285663864e-05
-1.536400582959586089e-04
2.201405346854971748e-04
9.264601023279511694e-04
4.958604866424161286e-04
1.153878361633802873e-04
-3.864429347906087682e-04
-9.025835004195183111e-04
1.871800242068220735e-04
-2.389060978738885923e-04
-1.195768751423544746e-03
2.444009467363890777e-04
2.646980246284514650e-04
-6.285612574645881977e-04
-2.509346750152289542e-04
6.778838604085799966e-04
-2.209773906344350862e-04
-4.688538701087487017e-04
5.047744922709774965e-04
5.600968879272936747e-05
-5.069527174486273841e-04
3.976397654142697045e-04
-2.598265436022926850e-04
9.776815766012336305e-05
1.585092888759900061e-04
-6.450140853917486457e-04
-5.013460064871693702e-04
1.354759842444411452e-06
-4.936798502724869817e-04
-1.555283663066923277e-04
2.278565049844830711e-04
-2.391672357386711060e-04
-3.478176438030823993e-05
1.887358804706459851e-05
-2.554837738927109620e-04
-3.046932402503975637e-05
5.056180995582974748e-05
-5.017502256499923154e-04
-3.418108873378180321e-04
-2.570256911687869374e-05
-5.729932072424829886e-04
2.331652786942293369e-04
1.088816701086664247e-03
1.049929910555513594e-04
-1.123854425009288455e-04
1.812783153518593394e-04
-4.911736742401819370e-04
3.980687854119656328e-05
7.349529926432308300e-04
4.932424485111535284e-04
5.354222961930916709e-04
7.520941011474522025e-04
3.810408134940494913e-04
2.345044663680219356e-04
3.150662468452967752e-04
1.853139623153318781e-04
4.184361151133656745e-04
5.530546564195509655e-04
4.208702079783875507e-04
1.817275086351466049e-02
1.103210319133469952e-02
9.555233032036447929e-03
3.857235285669914030e-03
-5.573281228309781912e-03
-1.770138205108556968e-03
-4.680197487292789976e-03
-1.271762399611635168e-02
-8.895579896831505573e-03
-1.565578353432904232e-02
-1.080853056056353505e-02
-6.849356011657796277e-03
-9.245765154277848716e-03
-9.274679494697866955e-03
-5.950138606670260684e-03
-1.087563527638957597e-02
-6.455650534340807989e-03
-4.393144698133720841e-03
-7.594315873740400263e-03
1.349637954654197810e-03
5.513126892867800666e-03
-2.751186225574038264e-03
5.571975745418693629e-03
8.695739944851963235e-03
-1.112790089453410394e-03
2.258259047692694286e-03
1.368610253251998504e-03
1.016092129463545910e-03
3.010577779967215989e-04
-6.266060728673869019e-03
-4.917601130250194921e-03
1.658049812562873522e-03
7.665245443875572584e-04
-1.249932041010258163e-02
-8.021778085475435999e-03
-8.847644460126589602e-03
-9.331029505601989111e-04
1.944768913978128083e-04
1.254595825998228425e-03
3.017640021284485061e-04
-7.794387706854426830e-04
-5.670492064098349959e-04
1.272475940764404871e-03
4.245723042657685185e-04
7.333972580207268532e-04
-7.153920695711140851e-04
-1.493017877211778605e-03
-1.448558999350310367e-03
2.024232341547634300e-03
4.866803369666130013e-04
-1.383528501068581346e-03
1.729480177515962686e-03
1.414953790436376119e-03
-1.232395247188262108e-03
-1.171611937459016584e-03
-1.681537923874174955e-03
-1.733751554350239008e-04
-2.116106963378444703e-03
-1.057146092119257879e-03
-1.236606192798386371e-04
-1.476633408923143376e-03
-5.814593160672379109e-04
1.132369016472053362e-03
-1.552280483614444304e-02
-2.681702425100307170e-03
3.258062330225333560e-03
-9.265916440791442318e-03
1.237129807246678580e-03
1.469911093241728969e-03
-1.226440534390631221e-02
-8.626864667854885690e-03
-8.370464669618986331e-03
-6.857528439836881430e-04
8.064019669078961901e-04
4.847768060462658013e-03
-5.871467996754893255e-04
1.872668541515452130e-03
3.082382365802270249e-03
1.691455224689988749e-03
-3.680555284503971556e-04
-4.314406445254037674e-05
-1.179628392016880169e-03
-4.719241690621937130e-03
-3.908708949492752105e-03
-7.137527673351141619e-03
-8.522969549102192566e-03
-7.890046439294459701e-03
-9.918942144706550598e-03
-6.871899806131064568e-03
-5.002429355535921961e-03
4.548259753792515195e-03
-5.534134639326475022e-04
-1.180006666212660496e-02
4.089407390182823315e-03
-2.397731470451669976e-03
-7.724121406252630953e-03
-1.568827742461172039e-04
-2.952903598816105420e-03
-3.994822522701588913e-03
-2.092802777761557033e-04
-1.264779197913759763e-03
1.483712784703358160e-03
5.909871829141698793e-04
7.763045852582695951e-04
1.403640465174125617e-03
1.371066824626126384e-04
7.002235427865603073e-04
2.008160294265394323e-03
-1.572385578142678679e-04
-1.401024761752426824e-03
4.587886160378736120e-04
-2.783459552416648404e-04
-3.280713511194481699e-04
2.359312109135314195e-03
-1.790074876551709260e-03
8.769094396816891042e-04
1.970163293512612688e-03
7.954906829997053161e-03
1.113776150159694577e-02
4.393077318371600357e-03
1.071558517955983544e-02
9.046960902938714841e-03
-3.204956549586440826e-04
1.161647628731036185e-02
3.139510007593836454e-03
-1.018681196823031411e-03
1.274080500310561213e-02
1.656531978140228165e-02
1.592004011810908837e-02
1.739278537259501475e-02
2.738106392454565940e-02
3.146215873138014096e-02
1.607018775872685531e-02
2.136639893075925611e-02
1.903450801598727607e-02
6.587146088152166443e-03
6.605393633183656750e-03
2.178380339698680369e-03
9.244792885366621971e-03
8.165907871088803546e-03
7.172919156607201856e-03
4.744257216915810822e-03
4.572796778494454296e-03
2.233140872542465575e-03
-6.440081447632413358e-02
-5.956635616607747208e-02
-3.450814864384245395e-02
-2.039399218733318336e-02
-5.636159821401533557e-03
9.561533046184350279e-03
1.728472237152764782e-02
4.053382245151298385e-02
3.736127962566909710e-02
-4.061644718601514770e-02
-6.028619221453659915e-02
-6.219141440798539588e-02
-3.257613839197354838e-02
-4.516690386756296027e-02
-3.696326265797711397e-02
-1.639800344902041934e-02
-3.267937509114662159e-02
-3.111210219030694640e-02
-2.791478165071220249e-02
-4.587780714793025620e-03
-2.148375915696898106e-02
-3.036976570426067404e-02
-8.672547632624302838e-03
-1.082213347598601216e-02
7.905914448772718636e-03
2.008193794596276407e-02
6.838218669310784821e-03
-2.238493983466403880e-02
-4.431840953505998375e-03
-2.790150679697744537e-02
-2.377634316780935508e-02
-3.698171921823733329e-03
-3.118807844320307249e-02
5.814113288221399445e-02
6.773080913600135200e-02
4.695452467264882995e-02
-2.501317806651687150e-03
3.979107181720866609e-03
2.165873679599301764e-03
-9.545950178719860403e-04
1.759139484256566329e-03
4.629347610661032827e-03
-1.667082954581858940e-03
1.294644279421836540e-03
1.037263917403233099e-03
2.818689808721403303e-03
2.901054082795658916e-03
-2.357127183387846669e-03
4.084100937234029331e-03
-3.079496438692013414e-03
-4.845380392041508458e-03
3.659848917682640215e-03
-2.019819820578693925e-03
-3.692027967704969178e-03
2.800551948487880766e-03
1.560096380204627458e-04
-8.157048991300234683e-04
-6.671971038293897632e-04
6.163648809753767381e-04
-2.253308088226897449e-03
-6.956745420187777007e-04
-1.267075810377970560e-03
-5.180052089452195745e-03
-3.588732489677564502e-02
-2.511524188488102952e-02
-1.842854269916040233e-02
-3.629349972234224841e-02
-2.653445354793632777e-02
-8.775208406876030751e-03
7.385337098732156413e-04
1.196863228590744864e-02
2.397238412839490518e-02
-4.803523376690653143e-03
-1.843125299752620440e-03
-4.542261884668400730e-04
-5.121629683035082425e-03
-8.116352184253003768e-03
-4.668830823105750774e-03
-1.278483923194924333e-03
-7.284266049825111229e-03
-4.491114305172063878e-03
3.422647390281737933e-03
6.232496643609403315e-03
1.442802097874200384e-02
5.683744269888713063e-03
1.883748875896931393e-02
2.056775650138248021e-02
1.457312979242117446e-02
2.024277522610339400e-02
1.647129852335013980e-02
-3.558728526893288613e-02
-3.886622860622843123e-02
-8.471921382145319174e-03
-2.253322432424376826e-02
-4.128617830557290702e-03
2.480853759776590478e-02
3.964816532317253991e-03
2.572916544815611467e-02
3.845144941919650949e-02
-1.986463953181974700e-03
-5.581840610421222489e-03
-1.205059805013444611e-02
-1.121632172931325954e-03
-5.849494437665955782e-03
-1.086281329648359703e-02
-2.151334325538644190e-04
-4.230775209758387730e-03
-7.068300136132132060e-03
1.315622182905125306e-03
4.478037897477617213e-03
-8.897734816125316007e-04
1.890458455156142619e-03
-3.340475630436808528e-03
-6.886174125612463254e-03
4.208813218832252283e-03
-4.390514026355217363e-03
-3.058796036111836522e-03
2.575880508989464301e-03
1.828957438836451357e-02
3.657252132608921485e-02
-6.243926164871467944e-04
4.370625203369256362e-02
6.286905586712290828e-02
-2.308120718030269927e-02
1.513902402138501101e-02
2.654891746014633250e-02
4.482008975306060738e-03
3.821523392055840851e-02
2.752443505388276184e-03
3.360732764959546010e-02
7.987943305898401181e-02
5.368829277855625276e-02
5.447649564492547392e-02
8.184191340612971544e-02
7.502401927828471206e-02
-4.945262921728851846e-03
-2.031807039924703531e-02
-6.073633578016565324e-03
9.094307482677572649e-03
1.571485888705301693e-03
4.964015533282910460e-03
1.250092118785976064e-02
2.444212693678261134e-02
1.939183644821796879e-02
2.281882904181795242e-03
2.341137205013102927e-03
-2.973663009643747260e-03
-1.655412637931797000e-03
9.770402208171922055e-04
8.170887774167223542e-04
4.357387840688789309e-03
-1.193337828330271822e-03
5.349004151200914721e-03
-3.970790170341912534e-03
-5.258874087361089904e-03
-2.070402351521602024e-03
-3.314007809868468185e-03
-7.124600062892397917e-03
-5.476962075570798033e-03
-3.673155805038372766e-03
-8.140331761105750255e-03
-8.678585718050566000e-03
-1.821288124372248511e-04
-3.403566904696121199e-03
6.232698466887258296e-04
-8.345020091217922840e-04
-6.732444090883322324e-03
-3.136712304414714190e-03
-3.522006701718305693e-04
-3.362844139108984998e-03
3.376078173304157179e-04
3.363760317610216266e-03
5.897150554638056277e-04
-5.274207849376313608e-05
-1.148488791879723539e-02
-1.444242253670576653e-02
4.229607038078953755e-04
-3.274974955602477297e-03
-6.285092196794309083e-03
1.504224022132543163e-03
-2.388213632005140055e-05
-3.263753594019173031e-04
-8.412923153601986701e-04
1.760490646784534647e-04
-7.360583554060065375e-04
-6.369187162889370073e-04
3.666708791979411599e-04
-8.116505644903417548e-04
-8.786468474155678015e-04
-5.450096144803425304e-04
-1.928411109341777703e-04
-3.096345698657289975e-05
-9.771355800337049469e-04
-9.352951496773382820e-04
-5.028826502102444387e-04
-1.732553590195703465e-04
-2.159129311712529677e-04
-4.379536729714564335e-04
-8.287584641968938912e-04
-7.618978742429160025e-04
-4.798395928679488782e-04
-4.573662817497854065e-04
-4.918173218559496315e-04
-6.112447666026883837e-04
-6.659855742745553328e-04
-5.624554873258397376e-04
-5.328478650176821877e-04
-1.576515707291477894e-03
3.280152641674175104e-04
3.636514140159459538e-03
-6.597838488462026869e-03
-5.343919816783276357e-03
2.352426458708450690e-04
-7.736819555817670349e-03
-6.097359921664977089e-03
-2.175186617486345435e-03
1.304025879204790133e-04
-9.298901527842693424e-05
7.158693035984520963e-04
3.567291561726810081e-06
-6.546747849092584117e-04
8.126103618485039197e-04
6.778303113753355973e-04
-1.050617567221529594e-04
6.785997735623952370e-04
6.478732363211158699e-04
-4.012557050910232122e-04
-2.780431199680384081e-03
3.056920822195951810e-03
4.602872577428983140e-03
-1.809720732024336018e-03
-8.693447155372326313e-04
-1.513086954097887630e-04
-2.521805597893400381e-03
7.979630493129122098e-04
2.879277369667975883e-03
-3.443445946536007399e-03
1.939727647635916714e-03
-2.971749437614781744e-03
-2.349698090082125244e-03
5.382339178214229705e-03
-6.043462892492063206e-03
-1.889340020136343317e-03
5.749500085156355463e-05
1.172687675928422638e-04
5.892616109826834953e-04
4.792124851093672463e-04
3.553675816907071456e-04
1.472180770304827970e-03
1.729041542190038155e-04
7.577087301735922471e-05
1.064180841658976312e-03
-1.067122833180857524e-04
5.556899288573072913e-06
2.075508860379061070e-04
1.267920233500800364e-04
2.687598865526121721e-04
7.238693487204061528e-05
-2.311921513647453955e-05
2.328905309493281518e-04
6.606518732244157912e-04
-1.829942726106685829e-03
5.133736240720493740e-03
5.636632733986378548e-03
6.429094651540579949e-03
1.010815999041757111e-02
7.537062894123877123e-03
8.053770230778786732e-03
1.266407991456736624e-02
6.483083481069295238e-03
2.377679951814792077e-03
-1.317867109789124533e-03
4.764735950307320660e-03
-1.248713974766777531e-03
-7.719976471849223677e-03
8.071792666435472939e-04
-3.776394704178579788e-03
-5.030339382916379151e-03
-4.363395015064887653e-03
-1.552338906429760572e-03
4.653164115689334412e-03
3.564638841703823575e-03
6.634688209813331119e-04
5.233852193959541779e-03
5.604739958089792473e-03
1.339693602535532409e-03
3.517121663500537287e-03
3.421806522109074183e-03
-6.534034958324212283e-05
-4.361320913870168686e-04
4.501647724835589667e-05
-5.953587990010676071e-04
-3.398210110865516236e-04
4.309115278534072732e-04
-1.428689477721221653e-03
-5.142876762792849502e-04
2.076716206052518787e-04
-7.319755572470387122e-04
-4.049623364462433999e-04
1.776018488988465851e-04
-5.120716067255946888e-04
-3.292358862508650008e-04
6.312234927674199240e-05
-8.045208900150039449e-04
-6.605827626027545437e-04
-5.017467291731091171e-04
-4.925902603302291603e-04
4.565589506833034306e-04
9.035740183800609069e-04
-2.293515738554639956e-04
1.789955845482926538e-04
1.248713621667102544e-04
-3.605987670158977416e-04
1.740559329127097838e-04
-2.341554586936550500e-04
-2.041688458248979831e-04
1.552319143440776972e-03
1.273495743761243705e-03
-1.085555835625806164e-03
-1.909537121851890228e-05
-3.800511268474808806e-04
-8.778491127214316800e-04
-2.907650552656245000e-04
-6.053085696954686821e-04
-3.004877603317908526e-04
-4.251301362261098913e-04
-1.465019220089774931e-04
-2.184312713428404997e-04
-3.203413073473725158e-04
-1.652336738431983167e-04
-1.078049377014765522e-04
-2.460395202266860365e-04
8.070965749153586184e-06
-4.813664454976167685e-04
-8.269238141603234391e-05
-3.398212006238038904e-04
-1.336740609917861332e-04
3.003302927825943176e-05
-1.104707260844031507e-04
-3.076446111630875700e-04
1.304083417164440025e-04
9.904409375603144430e-05
-1.359914874865070732e-04
-3.015139150156497818e-04
-9.178368229725078758e-05
-1.719973410168695416e-04
-2.687753476019150395e-04
9.741580449330376301e-05
-1.008989179426875144e-04
-2.095757623849519202e-04
9.662640710917962583e-05
-4.157322474670889045e-04
2.759268661185141627e-04
6.769432896885665919e-04
-5.793546524928144684e-04
-1.960851072866712095e-05
5.305839376007562020e-04
-7.694158615558009499e-04
-5.965024667813418257e-04
-3.254018508967880443e-04
-1.798222980266462223e-04
2.073935568203362295e-04
-2.336035514866412245e-05
-1.308247879128329662e-04
2.660651165240731676e-04
-1.448972869953347022e-04
-2.111359572308428394e-04
1.493683317827003637e-04
-1.442552535612787515e-04
-4.427660721183494146e-04
-2.144761216845548861e-04
-4.998204999856097671e-04
-5.110383001694162415e-04
-8.592725160819293163e-05
-9.252460616089443841e-05
-2.519795418983273119e-04
2.157150003445591969e-05
-1.130617003231087022e-04
-5.501808006334797012e-04
-4.519180173388082241e-04
-2.101487208627859211e-04
-1.000273826949141199e-03
-8.111930561847630972e-04
-3.608580287053869511e-04
-1.236693548201833618e-03
-6.332105002338179545e-04
-2.138298881049883560e-04
-2.447274928231173608e-04
1.203358620777516110e-04
-3.093747324735583926e-05
-1.577238541048838245e-05
3.028803269748067684e-04
1.655773427890374342e-05
-4.243810597334547155e-05
3.858299913114144881e-04
1.096342779727723510e-04
-5.606762617130197420e-05
2.107994654289568079e-04
1.149127969438032133e-04
-1.817560556338062769e-04
-2.386764781365392690e-05
-2.033711467091238955e-04
-1.415860080188705299e-04
7.700200557728111505e-05
-9.396633264261850243e-05
-1.636778332997831920e-04
5.440849540688282981e-04
1.487487673581117109e-04
4.923772710019305374e-04
8.598774431763150840e-04
6.158638740034628870e-05
5.415410356119561985e-05
1.116417958970307732e-04
-3.389095643477742182e-04
1.179053627126454935e-03
2.607249676200900246e-03
1.399877667285380489e-03
1.949601531511056980e-03
2.994336804927622171e-03
2.031795371828828013e-03
1.531501180342313131e-03
2.393337175125550501e-03
1.285614073338096257e-03
2.523832815173232460e-04
3.042614975680081775e-04
-2.888419850323298204e-05
3.470018699698041429e-04
6.486835128179073299e-04
-3.581217173016309840e-05
2.587392742786411037e-04
5.474228567113297982e-04
-8.297059935791318099e-05
-8.888693461182883577e-04
-2.051887179478133379e-03
-1.680261148963985412e-03
-3.224097203274262427e-03
-1.291007471382494285e-03
-7.123392797549690661e-04
-1.281943118773479565e-03
2.613899307525291676e-05
-6.379665971257166132e-04
8.565838415090876266e-04
1.274029359942316711e-03
-7.983993904114711476e-04
5.126441937707718142e-04
2.697790681708285131e-04
-4.036761257910301552e-04
-2.587986574604523161e-04
1.290289990243463853e-03
2.175332894729251499e-03
8.828060625031330716e-04
9.271559220666703406e-04
2.408394160288841019e-04
-2.456400651037642709e-03
-1.292778934608055513e-03
-1.470819081972718923e-03
-1.887621064676808314e-03
-1.067373325599665652e-03
-1.320780832021403728e-03
1.553833404395409427e-03
1.126006995729026501e-03
-8.398326062129251191e-04
-9.624256159566182186e-04
-1.009872169555439550e-03
-2.667379998567969736e-03
-2.615883807130088730e-03
-2.084129111494560215e-03
-1.349077337760924873e-03
-1.482873463763225959e-03
-3.535204182369639046e-03
-3.034081232783909440e-03
-9.817225146533760990e-04
-3.888141383852283198e-03
-2.361100937417345228e-03
-1.487272322333600552e-03
-2.805877644663279814e-03
-7.192319359407826386e-04
-9.770201945739640306e-04
-1.996765129665306442e-03
-5.308803638289970534e-04
-5.672575588958652911e-04
-5.051138950889907334e-04
7.783475712120016153e-04
-1.326901714657606653e-03
-8.915975130837216090e-04
-1.869506359220838622e-04
4.858246762617058029e-04
-1.259979918726487512e-03
-3.346296993034451992e-04
-3.255203074599166170e-04
-1.591424952156483786e-03
-3.105721081860375013e-04
-6.736855100474086443e-04
-6.227687220953243962e-04
-4.186977904829583259e-04
-4.932237238408960665e-04
6.915814458882513747e-04
-1.068471706931586928e-03
2.155528431325725008e-03
1.761856722166390502e-03
-8.676935193557742086e-04
1.786270813891384151e-03
1.502981788668991735e-04
-2.035046292372358519e-03
-3.898299611203146289e-03
-1.378530303845257104e-03
8.726663415044022610e-06
-2.485283893471659528e-03
2.974264382763863149e-04
-9.193133886916272229e-04
-9.685227389966390371e-04
-2.529409010188257397e-04
-1.749021473647487026e-03
-2.572081351596210846e-03
-1.459198239480448802e-03
1.573706319968856552e-03
-1.864078184811373152e-03
-4.978313521963545572e-04
7.546386408354260325e-04
-2.423989201902326980e-03
-1.414691582581837194e-03
-1.995597629508128346e-03
1.421901513375254788e-03
1.963015809935094065e-03
1.647985324190266243e-03
2.927967036299794837e-03
1.356486011843169954e-03
-1.149684726635868005e-03
-3.396499073133704043e-04
-2.225852569430668802e-03
-2.927067051595926526e-03
-9.610881986873494754e-04
5.381164541778068501e-04
-1.468951380382824438e-03
1.550874441352584083e-03
3.457954295307992532e-05
-2.080333522671018627e-03
-4.957594407438754456e-04
-8.801853870441084769e-04
-1.571045431859952393e-03
-9.218674519494586940e-04
2.219430011921729329e-03
1.343477166274720160e-03
-5.633752782124045767e-04
-8.856815869640796961e-04
-1.530957899853935831e-03
-1.995081291617135499e-03
-2.254953674828555094e-03
-1.301613424457148975e-03
-2.426812887244330936e-03
-2.793037062901686848e-03
-2.453604698557624361e-03
-1.990371158337183102e-03
-1.829821700367593703e-03
-2.054528547918793580e-03
-1.522717319910755205e-04
5.299538995751747943e-05
-1.915055878394972570e-03
-1.219112186647410695e-03
-1.365384607269392410e-03
3.228048336120845855e-03
-2.227230012686322660e-03
-6.069520309156589341e-04
2.477309229008981505e-03
-3.738223665185752553e-03
9.920466058518858125e-05
8.599187181628888468e-04
-3.244072597105990274e-03
-3.867888928062830704e-05
6.531246861656446381e-04
-3.946379060711941410e-03
5.047802740925433958e-04
-1.591300954263950764e-03
-7.988991419176993221e-04
-1.916973605801295614e-03
-3.581447129758273760e-03
-4.429938507502069467e-02
2.790262154064154180e-03
-2.532733396716379919e-03
1.581430039331489009e-03
1.941511146548436165e-02
5.955856311395704011e-02
9.876283354988892038e-03
-2.392732934424636037e-03
3.751593921268661647e-02
2.260346928630186519e-03
-1.455323844336274541e-02
2.537467886992564314e-02
2.754150825226680740e-02
1.066195033535863817e-04
8.041725770586691246e-03
5.244475142645542431e-02
3.740363507699040468e-02
3.636370872626579383e-03
3.312766765882455694e-02
-1.822756726799499086e-02
1.944554661128059317e-02
2.881971187345253732e-02
-1.546519598824695405e-02
1.485108561238671597e-02
2.581200225415864954e-02
6.768790181920893503e-03
3.741609059278520888e-02
-7.748193415317907243e-03
-3.028627914458388928e-02
3.023771192814516534e-02
-4.090190611537906744e-03
2.838422800158952111e-02
8.226147807492917297e-02
5.328272134848623803e-02
1.113855414063440602e-01
8.397566843619024002e-02
-1.805347076073105178e-03
-6.130374354212847487e-03
-1.991535983665792490e-03
1.293182494348316764e-03
-2.333686818186444557e-03
-3.581859911936050717e-03
2.294782386407789865e-03
-1.671602257161890583e-04
-2.484319829289658235e-03
-2.347617615465864230e-03
6.246019170787159812e-03
-4.077244775998187416e-03
-1.589703755125608780e-03
2.985847400525677101e-03
-4.339757319841263360e-03
-5.380697307877379230e-03
2.935849519375338668e-03
1.153912771141804051e-03
2.422469409441231365e-03
-2.400880143076989355e-05
1.984379220898153159e-03
4.164215879793517310e-03
4.321724242663855901e-03
2.992397839938618163e-03
1.785579614797075257e-03
-9.597258422314698190e-04
2.706886604462667347e-03
3.419836424590091267e-02
1.957408474573474159e-03
2.944420262040520209e-02
3.791966523733727307e-02
-3.534865622648665148e-03
1.860623307372131705e-02
4.940171275907727366e-02
1.176942136806113405e-02
3.144296433693356124e-02
8.156500095329522609e-03
7.407256203498560100e-03
1.606627919590836271e-04
1.096068379798786040e-02
6.521382739527339586e-03
3.681959687088774604e-03
5.969935227066310197e-03
1.625035498806581477e-03
-7.943466158465233549e-05
3.257694330989250459e-02
4.207759758826713770e-02
8.030322931779760448e-03
2.540901519481074747e-02
3.025689249295307123e-02
-5.922380718422989160e-03
-4.247457300221182952e-02
-3.703268843775049668e-02
-5.721687037356606303e-02
-3.859318609974849573e-02
-1.247391184802845200e-02
2.170547911515577008e-02
-1.976020175525678227e-02
-4.023439736312910131e-02
9.414479305122451513e-03
-1.637133011473903416e-02
-3.220769582609087772e-02
-2.973667486255727327e-02
-7.349541154321426531e-03
3.319761653420567286e-03
-2.687570330303562949e-03
-1.025270623835604702e-02
2.178806429721394898e-03
-5.956304802915927260e-04
-6.413628585160651048e-03
-2.485908558214769762e-03
-4.293169043188145226e-03
-4.030926244918475797e-04
3.649793317548671954e-03
1.898911562925384780e-03
-3.900893262665725437e-03
-2.466321794869375233e-03
8.965333405561516688e-04
-2.742697141888857104e-03
-2.784106758995451292e-03
-3.351972035548198871e-03
1.710154541764510872e-02
1.244725936801781285e-02
1.547024558448242479e-02
8.831791221160994326e-03
1.153779943290529630e-02
3.012885025534044799e-03
-6.952078209180130239e-03
2.987690630960088134e-02
1.563035798671837465e-02
-4.300300290738726799e-02
-6.104847982962315067e-02
-1.113021312787434991e-02
-3.761473980318064819e-02
-3.458519352681142106e-02
-2.447136582480947519e-03
-1.379709242970085905e-03
2.734651901153122705e-02
1.535347930672852773e-02
-1.254203561853919034e-02
-1.081523218850367722e-02
-2.301405885786512659e-02
-6.322937093158699333e-03
-2.330946697663196371e-02
-2.095058097686362461e-02
-4.430315426282278347e-03
-2.170201666766803303e-02
-2.239968449943132572e-02
-2.098999494624303585e-03
-4.266574993594721664e-03
6.596814137888440573e-03
9.187165334182969233e-04
2.935381335349924840e-03
5.589750194302732858e-03
-2.275913785828396346e-03
-3.139226924519473300e-03
2.197331304231595062e-03
-4.674173648476686628e-03
-5.980823753044537880e-03
-5.990182130349040734e-03
-1.115110193296264124e-02
-9.671320831520209202e-03
-6.441454035728296293e-03
-1.456608550766840850e-02
-1.049521897747336327e-02
-7.473310779855060239e-03
-3.622343312261238225e-03
1.713445533832962716e-03
-3.639598573894333063e-03
-5.915126869526140911e-03
1.395767914133416330e-03
-2.883542054580455396e-03
-2.565398331625124914e-03
1.037221448804565623e-03
-3.386146758319422481e-03
-3.628100682424141923e-03
3.505095612001414562e-03
4.885868916129351876e-03
-3.660991536819889914e-03
-1.905636653374097930e-03
-7.557126138359346280e-04
-5.717850010066648052e-03
3.559689680664058099e-03
-4.634096176165803499e-04
-8.233617132500497269e-04
-1.685079904408838970e-03
-1.740789628761004165e-03
-1.400490038317736574e-04
-8.287773421414641913e-04
-5.396148128352534247e-04
-9.362520234750074674e-05
-6.938563833805203290e-04
-1.271279999167748481e-03
4.196798653534741173e-05
1.011349653359829546e-04
-1.154190474802455253e-04
-3.168103393816015410e-05
-7.978326758180895881e-04
2.422947648339257066e-04
5.457652261300206635e-04
6.502843422159275757e-04
1.311905059286143631e-03
-2.783735389111764800e-05
-1.516543270913408431e-03
-1.484345834075501299e-04
-2.289179064153176713e-04
-9.224929284319305280e-04
2.306680377177763115e-04
-4.033969715127897968e-04
-2.115643549495061383e-03
-4.595749197525660751e-04
-8.263051792763688452e-03
-3.842355668891602252e-03
-6.005399842442671852e-03
-3.444494490565493377e-03
-4.180368114334286241e-03
-4.418700260725398100e-03
-3.308187103385382046e-03
-4.216060962468683518e-03
-8.171282467169973043e-03
1.679164794097671217e-03
2.075293300021709489e-03
1.348454003584326861e-03
7.670121971805035545e-04
8.360376447501674047e-04
6.606124002108670337e-04
-8.297664280656104211e-04
1.663538933001623005e-04
1.323465160798233088e-04
-2.702640685043154224e-03
-2.769222423978888025e-03
-3.997245746079568750e-03
-3.536612558420703517e-03
-2.495574059475893364e-03
-8.127052042447319592e-04
-2.203130070289761183e-03
-9.546164481782613582e-04
-1.390167993621266957e-03
3.904540728004158873e-03
-5.293649712950473929e-03
-6.625700629349098869e-03
-4.549789441122308216e-03
9.771274488729270527e-04
-1.427103009111059225e-03
2.144321608991852854e-03
-4.686257909172057180e-03
-5.486974499026789007e-03
2.050395048884301550e-03
2.340819644625384815e-03
3.244580349455870004e-03
2.021560556478043270e-03
1.577144537598085131e-03
2.792447845201412315e-03
3.029211595532706452e-03
1.909685752925822325e-03
2.666310194872954873e-03
2.383188997046274880e-05
8.580032799432777378e-04
1.834223069344284552e-04
3.269509102831892719e-04
3.504545409716307617e-04
-1.833858059222195133e-03
-1.207162841112083534e-03
-4.666743738896410201e-04
-9.418893745913997900e-04
2.269644704300542498e-04
5.812321107757849152e-03
5.892226079271730213e-03
2.424527664299498328e-03
8.443345005762515135e-03
2.603374490192965959e-03
-2.833419323601217218e-04
2.265229723134196734e-03
-1.169007590828947734e-03
8.726551028862295292e-03
1.369668746287120743e-02
8.246206423118074280e-03
6.902378447141555365e-03
1.434807148341357350e-02
7.609682076487505990e-03
3.867954019029595878e-03
8.534653747553147540e-03
6.766124947249663353e-03
5.148736772764622369e-03
1.125074635557165269e-03
1.642642285072954105e-03
6.633491046340049893e-03
5.583279362253755658e-03
2.619724997329246022e-03
3.997625716823455071e-03
4.753507211387186966e-03
5.216507372762553031e-03
2.894906544408622825e-04
2.177612228206411878e-03
4.555614532433969132e-04
-7.306723352753782342e-04
-5.962431931783515604e-04
-3.029452432995040725e-04
-1.451821320827791258e-03
-1.549537392375434364e-03
-8.502764308926943166e-04
2.262152968128000477e-04
1.711033033172199838e-03
1.399868670503164568e-03
-2.228819717697404375e-04
3.739678683606563903e-04
1.029572673502981549e-03
-1.151465906901586551e-03
6.072385200132398957e-04
2.259072322451916720e-03
-1.584472807980172749e-03
-2.391354975806197613e-03
-1.347091764060886305e-03
-1.291885661053691599e-03
-1.804210145526513468e-03
-1.579373243615915436e-03
-1.707306581440299568e-03
-1.763819930597722383e-03
-8.079355689945654081e-04
-1.344932046516252293e-03
-1.899072403721358991e-03
-9.461204882094964314e-04
-4.638364296099920805e-04
-1.942751502319594280e-03
-1.629284218012756877e-03
-1.269004644260464214e-03
-1.689469901076173612e-03
-1.644757475784990996e-03
1.480675465455419740e-03
1.541541090434070610e-03
2.007611947941178535e-03
3.537850368543764995e-04
6.404718883641248714e-04
1.194758039917314654e-03
4.003269221885080676e-04
8.541385009712250615e-04
1.121916926392961403e-03
-6.499482804658421656e-05
1.031344037828546946e-03
1.369318093924302429e-04
4.391155547505136056e-04
6.016660768614856504e-04
9.446257261052303476e-04
2.789610369379023230e-04
8.876977511431709462e-05
-4.222394519198607258e-04
-1.298570461426037980e-03
-3.243472245361646349e-05
-1.694208587425284087e-04
-5.064497400706456784e-04
1.873996238396622056e-04
6.618455618149267101e-04
-1.324700212937523624e-04
1.370905457641786182e-03
7.616674180995056977e-04
7.289395472462279965e-04
5.279720016444746560e-05
1.996931956889482548e-03
-2.971448207115724867e-04
-6.782840595794810239e-04
2.626351782585166126e-04
-1.557370600766245757e-03
-1.685413654388108560e-03
-2.147473409649958977e-04
1.274873699352737765e-03
-1.220365855063391784e-03
-6.369502147850901637e-04
9.110701762974491224e-04
-2.124173881669722073e-03
-2.010143089538828434e-03
7.339256491942901944e-04
-1.960226657104844304e-03
-1.987317485698965151e-03
1.066393147122240937e-03
1.121815443905748713e-03
1.136916445043030174e-03
1.916056427672871041e-03
1.998762897078096984e-03
1.809893164810414800e-03
2.521916682296654420e-03
3.630333847635435710e-03
1.888212759989474137e-03
-9.148330766163702992e-05
-1.282953259487803511e-03
-7.670218450455956738e-04
3.852346261579239913e-04
-6.750857423229645639e-04
-1.354127173937823021e-04
8.288369834688677626e-04
-5.348350023040747891e-04
-5.196318341122107241e-04
-2.537319818167970667e-04
-8.908958833814790241e-04
5.658933243517741830e-05
-9.658592482633002272e-04
-1.122282892408834601e-03
-1.215783046554712570e-03
-1.442996599859090994e-03
-6.904339832918995716e-04
-9.082941631012109510e-04
-1.552215438430416285e-04
5.186472504662201482e-04
1.132890911377530630e-03
1.299950928532171745e-03
7.886926577388101572e-04
9.505838674647651291e-04
1.389117077404883977e-03
4.822280350860532220e-04
9.413177855603393259e-04
-3.876155792250454853e-04
-7.983305337326678528e-04
-1.190404376459524519e-03
4.366974315253593334e-04
-6.031127712352543115e-04
-2.869637682620017555e-04
8.408405022731162528e-04
6.717129251433589295e-04
1.074654071355921146e-03
1.774346819082110943e-03
6.173911166623851678e-04
1.524539397243673476e-05
1.552169276387463642e-03
2.129444217840172852e-03
1.244633213290864118e-03
2.111000862771270688e-03
2.700615223585264412e-03
1.607679734347191658e-03
2.972699207730651778e-04
-1.033563793781750763e-03
-1.300810661891250693e-03
5.529161842303726869e-04
8.298456102310172548e-04
-2.703212231665043353e-04
3.482898665572882187e-04
-4.807237445440635127e-04
-4.416738940247726813e-04
2.508923875871138173e-02
3.736747002803976481e-02
2.765736143207448219e-02
-4.100236863859643699e-02
-5.572955144259912272e-03
-2.124892450505708533e-02
-1.444278910544042303e-02
2.614197257285454448e-02
1.222211093727439309e-02
-1.395061991654570829e-02
-1.428518846226759821e-02
-2.770109887283160946e-02
-2.816557941683834471e-02
-1.370679540902733536e-02
-1.522896338236404828e-02
-1.143161256709394023e-02
-2.376113324699898402e-02
-4.535416544702312869e-02
-6.126104941442610252e-02
-7.093165292927651466e-02
-5.553092982033064340e-02
-8.129557910305225399e-02
-7.978964568615419528e-02
-1.020125495505753155e-01
-7.211755757836214864e-02
-7.585637890752559842e-02
-6.223097185468574877e-02
-7.411754989661507864e-02
-1.097052341481788706e-01
-1.215134705365946421e-01
-1.568725534739780492e-01
-1.870078714629839212e-01
-7.977525497536841481e-02
-5.961477044725595892e-02
-9.361942835223646675e-02
2.097688388436694945e-02
-1.133341058602582371e-02
1.923186973449399824e-04
4.931759997147349035e-03
-9.097072916517482885e-03
8.931960207647462666e-03
6.103793033038651394e-03
1.721806348055689726e-04
6.104344008061167448e-03
2.046032043401751696e-02
2.257494651704854659e-03
5.686180339386271571e-03
7.734677379678556522e-03
6.151930247284626702e-03
1.378013758054679079e-02
6.733842201979820322e-03
-3.169528250488606869e-03
-1.536410591668469286e-02
-1.292890238415907991e-03
-9.484451930812633214e-03
-3.823118214267927101e-03
-5.997484781784960528e-03
-1.023396429533798835e-02
-1.060884804465842858e-02
-1.150094253964610916e-02
-5.416218631736342479e-03
-3.274861029418357945e-03
-8.426274873314881439e-03
-6.695973877882926972e-02
-7.996076327743401047e-02
-6.163780739615924015e-02
-1.085107352060781516e-01
-7.881082508528119979e-02
-8.012568884973031436e-02
-1.021203021475904221e-01
-8.261093593567969684e-02
-6.118776113640520681e-02
3.760195261358429287e-03
1.362230645666735740e-02
-1.534515891193020823e-03
5.428229543226120897e-03
1.248306784398402376e-02
7.537524068578300897e-04
-1.165591157475093925e-02
2.198238979371856978e-03
1.237617754294588132e-02
-1.220641187581079784e-01
-1.163876954353015025e-01
-9.938282202167708634e-02
-8.601135654737257497e-02
-6.860891538154967328e-02
-5.201157428400649679e-02
-8.130405299569823385e-02
-5.376992994144857291e-02
-5.823413826784037961e-02
-3.400839146309353467e-02
-1.090358929494426692e-02
-1.425639672066440246e-02
-8.903631376796793118e-02
-3.801131386860603922e-02
-1.188941490395992520e-02
-1.763400662242409211e-01
-9.314604276759529122e-02
-7.551041016685293428e-02
-3.727976007913816770e-03
-4.324501815412233954e-03
-3.259336605823503607e-03
-2.017993664108217594e-02
-2.379007405572585322e-03
-9.981950842713907188e-03
-2.112967424612572157e-02
-5.673144648754720708e-03
-1.494306066584209780e-02
1.748901017789327925e-03
-5.466922437850987165e-03
1.909338981660825552e-02
-2.061940486840602507e-03
4.971489481616863521e-03
1.118250993672720642e-02
-2.657880231208930525e-03
3.838814065055009845e-03
1.532744515095660690e-02
-6.018708958854146474e-02
-2.366679898445520416e-02
-3.703218710679440778e-02
-1.659970323811836221e-02
-3.044209010284264910e-02
-4.142001802569465069e-02
3.430317284683575326e-03
-3.713644579976455029e-02
-2.406995216711087585e-02
-2.607138470311257464e-02
-9.295367164448961605e-02
-3.534535844197346510e-02
-2.038234342162187698e-02
-1.485890768784548510e-01
-7.036484009820562213e-02
5.461231972405129927e-03
-1.160411992263450515e-01
-5.461067195899957372e-02
-7.471821701814328892e-03
1.587833875988893528e-02
-6.414426214712718941e-03
-2.169804196196358989e-02
-5.308128913687688508e-03
5.936568387027178241e-03
1.189767780929238197e-02
-6.019127493470624590e-03
-1.209200973840949623e-03
-6.647047063843314861e-03
-1.322365041412006670e-01
-1.513332566798198386e-01
3.657802808722631499e-02
-5.475769278984695537e-02
-5.031599397378699878e-02
8.430445958973556420e-02
1.606981347421743492e-02
1.403511361055366502e-02
-6.084044728195684565e-03
-1.507056228020640758e-02
-3.027949138428364523e-02
4.006465896432674645e-02
2.524109869842293408e-02
-3.298804148004136957e-03
4.415044933283882728e-02
-5.923720309847033821e-04
1.759923196167007681e-02
-2.606687911687670736e-02
-2.354340336874703385e-02
-3.256059335134269678e-02
-1.567428158323944457e-02
-3.462768351674351541e-02
-5.230876116466254971e-02
2.519830220280076978e-03
-2.322917834383444319e-02
-3.451968855709674350e-02
-2.827410284987946776e-02
-1.190233747715263857e-01
-2.574149648217676778e-01
-3.650799245969445911e-03
-1.078437295601130663e-01
-2.464883879335262318e-01
9.134474397697246728e-02
-2.514083782440405465e-02
-1.180257265981067838e-01
-7.400775249973946118e-03
-2.571340330194892346e-03
-2.964284784658789956e-03
6.475445664433084969e-04
8.882372163230897039e-03
5.909581839284581625e-03
2.130405202411938918e-03
1.080030847130385510e-02
1.277838334311535810e-02
-2.093783634965889351e-05
-3.074337035518878540e-03
-5.601942394393217249e-03
-8.893014900398408043e-03
2.113878939820639684e-04
7.477741253571921695e-03
-9.752730849355991175e-03
3.447047387003644801e-03
3.849879130745049831e-03
4.817049997351380633e-03
4.811658130072406746e-03
-1.829802064901695511e-03
8.488760109337760776e-03
6.095494718186948192e-03
1.221347742051539544e-02
1.346669863678098301e-02
5.351943269182994969e-03
1.418954362932970011e-02
-6.190189860727039056e-02
-1.771269881744395522e-02
-2.951087844330911938e-02
-8.500654473253647925e-02
-7.093499294888948314e-02
-5.072647476486882162e-02
-3.736203833421707088e-02
-4.705425882168971785e-02
-5.741865076816742020e-02
-3.504336190660276452e-03
-1.114316060936993693e-03
7.897962716194235119e-04
7.349498506623889857e-03
1.079808599077350037e-02
7.831982290905507502e-03
9.011266992564333222e-03
1.843209523863647420e-02
5.607530973802695926e-03
2.830707962256460639e-02
7.076334512052920300e-02
1.150256955538919712e-01
-2.415283098900811859e-02
2.566773920775351076e-02
1.017964565603624305e-01
-6.346801429248509485e-02
-2.023820094488071666e-02
3.488981159424886513e-02
5.559172778689504962e-02
-2.028826234937231021e-02
-3.729657107100791541e-02
-6.932608321168156999e-03
-3.877575221268454025e-02
-8.256542050184847992e-02
-2.593892581777784700e-02
-1.686777439888580837e-02
-5.937501521856944353e-02
1.073790918424188294e-03
-3.737031979272984784e-03
-9.348577835441124542e-03
-4.716465709040917539e-03
1.064164486537131672e-02
-1.598258202976188345e-03
-5.876182685335374148e-03
9.363160191202412122e-03
-1.857312561806319633e-03
3.972164432493546435e-03
5.369437208838637697e-03
1.697218883121306976e-02
7.310563922194875108e-03
-4.877250018358026545e-03
-1.623002634090450194e-03
-7.198958378592489049e-03
-9.009314166488650161e-03
4.002896976350670162e-03
-8.208426385244980972e-02
2.336014219380015342e-02
6.433387633479717427e-02
-5.446833046768981973e-02
5.132295726076537001e-02
1.065576781888993574e-01
-5.373842583110351179e-02
1.549486423663148232e-02
7.838283676879807815e-02
-5.375968662478613352e-02
-5.431562565095274242e-02
-1.806062759465441175e-02
-3.888103963145431857e-02
-3.226839886323210060e-02
-4.701122285043041193e-02
5.335174842962715769e-02
-3.654238164991290352e-03
-5.787363737332220683e-03
-5.321405238190320824e-02
-2.626759391160155346e-02
-2.265628297638127425e-02
-3.475249430901221348e-02
-8.541881792545339552e-03
9.304256515353931736e-03
-9.286788722528058898e-03
2.463630297683726267e-02
3.295049878666247989e-02
2.010861896801056925e-02
9.862452307937141782e-02
7.080890685160534659e-02
1.033239165659799799e-02
8.867918309430068702e-02
7.718144245335531450e-02
2.449222667697654315e-02
7.788034279051484279e-03
2.276463804342412564e-02
-3.417749566659852856e-02
-3.370058269855998045e-02
-4.492948163610578399e-05
-1.186687133315005374e-02
2.216484633982342134e-02
4.986022200383840447e-02
-1.376148527047402204e-02
2.972799043661921575e-02
4.811616333967378388e-03
-1.493859522658654536e-02
-5.945160009783263116e-02
-5.943440299036586300e-02
-2.289965365131665584e-02
-1.078343579789398793e-01
-1.070894375228852585e-01
-2.052848479009787910e-02
-8.273824177855892970e-02
-8.728627233232837124e-02
1.628456557717155029e-01
4.068564941600210511e-02
-4.350185524361310785e-02
5.005372425996852670e-02
-1.023296792587838205e-01
-9.681981576639790699e-02
-1.236137333421424497e-02
-9.720122892944665915e-02
-6.394359445382140350e-02
-2.036932089035199331e-03
-9.443932127459118281e-03
-5.237816515543004293e-03
-3.518261714947891212e-03
-8.512160703351305535e-03
-1.382683153170594917e-03
-6.589260362957671292e-03
-8.156871942800920233e-03
-3.202622817818502610e-03
6.323478517630521344e-03
1.312900898983332398e-02
7.408183323954725501e-03
-6.925080496084848672e-03
8.099677366908138859e-03
-6.523925090292817357e-03
8.343867135796924090e-05
-5.901885201228192906e-03
-1.028691959248560599e-02
-6.287208462726516034e-04
9.492850023062320008e-03
7.461057561560596740e-03
4.611809112765853647e-03
6.792540887067685489e-03
7.012551870829495000e-03
-4.693214249058726140e-03
-1.409664389186349957e-03
6.026567526932334606e-03
-5.688274508357128029e-02
-1.356724861177796004e-01
-9.828756782726577601e-02
-5.045772808548825566e-02
-1.387503196545077921e-01
-1.195325337461235343e-01
-5.785548783786181870e-02
-1.427986542778439671e-01
-1.129539762474934123e-01
1.622442331816186271e-03
-1.691951336968939429e-02
-1.323422268811425863e-02
1.389806217060461559e-03
-1.301613259744792417e-02
-1.366829443814009809e-02
1.893289814991865484e-03
-4.726847231008377524e-03
-5.677383006961512352e-03
-3.491737145465345638e-02
-6.948641449028234059e-03
-1.546442105380172339e-03
-6.517740358459456727e-03
8.146778028231904667e-02
5.313573803075347796e-02
-5.203268735384659199e-02
-1.243253300528390955e-02
-3.326133304415869463e-02
-5.583439457783196530e-02
2.700488799066252596e-02
9.365962749803907750e-02
-8.847477193821041974e-02
-2.349334944733449254e-02
5.062763788811605603e-02
-3.693542637588806410e-02
-5.236199456327054330e-02
-7.759874244503144058e-02
9.571004374929899770e-04
3.752115546077913234e-03
-3.803084183010816983e-03
3.880426571343211211e-03
5.205099247515971618e-03
1.265059791381737027e-02
3.771416323139103674e-03
5.105769011187856650e-03
1.343950377243101520e-02
2.377047286745022445e-03
-3.935237910180988154e-03
1.196753027037988568e-02
-1.428171516990808451e-02
-1.041829890039141886e-02
1.680182306921279307e-03
-1.523338093684172868e-02
-1.971169635825444424e-02
-8.801842224201817527e-03
-3.045998375922824575e-02
-1.764173694045801516e-02
-1.713748624897363420e-03
2.964602396769177792e-02
4.502574789364881952e-02
3.616625689944859973e-02
4.494529235269369843e-02
9.052639784756211228e-02
7.211799316110123481e-02
1.472837386565726756e-02
2.932638852871851526e-02
9.297601500481762760e-03
2.693640540924563398e-02
-6.297043230255430822e-04
6.912611769028915998e-03
5.766189217891158798e-03
-1.361138693856205756e-02
-4.570428916316680162e-02
-4.256570899623998705e-02
-1.147171605126458271e-02
-2.789945166880957242e-02
-1.384038089276196266e-02
-3.404402944666306934e-03
-1.763266129977094851e-02
3.875932888410749382e-03
1.391489848678586529e-02
2.548776796079849603e-03
2.891441091647154078e-03
8.099249143999173901e-04
3.141010530658400884e-02
-7.241994450848410203e-02
-7.421275152010706200e-02
-2.357085249033367969e-02
-7.205857013996383453e-02
-8.288348339562347233e-02
-4.897370159945091395e-02
-2.687016422344776223e-02
-1.729889098182608304e-02
-1.214935166065066532e-02
-1.929539142134123475e-02
6.029402048010619464e-03
-5.395394328258598660e-03
-1.119886994594710035e-02
4.398732312552836726e-03
-1.916862714872934886e-02
-6.242134239067499181e-03
-2.890000211368740080e-02
-1.719330554468154887e-02
2.672377779639771578e-02
9.016284468120640619e-03
-1.221358399141983693e-02
3.067502735910504139e-02
1.568041462966510494e-02
1.393332249088670644e-03
-3.188417077240824488e-02
-5.875406519586822557e-02
-3.126741170892004956e-02
-4.484394735822657546e-02
-1.041474273154770341e-01
-7.366171054161631260e-02
-6.134853975882849364e-02
-7.328235877872088522e-02
-5.612361730120313252e-02
7.523905769357736376e-03
4.414556777197286598e-03
2.723420414167554253e-03
3.338007819541002810e-03
1.708122636487565847e-03
-1.347593641262354426e-03
5.065134110219818298e-03
-2.399221424376718655e-03
-9.901684584739528505e-03
1.163979637065985957e-02
1.195809360161134011e-02
1.067410526111218019e-02
-3.869412643662952390e-03
4.563437324340611709e-03
8.209550054469759786e-03
-5.514272282327154460e-03
5.091148948217381551e-03
6.555066344282477545e-03
-1.137350378271494936e-03
6.177609393191293465e-03
-3.978121734205599357e-03
-3.715989536244169566e-03
1.084919247311723779e-03
-3.085426448432429265e-03
-6.776053580532660769e-03
-4.902027130249733949e-04
-1.889307328216589766e-03
-3.884926421104971991e-04
-3.105076139158006315e-02
-2.745445550077690866e-02
-2.979186630424045853e-03
-1.578478457614301486e-02
-1.966525753586883737e-02
-1.703066807231907315e-02
-3.076993020016960401e-02
-2.406178833615020551e-02
3.041051489479088248e-03
-2.135977205434701903e-02
-1.363642846515186920e-02
-4.262132393307174229e-03
-2.754871397417305023e-02
-1.466513595122823609e-02
2.979329874747458674e-03
-1.924389392813988589e-02
-7.415225513109317303e-03
-5.494467479787294370e-03
1.564736923047378497e-03
-8.220942845706584803e-03
-2.453626916415495123e-03
5.339883583417623369e-03
2.994820937070231774e-03
2.348315636853049240e-02
4.467561627168886024e-02
5.054228442397367543e-02
-5.069120567290209822e-02
-4.958629498821359727e-02
-8.335427046709441290e-02
-2.256429363624433068e-02
-7.961231152309117265e-02
-1.140331009861647454e-01
2.765852071490655650e-02
-3.637155648678965653e-02
-6.459504393900671049e-02
9.863953380949341473e-03
3.002126768423344846e-03
7.717847457485194594e-03
1.095095481662041251e-02
9.122301028957001054e-03
2.034779865754746120e-02
2.851663209255462291e-03
6.419496208014251887e-03
1.729517775519005818e-02
6.084686476092080430e-03
3.718546053379294131e-03
1.161193836298628733e-02
-2.941010303011398503e-03
-1.694538160745147869e-03
6.750459204028089882e-03
-5.511376336410144655e-03
-6.675754739712373709e-03
2.297455372282646013e-03
1.456037289411519792e-03
-4.234251763229127108e-03
-1.612802208087953451e-02
3.406890723295519924e-02
2.911875798350938363e-02
5.940195880708785091e-03
5.642734347851871383e-03
1.279025782304571944e-02
9.709961561116441098e-03
-5.943381653004426758e-03
-5.669814664014258959e-03
2.012109713172778591e-02
2.542904381377332403e-04
-5.025696583757736230e-03
1.524463572911793907e-02
-1.074661841178139315e-02
-1.982080696387864688e-02
-4.378333671895528675e-03
1.452836219178425727e-03
-2.021487070686408746e-03
-1.297524233700822482e-02
2.498205291579558285e-02
3.078289636109465127e-02
1.514492655425033786e-02
1.202192679528518021e-02
2.593301535659422660e-02
1.128643441277342625e-02
2.470093685161893395e-03
6.728667006828147230e-03
1.123385329265334971e-02
-6.156235322444082204e-03
2.101613381357383611e-03
1.103717857993624131e-02
-7.940526108335408187e-04
6.632724537304424475e-03
1.480113633871614834e-02
-2.123710385984654402e-03
-3.220207750920707230e-03
2.261888653474621296e-03
2.915360598445156364e-03
2.443857930803222927e-03
8.895517199011304318e-03
4.243180239098174461e-03
2.748521427966611232e-03
5.550830501153775250e-03
-1.617383580284419489e-02
-1.863412441481865703e-02
-2.225229363969282587e-02
-2.045598151743901333e-02
-2.065692163376620441e-02
-1.780632415201486088e-02
-2.299868392328075634e-02
-2.269720707939583068e-02
-1.624536685140364964e-02
8.162142721939980288e-04
4.332037782655809473e-03
-3.812551121419173721e-03
4.806131571575707716e-03
5.239189000637544703e-03
4.241777845696881842e-03
-5.892886543336934430e-03
-1.437537947786559668e-02
-8.930999692844204113e-03
4.693322284439824764e-03
6.130951988001716833e-03
4.688395577944459366e-03
5.026393412774801846e-03
4.210235854491291632e-03
3.890966009551066578e-03
5.390065613318807507e-03
4.937186708481811070e-03
5.402501701599565428e-03
-1.113123777385187189e-03
-1.166489770135623180e-03
-5.315221581065576913e-03
-1.884013571794549726e-04
-1.920816155571824623e-03
-4.184730049132627874e-03
-2.683700087866593142e-03
-3.914583148245509743e-03
-2.031998673550282960e-03
2.088127474746237933e-03
6.586813943897331563e-04
2.560978445526292287e-03
1.876432560843376658e-03
1.462702427411444748e-03
-5.820943618089145213e-05
1.851623028354093103e-03
1.254776796193204664e-03
2.024456370382123733e-04
-2.461746569194268527e-02
-2.676295651973865583e-02
-3.321629366431627650e-02
-2.574116808718921595e-02
-3.384460472369934386e-02
-2.365022899696929762e-02
-2.202915387302964781e-02
-2.407527423841068076e-02
-1.963807923368995206e-02
6.161587562969977547e-03
4.809323436208428650e-03
5.368325999772584345e-03
8.467369584468956503e-03
5.143120380400378888e-03
1.403136288826981786e-03
4.743433229379695817e-03
3.869619583698593289e-03
2.089870115670083503e-03
6.617553027143289329e-03
-2.479549561673594950e-03
-3.416996933729644003e-04
-2.341653390180725800e-03
-9.901837613312456515e-03
-8.354793550361633986e-03
-4.484926337484800712e-03
-1.058618438832230335e-02
-1.456594288935370365e-02
1.295362319997297139e-02
9.779365397169104829e-03
9.505964814205642571e-03
-2.171140143068815698e-03
-5.143194417571231303e-04
-1.443542757686808392e-03
-5.282414129284397457e-03
-2.933418839462052525e-03
-2.683865341707165723e-03
2.146262359808926053e-03
4.321249560532132092e-03
-2.302007132115981795e-03
1.261921742584206849e-03
2.329683089149602992e-03
-2.766769613861155651e-05
-2.853357702489918608e-03
2.214867969729606648e-03
4.830478299866414389e-04
-5.779683709103559160e-04
-2.508957808803292597e-03
-5.632422698066838485e-03
-1.181531176142154018e-03
-1.303969895856750853e-03
-9.035707660231618102e-03
-1.235645231841193221e-03
-3.790326672224988459e-03
-7.146564786052336284e-03
1.418148331547790676e-03
8.479078239575901788e-03
6.712554218266708443e-03
2.649962139797370358e-03
9.690458255895073245e-03
6.606171788845308611e-03
-6.756422679611745127e-03
1.317618612363023571e-03
-2.605864019461194645e-03
1.713234222152061267e-02
1.119685267741423081e-02
-9.180651595343650856e-03
1.432148688675238118e-02
1.877265119611724528e-02
-2.503025526578179800e-03
6.741877250769177411e-03
1.361567723907765272e-03
-1.398787719191001318e-02
1.187176330717781142e-03
4.165198612177264882e-04
9.172307678069330488e-04
-1.803872072145704325e-03
1.171100201338026470e-04
-5.412451434793152201e-04
-7.897816005250843374e-03
-8.485348756662612971e-03
-9.654613483090233872e-03
-2.637257686150190432e-04
-3.753933477595959838e-03
2.487014520557999115e-03
2.708910898174676698e-03
-1.747984353462890637e-03
1.167117422502446898e-02
4.330811026864428599e-03
7.673640616827455884e-04
1.788303290455177386e-02
-1.877624301629286048e-03
-1.853610092700097925e-02
-1.449355832820239075e-02
1.117316337532598368e-02
1.273782019062989768e-02
2.934974288412515141e-03
3.812568521848494485e-02
4.360995149093627177e-02
1.113696965544211034e-02
1.237311851716211934e-02
5.677024788938684480e-03
1.076722983145171099e-02
1.091137837537471678e-02
4.102505426783311163e-03
9.445776328209228370e-03
5.114710945795779978e-03
3.222730363199918964e-03
5.328973253592944256e-03
-5.153446429933599901e-03
-1.019357746277852264e-02
-1.104220250983306616e-04
2.533202144619120522e-02
1.877554443415118193e-02
2.106176017572625528e-02
3.230569051908280254e-02
1.952178540193739639e-02
1.118042504712689518e-02
5.534345655828212460e-03
-4.833095766280963494e-05
1.935845391181971204e-03
6.200840785287686872e-04
8.555248891307931647e-04
1.396546724797783018e-03
2.692709703567446652e-03
1.490427268165649523e-03
-2.510328057569873278e-04
-4.555160681663772675e-04
2.276811273543351277e-03
9.194971606536105763e-03
4.424369685076245777e-03
3.702280552871915417e-03
4.834562490239106836e-03
9.640183379135193811e-03
-7.480732233572951482e-04
-4.687051497315374233e-04
1.406669777109426219e-03
3.602656768681339154e-03
4.100903225655982108e-03
5.205105683692433198e-03
3.286783001522966367e-03
4.843599575713757564e-03
7.571433869948938217e-03
4.421216273347143913e-03
6.052199820822824934e-03
2.111099708098185951e-02
1.047602138760329350e-02
1.257152659281575088e-02
1.240834138699269118e-02
8.003126585409706117e-03
1.049924595988088565e-02
3.121867640595686264e-03
-7.941454918032267093e-03
-8.198294314667717297e-03
1.757926789451579128e-03
9.076812109519718022e-03
-2.256856185104554741e-03
2.299060577384863188e-04
9.850344950052842413e-03
2.991566666541213581e-04
-4.650470631567684733e-03
5.413835459759021307e-03
-5.382320448988116984e-03
2.254057079907820921e-02
1.386811833383835325e-02
5.208430218192307108e-03
1.307733708227211411e-02
1.213825758944556132e-02
9.374695296754288407e-03
-3.692730158792820877e-03
2.462081526842818148e-03
5.536456926300834143e-03
-2.035757146455393837e-02
-2.015307975348018532e-02
-2.199139149435632573e-02
2.193750334561042018e-03
2.049453058320521714e-03
-5.051909008337834156e-03
1.272483253358225319e-02
4.047190259816372399e-03
-9.891734449250279022e-05
-2.600845375734633143e-03
5.293168829056396456e-03
3.796866186539871960e-03
-8.337734892618828969e-03
2.468045149433470246e-03
7.374102924366744607e-04
3.314155121654353744e-03
7.833128113929662545e-03
3.288808889733827682e-03
4.365223063747652663e-03
4.162486764209393647e-03
3.213009741968181517e-03
4.648278636047579668e-03
5.202030728111549200e-03
1.579186129693272182e-03
3.292893147239744564e-03
7.761019509939829589e-04
-1.494006874709049313e-03
-7.227578007004531631e-03
-8.167116056313825437e-03
-1.203100373586312062e-02
-3.510910423610231427e-03
-5.398230806534482819e-03
-6.544014187216764568e-03
-2.341612529207624197e-03
-3.050873782638766681e-03
3.412514651292122077e-04
-5.268313037624051606e-03
-1.006439410073498193e-02
-1.361508053762688041e-02
-1.367913992293984422e-02
-1.542963869444976578e-02
-2.268089027695457602e-02
-1.520556160610142538e-02
-1.083278012241233740e-02
-2.228374155278156979e-02
-7.474962064498455114e-03
-7.206242591903232013e-03
-7.541199593104439859e-03
-1.640891054357284740e-04
-1.110476143623830925e-03
-2.867235166449178755e-03
-7.241928197767820256e-03
-3.490448355601779087e-03
-2.442701544659460142e-03
-2.328515888513531529e-01
-1.352799812747417507e-01
-6.476038898785951847e-02
-1.252529251290634693e-01
9.124416738264723437e-02
1.029551029808831036e-01
-5.064668274812948040e-02
2.856608563833792913e-01
2.174000230343762219e-01
-5.266137811589216566e-02
6.412970285214085464e-02
6.381202871116780154e-04
-6.566775650850341373e-02
6.326452696611943594e-02
2.204632725177949060e-02
-2.748959593101456961e-02
-6.149958553950692249e-03
1.268881037246896888e-03
1.995163685453071531e-02
1.471679665725285913e-01
1.182060143837893040e-01
-3.699812418657503349e-02
7.192600735487135466e-02
6.666961889268620267e-02
-1.102582094885481839e-01
-8.657548468565391675e-02
-8.018137192866101048e-02
2.465311662449284347e-01
4.788849623560569868e-01
1.187375219987624325e-01
1.826064443818100624e-01
3.816657476408634730e-01
-2.965874729983134991e-02
-7.391923906757831564e-02
-6.972245419403667877e-02
-2.276147409626823881e-01
2.416247987001870351e-02
2.208912119381983147e-02
1.727582878798948618e-02
1.690131546961724796e-02
2.543208654429762045e-02
1.929466430221744855e-02
2.266540749718172834e-02
1.985296742695979652e-02
1.970286668216308587e-02
7.144159587778058616e-03
3.762403201677851604e-03
1.298483873209565521e-02
5.362311105132609029e-03
1.036035873008001040e-02
1.719923105915329223e-02
1.952627014724079429e-02
4.927166940759108819e-03
1.312801724378259531e-02
2.935982356240299587e-03
2.013141988250664437e-03
3.643642089305222393e-03
-9.518962084322995587e-04
4.523169813842497361e-03
1.127892630056590365e-03
3.551166389681498139e-03
5.127530526390927310e-03
-1.156803572543296278e-03
3.012818426726140628e-02
1.316629244612356198e-01
3.306155332634074656e-02
4.639900289777704190e-03
8.588864628980551197e-02
1.001306067238466081e-02
-1.091137106693545328e-01
-4.040997629687486520e-02
-4.161142758462486185e-02
1.854753493383929502e-02
2.211367095735954774e-02
2.749655258169108121e-02
9.587737417272742223e-04
1.704209909228547593e-02
1.989728578039349008e-02
3.778415114162595855e-03
-1.827504245359889068e-03
5.553622153680225909e-03
-1.163707478298782322e-01
-1.421379682599410166e-01
-1.510276385502177521e-01
-7.568673169632512965e-02
-1.005867656808429739e-01
-1.119203054894924720e-01
2.571095487877586225e-03
-1.288013906001953673e-02
-3.275299123616104424e-02
-1.257478927606852370e-01
-1.786569999175512680e-01
-1.165464423377389896e-01
-8.737277192128864445e-02
-8.149937830616238443e-02
2.939365316237389780e-02
-1.454396884588815553e-01
1.870873677797363702e-02
2.068792899158288234e-01
1.173855999773733109e-02
2.687261372311794926e-03
9.283377138365387499e-03
1.419019211147434442e-02
9.466688540557866710e-03
1.391996688844267423e-02
1.025037538788380748e-02
1.783811144388568193e-02
1.564335770761317995e-02
1.983537718222715303e-03
2.767930986105911380e-03
7.288128843060755918e-05
-1.091655865468173399e-02
9.809236400417538360e-04
9.577156883631992093e-03
5.165244005361456330e-03
9.524523102668359942e-03
9.677589637872017689e-03
-4.562404119043172307e-02
-1.182264498140388059e-01
-1.270704307844734982e-01
-5.455253879818246221e-02
-1.684735732936692154e-01
-1.502237015538765708e-01
2.729815395230682923e-02
-1.170288991838522030e-01
-7.543792854045604235e-02
3.888078659801210563e-02
8.868085743517836739e-02
8.515460133304814105e-02
6.618789628799669200e-02
6.513656725602262609e-02
1.368924299356693852e-01
2.590286866496093951e-02
-2.060833836850593792e-02
7.924280775190151171e-02
1.589358202217540719e-02
-1.511231042759516446e-02
1.082880906059697189e-02
5.866212389826792363e-03
2.600646697490150913e-02
3.932857921816107494e-02
2.796130445784920666e-03
-7.633300038538350010e-04
2.435454996931937441e-02
