-2.817862393409006905e-02
-3.390020880128064712e-02
-7.436458858469500999e-02
-1.569363852744404819e-01
-1.772249240967204223e-02
8.188623806247319337e-02
-6.037141198887011756e-02
-9.325137804071549630e-02
4.026932113924232975e-02
-3.896021729456200684e-03
-6.582623178815565773e-03
4.554272511192659911e-02
5.669354970264405685e-02
1.320896569556096779e-02
3.966044638451424881e-02
6.012884133331843073e-02
-2.504326047349005741e-02
-1.646122875980946670e-02
-1.427246401663322985e-02
-2.102207190123101671e-02
1.537401719634386025e-03
4.505728710973525009e-02
6.173598877954221409e-02
-5.971679542433760285e-02
2.010662409055307548e-02
-4.943230052306227945e-02
6.321479992654731490e-03
-2.585866371780259909e-01
-1.439027524094311228e-01
7.194256663414229369e-03
-1.979952395211171667e-01
-3.187178652999851924e-01
-9.749293018921471876e-02
-8.076206558516288436e-02
-8.197463708926233661e-02
-4.448141965291801253e-02
9.542072692129618949e-02
1.605797087400445411e-01
2.454012045554658239e-01
-7.904239762944952064e-02
2.481437075782770216e-03
5.013407936813889243e-02
-2.590759122744557344e-02
1.147388803568584817e-02
1.169412067004920036e-01
-1.623036911477244715e-01
-5.798624106043509530e-02
-4.906944069249383200e-02
-7.319287923362337300e-02
-1.567892397547391015e-01
-2.251067551163158376e-01
-1.121975057143320825e-01
-1.219905906693378728e-01
-2.694362656172036852e-01
4.061815858654645520e-03
3.242878343912493355e-02
7.057600416792048081e-02
-5.241122656318315809e-02
-1.243933078092665234e-01
-1.321002085503922840e-01
5.899749854513325342e-02
-5.789262756346278543e-02
-1.232310909155181489e-01
-9.804897404037694886e-02
-2.719978865258735473e-02
-1.158218956475451089e-01
-3.892102423609058309e-02
-9.254105979627981482e-02
-2.318259960879365811e-01
-1.248120135215518602e-02
-1.221014934665265173e-01
-2.025841721813543550e-01
1.356867231313626243e-01
-2.475910251211171573e-02
-1.059430669681129672e-01
1.544277030063237188e-01
-4.603959815219603458e-02
-5.050595264081033514e-02
2.760653555928733183e-01
4.528945202981016771e-01
3.114823984101996457e-01
-1.084465364235386864e-01
-1.509896085564885748e-01
1.558693482077098957e-01
-9.322463274800237010e-02
-1.714984214504346460e-01
1.354302991567419845e-01
-1.256014703843490732e-01
-2.937878247976558055e-01
-3.371472880402166805e-02
-1.396965578826570298e-01
4.031846246536770206e-02
-9.473710092982606801e-02
-2.161737013807280283e-01
4.244153748117612639e-03
1.923569983297752570e-02
-1.311905006348968727e-01
-1.075970617713796484e-01
4.961930541306394660e-02
-2.070001206773621275e-02
-5.437828184652459401e-02
3.201695300411861594e-02
-1.148839937912310150e-01
2.580322723663728071e-02
6.573035581445098308e-02
-1.354811443847581121e-01
-1.006458879285795915e-01
1.037983219004371821e-01
-9.706347066810917801e-02
1.323499329418977195e-02
-7.533180318900313532e-02
-4.242816814980378270e-02
1.050850247392289549e-01
-7.968050888753450134e-03
-1.254450362788541579e-02
1.517136906154191722e-01
1.257824685229382011e-01
4.607359663038962938e-01
2.824700542864714836e-01
-8.443813446492416663e-02
6.880275612220679848e-01
6.576993341109229618e-01
1.767243614790105222e-01
3.004014835217662105e-01
4.172333123178122993e-01
4.276229203963303194e-01
-1.979373864164530872e-01
-2.759714420898287668e-01
5.988301867824374208e-02
-2.573160865998619928e-01
-2.815901248742535556e-01
-1.244631793892319593e-01
-4.393938658257531826e-01
-3.293503954223825358e-01
-4.004511383879530984e-01
-7.104581367699133732e-02
-5.597782803392446771e-02
8.795493492767968505e-03
6.253123194730109136e-02
3.541455989414315358e-02
1.385149582761553699e-01
-3.089845080732216490e-02
-4.592731632157052470e-03
-1.978596566663864270e-02
1.125139520597086967e-01
-1.482951991768722590e-02
-1.801230510095328807e-01
-1.065177512200221194e-01
8.910300517073855425e-03
1.096102143802807211e-01
2.022209796538300408e-01
9.341799759554780813e-02
6.433009140806543458e-02
-1.217351640236083443e-01
-5.013566214624375073e-02
-1.410082848526041099e-01
1.469971164894224303e-01
1.823004204470261014e-01
1.163690202603878399e-01
-1.324133236981792638e-01
1.011732763589448525e-01
5.405034469377012485e-02
3.057560242552281610e-03
-1.039627389977994670e-01
-7.053264946559706372e-02
4.904006291634602221e-02
4.684615584378264141e-02
6.106990384065994620e-02
3.940662495512419622e-02
-4.845110926065040319e-02
7.228573469456727255e-03
1.258914725914272170e-01
1.448526322751408912e-01
-6.432109881367598092e-02
8.539897277027695688e-02
-1.001826345416988867e-02
2.478915300630392948e-01
-1.140099517500048482e-01
-4.472900641671294364e-02
-7.845178065198751827e-02
2.299469793563530817e-01
1.918594079679906417e-01
2.277789879355251179e-01
-2.514943935564451505e-01
-2.240756127066859116e-01
-3.582157969338234937e-01
1.115215269983847041e-01
1.176152592113901552e-01
1.222707766572411620e-01
2.624672769422571258e-02
-1.867558664327930926e-02
-7.997122183166782694e-02
2.844418171741040779e-02
5.072254482325912195e-02
-3.042213509030248370e-02
-2.887949930463130487e-03
2.541340210653976819e-02
-5.215975607158480215e-02
3.007238657673369508e-01
5.039277255087108998e-01
2.236246508825733836e-01
4.462397440620134714e-02
2.974215606034951720e-01
-1.788765918172300837e-02
-1.507335367940301207e-01
1.135292573503285524e-01
-2.445489065320948507e-01
-4.381144208387532935e-02
5.694132081074732010e-02
3.252912855159717509e-02
5.799439215597964464e-02
1.204984380758748197e-01
1.306599542868858710e-01
5.727943738660003919e-02
1.383551942060904094e-01
1.518775589156599604e-01
-2.628068748184694478e-02
-7.773807450869043255e-03
-2.206113236186257043e-01
-9.031481188100734525e-02
-4.931005566091146708e-01
-2.112897437865937922e-01
-5.687536742195342665e-02
3.457388786025271665e-01
2.096156168399825048e-01
1.472758478404259663e-01
9.423060629187320070e-02
-8.022788109685709268e-02
-9.533355341096491631e-02
-2.119073270352113125e-01
6.039820162086989574e-02
1.900281370773527490e-01
2.538999791608553477e-02
1.254461944137784998e-03
-4.033929002616032725e-03
-6.949852775290298046e-02
1.700196589643118358e-02
1.561428585089803638e-02
9.402979240546983919e-02
-4.089994800316379257e-04
1.488219577549981798e-01
1.292213079178280710e-01
9.928047999533626267e-02
7.609822705481394944e-02
-5.693220388659148146e-02
1.421812296301766254e-01
-3.106426636322507512e-02
6.606503692411848372e-02
2.457441063378522361e-02
-8.785590301592954843e-02
-2.697300712918445087e-01
-2.695674657187940859e-01
-1.193966543281686499e-01
-6.579710627753569685e-02
-2.511542628383768294e-01
2.282688649765195199e-02
-8.300606880203913185e-02
-4.249639371173104946e-02
-2.777597671633512122e-01
-1.659219452392557692e-01
-2.240539793273330638e-01
-6.930379714435543070e-02
-3.139862818013263585e-02
9.262754801587320952e-02
-2.803653638391017180e-02
1.101072048600524600e-01
-8.635888737382799163e-02
-1.228105809801410264e-01
4.909589053373674544e-02
-3.746659571326185767e-02
-5.406535484885312964e-03
-2.511658787908372520e-02
1.221513490359204535e-01
1.529195205081950587e-02
7.658546297634218070e-02
2.467461687322113906e-01
-8.107253490240121097e-02
7.524865156666007970e-02
4.029980644463208167e-02
-2.698790183519866187e-02
1.040068405420795511e-01
7.393061039942470936e-02
5.781985092535524284e-02
2.447435359006897571e-01
-1.581208385239652597e-02
-2.096218866124878732e-01
-3.431842571309988710e-01
-2.785054615794023691e-01
-4.341916404890205916e-03
2.160370794782811438e-02
2.063849982151197068e-02
-1.318737568452589895e-02
1.001680143021737787e-02
-1.213249750535864979e-02
9.199603118059522869e-03
2.450994257080723465e-02
2.016739760052978572e-02
6.632591819150255620e-03
-1.749895212751107973e-02
-3.610910309876708135e-02
-1.680395928691155033e-02
-4.806972640816694481e-02
-5.711483131947973219e-02
5.122373035239886040e-03
-3.368108840842135715e-02
-1.480624960774373951e-02
1.907999078573503066e-02
-2.370643025249460217e-02
-1.688760370394611424e-02
3.295135338717954110e-02
-1.868119920925343305e-02
-1.728523009806719191e-02
7.988563370263475003e-03
-1.871520806361060343e-02
2.465278443189560138e-03
-8.710145129683734971e-03
-2.774307490833227956e-03
2.411630538123611667e-02
-5.157474719107248834e-02
-5.779328625805019853e-02
-7.325869746461861898e-02
-2.918684815067193461e-02
-4.782607818468086192e-02
-3.500265617920268572e-03
6.689637519582272186e-03
2.021681233627856469e-02
4.138617707946973256e-02
1.381778833047728194e-02
-8.270536747834230512e-03
3.354125145164825461e-02
-4.312993729808572291e-03
-1.203857446152408958e-02
-6.213683889250359339e-03
1.935178200697289588e-02
3.055216452461058125e-03
6.000824064606233993e-02
2.525801828593216350e-02
9.165445789624069185e-04
8.196282374156553530e-02
4.326386393139750042e-02
7.924401088693536210e-02
5.928411975380082355e-02
-9.692088621016302363e-02
-1.785128186894799074e-01
-1.356077970097245566e-01
-2.651283000082678074e-02
-9.146100446267101114e-02
-4.589994205535089661e-02
1.119162857642328618e-01
6.463506222631271170e-02
1.022301986614163327e-01
-6.971900007084139974e-04
-9.721456341495016791e-04
3.419854996457693391e-02
-2.038298799159834335e-02
3.635516911333503006e-04
-3.650347738300092904e-03
-1.390041905393170005e-02
-1.569943348625852438e-03
2.393005708567844808e-02
3.098871825956021897e-02
6.081832878332422976e-02
5.094765900785866442e-02
1.141640250375507842e-02
-2.306543600218246073e-02
3.210080041101958520e-02
-4.024688347320658915e-02
-1.208600552329299055e-01
-1.542913152785661546e-01
-3.110350831763524643e-02
2.416372664522320468e-02
4.959180729115380409e-02
2.912160019950928505e-02
2.915251370848828336e-02
9.046237685625767300e-02
-5.841009807549060913e-03
2.538973062055363810e-03
2.137627731427327316e-02
-3.430705361510402729e-02
5.891179349335397275e-02
-1.419987845734105129e-02
2.244849907460502725e-02
9.421629898105347845e-02
8.510125674946601715e-02
-1.114419977568095917e-02
2.680395752131532749e-02
6.270413045962182352e-02
5.776774720923478351e-02
5.508856336734627851e-02
5.387307316557940484e-02
6.583845593591504191e-05
-1.333769777519265044e-02
4.293493129293603390e-03
1.099473386040977774e-02
8.340070098027882461e-03
-5.205393107470142160e-03
4.683769528966891943e-02
4.451556070535030163e-02
-7.335936891909748681e-02
-2.363966138412397500e-02
-5.525697969999970871e-02
-1.357762058056227183e-01
2.110409568911383524e-02
-8.135551200410855166e-02
-8.108830689843588013e-02
-5.655381033272344204e-02
3.570409822126339311e-02
-4.354626388931499316e-03
-5.135722889801284941e-02
-6.437564258880575097e-02
-5.628240047130084883e-02
3.656743202696393497e-02
-8.804936106252043981e-02
-1.163632954379028445e-01
3.937543408946071050e-02
-8.680354597235903635e-02
-6.419719182022218251e-02
-1.207173392356540934e-02
-1.077231441541580959e-01
-8.460865442680297333e-02
-1.497303272553607810e-02
-7.898622747899158858e-02
-4.736366056676483832e-02
5.102264218576831045e-02
-9.465349107917216467e-03
-3.344055437220155164e-02
-1.167496596586647672e-01
-1.456887573299719962e-01
-1.154753300087181106e-01
-8.022974687350606371e-02
-1.063405264048842974e-01
-7.616626006387149095e-02
-4.729761282991152421e-02
-2.434678194243655464e-03
4.050016137342617173e-02
-4.976198303286558100e-02
-1.633753663438210213e-02
7.515107157919022514e-04
-9.741056345694881682e-04
-1.432637183827969313e-02
-6.615155666439735682e-02
2.220844465246248241e-03
2.379518541444249416e-02
1.817589276995538322e-02
-3.270331904073375123e-02
1.237527231623888196e-02
9.505759706511471632e-03
6.699787926610500585e-03
-2.640548560682455873e-02
-3.650222398027317544e-02
-3.887928552491336232e-02
7.898065829929361292e-02
9.925659233145649185e-02
-5.266190675553535094e-02
2.452807075717807969e-02
5.212890142307590596e-02
1.892485989824224668e-02
1.210761185778879041e-02
6.270127276837796082e-02
8.793762219955657961e-03
1.043477700110202137e-03
-6.637915372726355297e-03
5.963741621875353130e-03
-2.448353790514764400e-02
-1.816862488555668828e-02
2.895759340745890711e-02
-2.603247121735600966e-02
-8.355024341547653832e-02
-1.042144363880670027e-01
-7.178314060083662573e-02
-1.037089198757539937e-01
-1.088977041991161659e-01
-1.087648591541578863e-01
-1.403011236367592840e-01
-5.538580706622112104e-02
-5.525170846316787739e-03
-4.280280767247304774e-02
-4.651005950899255587e-02
3.020239609299971845e-02
3.687191007551338280e-03
6.606714162646189561e-03
7.765668074684742295e-02
-9.245558664209254512e-03
5.468755341629016886e-02
5.005913938069007224e-02
3.680487855088564186e-02
-4.992149571993186735e-03
-1.208944960162061932e-01
-1.152078438346346434e-01
-4.125228017384931223e-02
-1.751610718229625607e-01
-2.123544501625831693e-01
7.102677369503038185e-02
-5.988978166278972198e-02
-1.112482735768437064e-01
-2.295297673120386128e-02
-4.954755807861844358e-02
-5.426486693067084956e-03
-2.999296931457860749e-02
-3.606220215100761073e-02
-1.160484789755985430e-02
-3.679182916021365990e-02
-3.606950329541065703e-02
-2.566818012420061385e-02
1.266116269776254924e-02
1.981484944497054201e-02
-4.487019678558305802e-02
8.570755611138029806e-02
1.555034229213076748e-02
-1.200882849797439006e-01
-8.355360382281253051e-02
1.194498947500550468e-01
-1.279993834556533983e-01
-4.879042848650555486e-02
2.863853706711538827e-02
6.122273368192673870e-02
-3.766666820151245293e-02
4.391312066318533991e-02
-1.378568803240234064e-01
-6.972716310990856314e-02
7.364707138596118807e-02
-1.508893313317184459e-01
-1.073108923295406497e-02
-4.508403911630572830e-02
-7.854905125112843223e-02
-5.191441683020028147e-02
-4.740377302931128578e-02
-1.613346471666124091e-02
5.680565256706598259e-02
-3.479529647223157662e-02
1.168088714888277646e-01
-1.001725957891728275e-02
1.709824454420430517e-02
-2.195906458054083799e-02
-5.588714543384984412e-02
3.126417126839922678e-02
-6.715332964505385353e-03
-4.855552913233961848e-02
-1.617236057140280722e-02
-1.020566718148627899e-02
1.784652124067674132e-05
3.417632320370255633e-02
-6.505113221704715218e-03
2.146218649418504300e-03
-9.898411834754934635e-03
2.792178282648925813e-02
2.676453767584657806e-03
-3.370908666260228476e-02
1.168450216728654512e-02
8.071157659254142580e-02
5.530659893931139104e-02
-3.261869526759858095e-03
-3.339790950259946545e-02
2.504846825419570350e-02
-5.161197328858093542e-02
-1.394361226753677019e-01
-9.340444869031266917e-03
-1.079214829300769035e-01
-6.638579884675321896e-02
3.447710374510443848e-02
1.826299613375963540e-02
-5.933483160883987889e-02
-1.043560047293384530e-01
-9.172517400864584058e-02
1.055613014110923752e-02
-1.027272737853156814e-01
-6.705157238209194515e-02
5.093677914373442861e-02
3.139755535480731087e-03
4.115185789864817673e-02
4.856164782624320525e-02
1.020648606573129440e-02
8.681465549753439315e-02
1.297574728786612779e-02
-1.471250787291242951e-02
7.732846643634079878e-03
1.184787857372026770e-01
9.617222647149165082e-02
9.796956794281179784e-03
1.211698945287945500e-01
-7.206496009245463852e-02
-6.783789907177111000e-02
1.393081934674768041e-01
-3.265029992561924860e-02
-9.870164208525086802e-02
9.127753274281569240e-02
7.773522344720908139e-02
-2.996095453704158973e-02
4.595077723314289209e-02
-1.069818466576691190e-01
-1.007743457195611342e-01
-1.564612161538408430e-01
-6.658728237260301552e-02
4.804964316045929468e-02
-1.076178536122884277e-01
4.340347241287229735e-02
-4.168921905341647915e-02
3.498134277302985401e-02
7.166436273961669656e-02
9.423039608175402815e-02
6.058903277237082108e-02
6.301026703594296563e-02
-3.600208988369432012e-02
1.745460220673467899e-01
1.309179810192817317e-01
2.993015743535146558e-02
3.292615363887835822e-01
-3.795273460243599184e-02
-2.311192946260642866e-02
6.164912405005862350e-02
-5.594659297190759245e-02
1.414970963620997349e-02
-6.376241415739996622e-03
-1.246027956533897613e-01
-7.913927098198325627e-02
3.697490547099657049e-02
-2.866585388156194653e-02
-1.370968216220328981e-02
4.869297904900747598e-02
-8.308354555036773226e-02
-1.416227237177359599e-01
1.296905826836398379e-01
-1.673168352381425583e-01
-8.544786205328280815e-02
5.897667133711911869e-02
2.021455758272493186e-02
-1.468449215428553056e-01
-8.236907857740047301e-03
3.356807934222856907e-03
-1.396220604015390998e-01
-2.297804110777715014e-01
-6.512262910712070252e-02
1.042810868271890484e-01
-1.456436049182082137e-01
-5.320136798758526991e-02
1.401123482190349268e-01
-1.250582801001997035e-01
4.059158998879226071e-02
2.714533176460312558e-01
1.274746445242215358e-02
4.376137741611686727e-02
6.207607037756223550e-02
-2.031419589667934553e-02
7.004102469139070197e-02
7.091921416584218152e-02
5.481890816009733075e-02
2.648463313868414451e-02
-2.490000668869269199e-02
1.010306717254121772e-01
6.791228701248074040e-02
4.805178529892668859e-02
2.493890362555324647e-01
8.333945118672643482e-03
9.188559922804589997e-02
1.280973017256334112e-01
1.038276518495334921e-01
6.756463472714217822e-02
1.072379228592850869e-01
-8.310582647649566307e-03
5.958273670240173125e-02
2.481136781928243995e-01
-3.879010660209063488e-01
-1.381863575666543165e-01
1.412181214389357786e-01
-3.334361412061696839e-02
-2.566697821416415448e-01
-1.623735183238406155e-02
-8.919965842944621581e-02
-1.372412245863049440e-01
-3.253851521649299416e-02
-1.662804108971772388e-01
-2.368940701634240087e-01
1.457860873445439645e-02
-6.369021804739803325e-03
-2.429262917965920865e-01
6.709789297335186364e-02
-1.146294287199432077e-01
4.208043263103708465e-02
5.844802648223852704e-03
-1.415590236377934075e-01
-6.836212534636472438e-02
1.481746858935345523e-01
-9.406279892855920477e-02
-1.433273287243706229e-01
-3.541167623107564083e-02
1.101918525668398180e-01
2.014552968880110317e-01
7.857438436751486288e-02
1.631329366287850580e-01
3.151970878926763642e-01
4.863170448760542608e-02
1.222380816125522157e-01
1.536232520187659767e-01
1.567659853788259394e-01
-2.036040699410003249e-02
-1.108852527159829432e-01
1.442160811574716428e-01
6.088376147874637739e-02
1.049656847346297911e-01
-7.222561241930784692e-02
-1.148074075222621331e-02
2.040102032780154451e-01
2.970299137332737746e-02
-4.191087867800087630e-02
-3.356105124780859456e-02
-6.862922785319529317e-02
1.154732298210670721e-01
3.264720826245188778e-01
6.454907321126859832e-02
1.764233008938889957e-01
4.352951610890030687e-01
-1.020554519657428244e-01
7.339704386202615394e-02
-5.995015038298117521e-02
-1.215861140475589380e-01
-6.416436663106148304e-03
-2.045239270304679835e-01
1.521092906205615252e-03
-1.013036352305322074e-01
-1.539777860078706678e-02
-4.043459068915242205e-02
-2.454622994568341973e-02
9.263342054422836827e-03
1.388237955596373537e-02
-4.142508734520089324e-03
3.108764467633058984e-02
3.675473144127592434e-02
1.879618773608159087e-03
1.506157307161451811e-02
4.708671442828723380e-02
1.898535495824756753e-02
8.896115987864466890e-03
-2.838686628731669492e-02
4.035293661713164337e-02
-6.050658202162715379e-04
6.030969238037332640e-03
6.948053052146864125e-03
-3.140347195521686618e-02
1.459035668584384923e-02
7.492608412294506082e-02
7.969976445173701518e-02
6.072599366526507114e-02
9.888042198494394197e-02
1.451466416058830866e-01
1.442144546997006782e-02
6.469246448498497393e-02
5.181044724974207677e-02
-4.975275768257709369e-02
-6.772500707937803566e-02
2.737236919135726393e-02
-1.144357464801653290e-01
-9.389239102679601545e-02
3.801985791610279497e-02
-8.912957791991360512e-02
-4.308833933952663925e-02
-4.794338261524223876e-02
-6.226269640421343982e-02
-5.019117687083749640e-02
8.316067698710087955e-03
-4.455123534862480417e-02
2.718473689367731372e-02
5.016219362935725457e-02
-7.098664557203951397e-02
-4.046952244194580023e-02
-6.144464248527306029e-03
-5.122750183135611063e-02
-4.345489299401363026e-02
-1.710663780341039469e-02
-4.796279457601027724e-02
-1.621781332867389125e-02
3.424448030659820591e-02
4.222203252202351778e-03
9.061085065762470095e-03
8.106716165238526950e-02
-1.643282767979983017e-01
-1.189100241997303603e-01
-1.213069396823201473e-01
-1.619292104658102693e-01
-1.130357280606102965e-01
-1.325405490443282430e-01
-1.352635908992593783e-01
-9.630407350405177647e-02
-1.318219002243202487e-01
2.979821577361885590e-02
2.516566919854067511e-02
1.984551556008053858e-02
6.926711192693858592e-03
6.613111129429440072e-02
5.587897045146050790e-02
2.239150447300713651e-02
4.955933873044770371e-02
1.046274812485877975e-01
9.433313487068280268e-03
-1.326267687834507825e-01
-6.160473521779401967e-02
1.215897068820785965e-01
3.358068249649626136e-02
3.498443340050561706e-02
1.810206837808271685e-02
-6.058796343544128882e-03
5.977239277012796892e-02
-4.624622106482612766e-02
3.072319407478409960e-03
1.431558673595524980e-02
-1.168078402893611839e-01
5.492670243130172436e-02
-3.942151445747305027e-02
-3.485571917379021861e-02
-3.141079027528929229e-02
-2.479536133384582439e-02
5.475993554730013840e-02
7.301808499751677450e-02
6.664243667992170161e-02
1.166257024347458621e-01
4.180095591650858505e-02
1.065851888980645090e-01
1.286770159310627049e-01
9.167031789079033155e-02
1.258828830654710740e-01
-8.833147801929151777e-02
-4.888502022420482956e-02
4.384353087695134154e-04
-6.288079626436633707e-02
-3.446750602933378298e-03
3.395073508358727177e-02
-6.258645684199670711e-02
-8.689041856505394512e-02
-6.150169757287346495e-02
1.162844560242439068e-01
7.345644552624268353e-02
2.103357535574188197e-01
1.151861214180351645e-01
1.026168605264188294e-01
1.249892333008783135e-01
3.960963558460715676e-03
8.796302444765938255e-02
2.150606812953171146e-02
4.609943101118402914e-02
2.145224366147937753e-02
-6.335402988635110977e-02
-2.569042218612956757e-02
6.996290090909529358e-02
-7.420970998933036633e-02
5.690803249257817865e-03
2.563113912250591930e-02
5.412233465078979122e-02
8.013538753551970040e-02
3.012302882416004104e-03
5.189350915059080804e-02
-6.568935068514298974e-03
4.596052306091813477e-02
4.523055295075209536e-02
-3.411145351780954516e-02
-4.503028495482626348e-03
-4.229156579615680339e-02
-7.039814379219140605e-02
-1.190539410224697309e-01
-1.460227760679899123e-01
-9.692225809464338759e-02
-2.410189048958945313e-01
-1.655708812704410893e-01
-9.039324985554246517e-02
-1.190612028555830260e-01
-1.458175437373852856e-01
-7.105627632028927235e-03
4.468353584160782675e-03
-1.214208184476002657e-02
-2.094059203282977108e-02
1.998048130799339253e-02
2.546814289590879077e-02
1.553761552417678646e-02
2.489231081096995868e-02
1.637669077035644460e-02
-2.548558836748456013e-02
-3.166775458984054381e-02
1.574247744654910103e-02
-1.114191341770271945e-02
1.911559169599178843e-03
3.017433628467100157e-02
1.053896892521449975e-02
3.804474364846266304e-07
-1.572467477062921767e-02
2.498681751511651339e-02
3.554895689617502269e-02
1.747995076244968082e-02
1.858063036416591693e-02
4.958688435692478781e-03
-5.810652780379077682e-03
3.596467474938009473e-02
-1.114244922421888349e-02
-4.365304764079838001e-02
-5.467630494936664282e-02
2.109681139209177922e-02
4.498147714532910180e-02
-6.116522824876493430e-02
-4.785482590018196730e-02
3.571806326153358774e-02
-3.341057999258737615e-02
2.306032555989686109e-02
2.560929914227498203e-02
5.855245333733456736e-02
8.014844210724041129e-02
9.961849260600147415e-02
4.197329944365307125e-02
5.766400916272562682e-02
9.505406375719564760e-02
-8.180542936314542241e-03
1.055219258519603936e-02
3.244928481401582882e-02
5.171368350548465748e-02
7.634342670485201598e-02
7.141938425083828312e-02
2.831102989201918219e-02
1.955987618196306649e-02
3.287305769990949821e-03
3.423261106161132328e-02
3.675806370940613074e-03
1.436975833979600714e-02
1.047795349113053859e-01
1.460886928370565552e-01
1.413374491054395221e-01
4.467342800487474064e-02
1.152896001762239997e-01
8.822689484634560486e-02
-6.784824129350555677e-02
5.849677728617667244e-03
-3.813349323489580167e-02
8.666810889349358532e-03
1.765911937988654326e-02
4.919893129493522511e-03
-9.712705956189119499e-03
1.439286901248618480e-02
-1.540862216045643836e-02
-7.276274160887929825e-03
-6.806749974660852853e-03
1.168455240105866063e-03
-2.474131351019463049e-02
-4.442025830505355079e-03
-3.392250612795477682e-02
3.474884382592243609e-03
-2.729645746133698564e-02
-5.952725950867074171e-03
-3.430255959345569067e-02
2.745977382824753288e-02
-1.205317308567982991e-02
-9.767477787145404516e-03
3.315733406924505772e-02
6.003079059466214645e-02
-1.665656261583389405e-02
2.197817798857717997e-02
3.106523978877044970e-02
-9.242163214478738009e-03
6.108321323461025909e-02
2.751411746236454361e-02
5.046946156227516411e-02
-1.143649341360014615e-02
-9.742127488055026679e-03
4.226658289240189936e-02
-2.887650753471539614e-02
-3.285750137599462162e-02
1.058553252915051326e-02
-2.102055723209764193e-02
1.065644132790320719e-02
-9.230592185055768589e-03
1.001933337851656364e-02
3.830008048761003592e-02
-3.181413588385111069e-02
-1.110267623926805038e-02
4.907599844843396099e-03
-2.558345936861265713e-02
-4.008618366270073202e-02
-1.126297654606808751e-02
1.051401842596533243e-02
2.804779719283027190e-02
6.100851418390501081e-03
2.648261070607178802e-02
-1.839056850881258878e-02
1.095710089690000132e-02
3.815964537553686448e-02
-1.656289960144570472e-02
-1.247892404667570732e-02
-2.658082321846611668e-02
-3.470641721623116301e-03
-4.710639387183288007e-02
-2.354801859386099899e-02
-7.124707425572407438e-02
-2.101089552714998157e-02
5.797802391464237232e-02
6.407618658568957348e-02
-4.929616485818565791e-02
-1.696591203988396732e-02
6.910218547210596196e-02
5.573478063363960372e-02
7.579697953459738936e-03
1.531021908925928911e-02
-3.115411491982662470e-02
4.652986381857313752e-02
-1.008571397701167258e-02
-3.761408075409057583e-02
-3.094926570137450025e-02
-5.096075952041499019e-02
-1.699963870611475095e-02
-4.920737192896600110e-02
-4.917574664059218281e-02
-1.863115833848999828e-02
6.082742652723034660e-02
-4.936803392384667317e-03
2.589831781028777147e-02
1.620530551578417688e-01
9.722003141032749263e-02
-8.113514008115783882e-02
-1.257215014208981907e-01
-3.353499378415332466e-02
4.263617925380049356e-01
1.510299360238794020e-01
9.327534053025385297e-02
2.380034667083957001e-01
1.647275726616329872e-01
-1.484421975039878772e-01
-3.146952203303621243e-01
6.705099224645776068e-02
-1.948337258222447022e-01
1.431292610091109696e-01
-1.815290426369587928e-01
6.151299352766546880e-02
2.463352467148221397e-02
-6.202764672173303323e-02
1.247190147024140189e-02
-5.108619009500771357e-02
3.099673545508164346e-02
9.885439173396690093e-02
4.556019417995867127e-02
2.131536244830175009e-01
-1.383603572252388447e-01
-6.963531173713286004e-02
-7.543314058682280832e-02
2.268037406370503328e-01
-2.304060459090056731e-02
1.289522990005861347e-01
-2.230488581695223294e-01
2.152648307778881887e-01
4.307957505213336896e-02
2.259636248227694932e-01
1.574296974365184121e-01
1.365623340065910130e-01
6.006554388875109951e-02
1.736103714613501381e-01
-1.218408630364034712e-01
-1.406560623814014643e-01
-4.681370521903396170e-02
2.175567709795254434e-01
8.065933993062805729e-02
2.699762328361237085e-01
1.724210480700674730e-01
5.493170016661689387e-02
-9.090301854950013846e-03
9.235558949194193346e-02
1.545704332923767410e-01
1.741351642893573803e-02
7.021052277668142494e-02
8.082994385718451913e-02
-1.741041597279455455e-01
1.222946365940049684e-01
1.969901437505182651e-01
-6.543710265633379333e-03
-3.392624818021980349e-01
-1.650502099569973180e-01
-3.895471983533674298e-01
-1.008850939691468135e-01
7.870205269973776230e-02
-2.179406193560704530e-01
-3.223103074548327313e-02
1.735851108690218692e-02
-1.716001753566940430e-02
1.876532496022145502e-01
6.396115842569116694e-02
-1.113087245426917227e-01
2.160050304913036512e-01
-7.705092062995630431e-02
-1.091222674259615943e-01
-6.228260654607159497e-02
-7.172078762483706516e-02
-1.172195583415649028e-01
-1.793637529312267775e-01
-5.257979421491116856e-01
-2.066273010669940902e-01
2.576667140154566271e-02
2.731231716851014735e-01
-7.796055938656228090e-02
3.076746581403642655e-01
1.611203359428313997e-01
-1.053411589931501080e-01
1.993401591801866601e-01
-3.152085734888500079e-01
4.332068016560959300e-01
1.165152061438866071e-01
9.901256004790517928e-02
1.218919312657346515e-01
2.199017745146013281e-01
-5.335419387422028065e-02
-2.262748771530819214e-01
1.512871355134740858e-01
-9.491596451541772783e-02
-1.485962227589933682e-01
6.047195624916947704e-02
1.460603971697688463e-01
1.033781535364550613e-01
8.904757172956591360e-02
-1.808512156701801155e-01
-5.333807053691316108e-02
-3.132897499344055453e-02
8.870736947328136668e-02
-9.316413761058704723e-02
3.248149836767021126e-02
-4.724027295780240943e-01
-7.520093942990356550e-02
-2.461663547163062682e-01
-1.566695724253071992e-02
1.130900242838452918e-01
-6.743278759651799570e-02
8.371465684138072738e-02
2.175013746614450350e-01
-2.773366867541055339e-02
6.854320140244091197e-02
-1.035005628271770256e-01
4.065145773247775263e-01
5.655324677323067539e-02
-2.387354285725933056e-01
2.133730376661898964e-01
2.516975073318911127e-01
2.682257864146190274e-01
-1.984075912069392655e-01
7.994658898823935045e-02
4.794059794130249852e-01
2.926185567247987021e-02
5.379215140490540767e-03
2.393534925176241113e-01
-2.661200344769453288e-02
2.265628961742720549e-01
2.834620425131779697e-01
2.528629538320812942e-01
1.625889336852847644e-01
-1.439214364024355430e-01
-2.219513578358304484e-01
-4.838647635708522021e-02
-6.542661870604009333e-02
-3.409333654026432819e-02
2.456278214132363580e-01
1.452725884801117084e-01
-1.194023309515159365e-01
2.015708706021390392e-02
1.670852225824222825e-01
5.656343545041478404e-03
1.078764066399436755e-02
4.730430228150377808e-02
6.393116731544501441e-02
3.524863162025772267e-02
1.444878415431573027e-01
7.403034495852679753e-02
7.604465982919710043e-02
7.951503330090989308e-02
7.749970303874718913e-02
9.438288616290532729e-02
3.691334037393502465e-03
-2.415319564603928253e-03
-3.243224421972820681e-02
4.178948212547799884e-02
-9.895841372590490070e-02
9.378125959307641313e-03
3.100559073057404177e-02
-5.526345987158008677e-02
3.096374778396234970e-02
4.513579153779992414e-02
-4.922097460333953872e-02
-4.691531632443245170e-02
-1.713266154297071742e-02
-5.049690360690124724e-02
-1.227678637988449811e-01
-1.054492455342476986e-01
2.828072793181984988e-03
5.831544085221629370e-02
-7.735873285321963333e-02
-3.788670262240003556e-02
-1.020546168547869503e-01
-3.718844320676122084e-02
-1.954821604129249393e-02
-2.182409092520625621e-02
-5.584616233133994634e-02
-1.084866355951192218e-03
4.944320028424663109e-03
-9.219524368005974080e-02
-4.967434548257711885e-02
-4.070742890170167202e-03
-6.696454274020587072e-02
-2.497469144901212981e-02
4.027751584132552298e-02
3.688164138742873466e-02
1.176187267917751245e-01
1.346662682365923902e-01
4.399759029315139514e-02
5.007088145846234212e-02
1.204029046658182805e-01
5.030381994624928688e-02
4.808033442814554220e-02
5.902017658838223241e-02
3.333817394943284357e-02
2.490316181135876841e-02
-6.303915442207733144e-02
-2.349264223884497266e-02
-2.858902866240302099e-01
-3.754710394228655268e-01
-3.829936967069176301e-01
-1.986877826409896020e-01
-2.778823888202019421e-01
-3.031380194699461739e-01
-1.035026177412693392e-02
-1.314108008099164338e-02
7.604977945016716534e-03
1.201355182394875203e-02
-6.078505357057262942e-02
5.371080539976804888e-03
2.710551040544084342e-02
-9.832192253726989087e-03
-4.369580854660343877e-03
4.340137630038137968e-03
1.490203913102301596e-02
1.468176601666922564e-02
-3.840582223394561207e-02
-3.914643940252699600e-02
-5.275884601119176787e-02
7.471435902881641555e-02
1.678068689022058912e-01
1.272351810620576396e-01
-2.795858289286347331e-02
-6.175727670337180508e-02
-4.787205402591412917e-02
-6.315087450646261757e-02
-1.419990018038245205e-01
-1.177907944083449870e-01
-2.809514736012289765e-02
-6.894914958808046057e-02
-6.331717259462260605e-02
1.207958441079720474e-01
-1.006275011776285450e-01
-7.437791033771645743e-02
-4.318111598508001664e-02
-1.287442604488297782e-01
-1.985426698288271230e-01
-4.323582340149592640e-02
-8.231662215260206195e-02
-2.198906502249871053e-01
-6.633952234677764626e-02
-9.931741861372878066e-02
-2.909508470777332975e-02
5.210133024577302818e-02
-6.222432408118413159e-03
-6.122450619135633154e-02
7.171262570588440854e-02
-9.707666717390350808e-02
-4.917950567348204627e-02
-1.212592750424157789e-01
6.477719321344914405e-02
-6.080738222858677287e-03
-1.903916359553776277e-02
2.744049858244738960e-02
-7.225677315338890905e-02
-8.984156904492123646e-03
-6.498881843471433772e-02
-1.575310856674110860e-01
-4.496504364574679252e-02
-1.296371223460083266e-01
-3.433874271700291247e-01
-2.166415396610156530e-01
-1.971644820848562074e-01
-2.314428900687269253e-01
-1.524984627009181859e-01
-1.385769475992505440e-01
-7.811496344364277089e-02
6.038068741883708540e-02
1.127944226246709453e-01
1.934413230613958546e-03
-2.597690987222810860e-02
-3.742289056061740005e-02
-1.538324169197078095e-01
-4.061498845661948992e-02
-2.077029658706772419e-01
-1.610349955007116529e-01
-1.192119243953192465e-01
-1.258195205368197456e-01
-1.848810608184061829e-02
-8.875114097450806372e-02
-1.938264607700380254e-02
-8.239074715366384583e-02
-2.113600533412850757e-01
6.027672924868919535e-02
-1.042001291233997286e-03
-1.037786256922474878e-02
-1.135227738672066854e-02
2.668792728379339716e-04
-1.299154199384623329e-02
3.269437415981081758e-04
5.528025034270109966e-03
7.263808683206985414e-04
3.194597466859667653e-03
1.259946785608758585e-02
-5.316460850784729408e-03
-6.343798675182538670e-03
-1.635319872676676677e-03
3.757097630771072134e-03
-3.019384867579094460e-03
-2.936598217016837993e-03
8.606320622003534385e-03
8.120695507251425799e-04
4.278389620394568681e-03
7.321220505356786611e-03
3.989641926641153066e-03
7.434574536875198161e-03
6.759972024595052066e-03
1.031281964222873111e-02
5.570320626876287123e-03
3.805725372479783382e-03
2.861545095254494457e-03
2.330649484904382014e-03
-5.219837749804206312e-03
-5.567097468437910875e-03
-7.214475717642925695e-03
-9.610460089840943201e-03
-1.083519607705137749e-03
-7.392279241580932206e-04
-1.544807185574690982e-02
1.470885573487172582e-03
1.018729812071026211e-03
6.215168757623739867e-03
9.768208438752591996e-03
1.912785025336210393e-02
1.856545325668417391e-03
-3.640376839160769807e-03
6.452411176327807300e-03
9.989823846048160455e-03
4.490892566242200932e-04
1.195393888106157168e-02
1.085106420842053832e-02
1.035507658428634278e-02
1.046985087480854955e-02
1.071693342586525766e-02
5.957391897091112581e-03
2.737078733711841710e-03
9.761582545480968973e-03
3.813844960797474395e-03
3.745761127565156150e-03
2.269448125123774834e-02
3.658360642095976473e-02
1.019163233376391663e-02
3.276613930913795797e-02
4.363403137177970792e-02
2.441856181138116894e-02
2.631535383434516207e-02
4.013958770614629856e-02
2.113426563797228541e-02
3.770259034493062249e-03
5.136623118744574820e-03
5.488842594694856580e-03
3.175621534073998567e-03
8.345706216582439094e-03
4.158207374848392479e-03
7.754170274029730447e-04
-8.511198648866877747e-04
-9.349062267531637466e-03
4.798591367236630482e-03
2.106736005184736693e-02
-1.519460988299365344e-03
3.333227173267869908e-03
2.229481228068615206e-02
2.661014454136665514e-02
5.195781351065673504e-04
1.308791208238961438e-02
7.374057886428009821e-03
-1.231719546712234901e-02
-6.457114056152386469e-03
-5.067435961006692968e-03
-8.281740153331813500e-03
-1.070259139654057556e-02
7.201602111851786170e-03
-5.057013989242198533e-03
-3.346632967381553327e-03
1.158678483314592132e-02
-1.354643454055247170e-03
4.704462415886173990e-03
9.598126402482061795e-03
5.820063822233802198e-03
1.848753553464936713e-03
2.910562315567972579e-03
-2.589762465169696826e-03
-2.954143782193704125e-03
-5.903000763967592573e-03
-1.977286160834926514e-03
2.320789611040781960e-03
6.017643642624677901e-03
-3.732468014666134697e-03
-2.164840712745536976e-03
-7.074740010921951212e-03
-6.742670255186055533e-03
-2.507558397299073857e-03
1.052581508525864996e-02
4.932800342824776585e-03
6.811581210157655747e-03
5.938837255284797403e-03
1.193316956282250429e-02
8.888030496831199334e-03
1.454456563195955648e-02
5.867138406514039485e-03
6.310086477476827514e-03
1.149749463316384473e-02
7.916276918259907217e-03
1.270504777573009357e-02
2.620061819437152079e-02
2.602707277163768609e-02
2.094951185346662428e-02
2.516763174095694878e-03
6.090523414310041600e-03
1.591262796185261702e-02
-2.844594926912670518e-04
5.497654325143765466e-03
-4.026204899615417991e-03
7.253584721175905872e-03
2.483120101409531499e-03
-3.269622343990367681e-03
1.392610690652437873e-02
2.268794038917296661e-03
1.370974797383360359e-02
5.527524361010241472e-03
-5.158427974373262781e-03
5.288606589681854077e-03
1.158187324035909408e-03
-1.631540146338968794e-02
-1.655333810540835990e-02
-1.500249079049113463e-02
-7.929815313486359915e-03
-1.568206108750948291e-02
-2.776718439007806304e-03
-1.905524623466677558e-01
-1.428434057896023346e-01
5.659628912108462945e-02
-4.123256705166125635e-02
1.079750131731481710e-01
5.289919826854506263e-02
-1.036509617630207991e-01
1.222098094114332993e-04
4.414920605313608221e-02
-1.744804050158954845e-01
-1.993504140998640095e-01
-5.735164736438992661e-02
-8.415685119636232003e-02
-3.635547673729004614e-02
-4.310931570175228350e-02
6.365532709772524222e-02
-1.061376016586920157e-01
-2.629047597064623210e-01
1.251864542433806238e-01
-4.652146078579856396e-03
-1.248605489308723671e-01
8.406023731454993764e-02
-1.967678551286182465e-02
-9.192214359711380067e-02
-5.926664438157819292e-02
-3.329602998361375077e-02
2.465021035396009960e-02
-1.424491927865222662e-01
5.815819384560311917e-02
1.098996228704515327e-01
-1.308424366762568902e-01
5.466491401665110050e-01
3.332351422623786585e-01
1.028365754320416077e-03
1.833581556236536236e-01
1.991186998010243958e-01
2.971963485383061557e-02
5.694410948188801530e-02
-4.670916054206206147e-02
2.028778343435690482e-02
5.459631622656755529e-03
-1.996363214945163778e-01
-9.700870366628783215e-02
-4.748648397431885076e-02
-8.363485831208032628e-02
1.283030810433971949e-02
7.384337124428472232e-02
-1.087831265498719335e-01
-1.576336817076523233e-01
2.062464716638157392e-01
1.976560073187592081e-01
-1.605067842935239963e-01
1.324723930158523688e-01
1.880187296302688049e-01
2.231291619392927750e-01
-3.837522474851927101e-01
1.471530847387379770e-01
2.822039699604595997e-01
-3.358449813321477961e-01
1.039208366828090618e-01
2.963051341866531074e-01
-3.896828126873398412e-01
4.535114921506649965e-02
1.833305710997168436e-01
7.437431602646077389e-02
4.654626071257086939e-02
7.742130461777479988e-02
1.607522335507247380e-01
1.193633064437489427e-01
6.602133036498500362e-02
5.673866530549404735e-02
-1.276994054484651732e-02
3.233030840738018719e-02
1.203543007015145938e-01
7.122353627652712460e-02
7.115381748462688838e-02
2.371407534644139337e-01
1.994316133113279398e-03
3.095918708948997566e-01
-7.613201464176590216e-02
-1.180683523643115823e-01
-2.143076369146667548e-01
1.067918154537372544e-01
1.752240625788967776e-01
-2.982351913081200401e-01
3.840346468246391143e-01
-1.513573250505457699e-02
-1.048111628285498531e-01
8.981348366703325800e-03
-9.499698890449903566e-02
-3.760610110431146513e-02
8.103813102394361034e-02
-2.950087296096573844e-02
-2.383371453393926531e-01
-4.924861287475898464e-02
-1.022555562508234567e-01
-3.832851156418953242e-01
-2.810787957248580549e-01
-9.872180574925577823e-02
-1.104497357092504850e-01
2.013766696519908028e-01
4.526300194122433000e-03
1.225695328059037692e-01
1.757263394408115909e-01
-4.580149826439242067e-02
-1.392602739044926374e-01
3.556703461449031711e-02
-8.984841021564811403e-02
5.137890849804936655e-02
-1.604577825463799623e-01
4.569694962371455282e-02
-7.085335497373472513e-02
-5.806888438297655615e-03
7.463331937751233047e-02
-2.982581127510174346e-01
7.806726490263926621e-02
-8.794170789560833146e-02
-2.708360982628901792e-01
-3.564994039900743622e-02
-1.291123870514467031e-01
-8.210862866454629594e-02
-1.933367658301648473e-01
-3.595219722910140692e-01
-7.245293144780258487e-02
-1.953710438873057231e-01
-1.666559555943537829e-01
-6.212127908927793374e-02
-1.531782277539026245e-02
-1.513658668695004941e-02
1.378234557916356018e-01
4.234602090884377334e-01
-7.361160501405106249e-02
-1.141748319090925418e-01
1.550955437764465483e-01
-4.718435607734117188e-02
2.518877472516178884e-02
-2.178095606346239221e-01
1.468980478717503146e-01
2.653027724105806728e-02
-1.474155800283559470e-01
2.018220153801092986e-01
-1.156146298095262481e-01
-4.315124582561492145e-02
-1.221249642579585321e-01
1.967851544532739916e-01
8.943088761708120615e-02
-5.245431894575682680e-02
9.174374334372994988e-02
-4.117894064367674245e-01
8.191190261659373958e-03
2.046027705745513403e-01
-5.415956462943999350e-02
-1.140804611393487072e-01
6.442267600951519235e-02
1.760876389451145052e-01
-3.691249200008437370e-01
7.628853713646582824e-02
-1.193007765418947763e-01
-2.226269952240135797e-01
-2.576178220948340813e-01
-1.070409354102292016e-01
1.417262900423746641e-01
3.914061015963290341e-02
1.550825790671204740e-01
-1.487210798480369800e-01
8.124387169706411005e-02
6.501360873879381830e-02
5.529810300805791667e-02
-8.428827970389880797e-02
-4.589380772536181402e-02
9.283936855446398018e-02
2.454044985080816865e-01
2.320745378892966893e-01
-6.678696223721337921e-02
2.009318334016706731e-01
-2.768712241504073246e-01
-1.416416000365975647e-01
-1.463716558910994336e-01
-1.921332971266611900e-01
8.563473047846123162e-03
-1.865729825357228255e-01
-6.225417275491966496e-02
1.623971352172231541e-01
-6.508534663938284059e-02
-3.345205095989178118e-02
3.394611541378716457e-01
-7.498360868244571820e-02
-8.105299653833301921e-02
7.606305533066519409e-02
9.344682434448966374e-03
-3.202487705099036908e-01
-1.757896582575546041e-01
1.720548089499031874e-01
1.431644261935392237e-01
-1.935180643314980964e-01
-1.341721122336459772e-02
3.851069642699702089e-01
8.507916023565773034e-02
-5.304509999297787326e-01
4.359226645185570459e-01
-1.829919979647526285e-01
-4.193836643010502296e-01
5.523395435211262416e-01
-8.704579523867102958e-03
-5.274211379751777562e-01
4.423300231366767421e-01
-1.138257124090818612e-01
1.128819749265158046e-01
-3.017005743323791789e-02
1.510973875215190776e-01
-5.970349498727721416e-02
6.265649013103694043e-02
2.588670652375454906e-01
-8.034042765328573699e-02
-2.842396300018337069e-02
6.259249572803156358e-02
3.272588981995580570e-01
-1.839995910226781273e-01
-1.585946459954197252e-01
4.157749167717779692e-01
-3.041075629156100302e-01
-4.355164136924719598e-01
-4.533827090402863247e-01
1.446635668115572038e-01
-3.082736520256124657e-01
1.681414889907720533e-01
-1.153352676714263121e-02
-1.172048364411168025e-01
1.246484431716332886e-01
-1.062737841223935886e+00
-1.860818771673914407e-01
-7.813552070487067569e-02
-1.991634776985042876e-01
-5.624664032793760260e-01
2.639862704088606904e-01
-2.505279713440678457e-01
-7.912282435943290837e-02
2.076106000675679089e-02
-3.082915196578190908e-01
-1.573831562597521327e-01
-1.040938944299501234e-01
-3.358398349939965000e-01
-2.817699633073513787e-01
1.851518861926540194e-01
-2.846511511366991640e-02
4.925945262133067659e-02
-2.310341018095813381e-01
4.378782832907782141e-03
7.495608738708285645e-02
9.346336283053070793e-02
-2.953077411994345924e-01
-4.446989112437490510e-01
-3.362325886878391179e-01
-1.129900368235720737e-01
-3.942535723038940731e-01
-4.074176210313905644e-01
-5.241424146108500937e-01
-3.933599078965062112e-01
-4.180965520615901876e-01
-7.258331724768943838e-01
-7.151882028022991111e-01
-3.705874435418086144e-01
2.902308656057139141e-02
-3.026985137271484549e-01
-8.444127291146950876e-02
-5.444171382360011302e-01
-2.489372507556233127e-01
-3.859111362633850240e-01
-5.280436257141980505e-01
-3.340798346584087364e-01
-1.764384204140067303e-01
-2.725538257607615922e-01
-5.275014523392260735e-01
-2.973670179472774899e-01
-1.116392849628683875e-01
-3.898253817401555743e-01
-3.069828634244177179e-01
-6.098014630652887069e-02
-2.227710417610693217e-01
-2.839019960251867869e-01
-9.535597956032657377e-03
-1.443409287915521644e-01
-2.772596998960497050e-01
-2.437054537925830155e-01
-1.335192109566395169e-01
1.008980177487675267e-01
-1.960740869635085315e-01
2.534184143498103281e-01
-3.243920653378200031e-03
-2.750295851807375500e-02
-6.799576741869318985e-02
-1.194563071579043435e-02
4.422355522613068829e-02
6.946007840914679606e-03
5.935402007698972748e-03
4.844008879337912549e-02
1.288336632253452713e-02
3.763307175219841177e-02
4.631636915100394158e-02
3.645593748921165805e-02
3.940699637254134469e-02
6.493876487863957554e-03
6.877386896449520781e-02
3.140727916912657014e-02
4.281639429103901995e-02
8.674924358170031657e-02
-3.388164028699973320e-03
1.128976090282108324e-01
1.166276822573504568e-01
-1.621164810246077462e-02
5.030352453009211827e-02
1.253243163812426120e-01
-4.706036215348487206e-02
-6.601502350464165392e-02
1.469014104210789561e-02
-9.680939652729189659e-03
-2.391333342802125488e-03
-8.922102788548307017e-02
4.603009024206774352e-02
5.744211177057052115e-03
4.723338751489503974e-04
3.829286992252899091e-02
6.461960269720184655e-03
8.534346201262296705e-03
-1.005582864918823233e-01
-1.181908324739855826e-01
-1.603048672878762682e-01
-6.304193007856476183e-02
-7.953483829507636271e-02
-1.328787262945030356e-01
-4.994012311638240664e-02
-2.668322451704467635e-02
-7.495388243345284252e-02
-8.033772241459909147e-02
-9.248772723298659404e-02
-3.373815839876546929e-02
-1.130362454786538462e-01
-1.448779478946983224e-01
-8.822911925693165125e-02
-1.202478963136711931e-01
-1.475098831203889571e-01
-1.187243335806157929e-01
-7.288379112917570124e-02
-9.579251805655390750e-02
-6.942260866438969280e-02
-4.194678802228453407e-02
-5.860174980831726887e-02
-4.076965375929778035e-02
8.487439195930776212e-03
-2.924160496976303120e-02
-1.603974742195135583e-02
-6.435353487120804017e-02
-2.753457478564047718e-03
1.296888701542325134e-02
-6.694656641074575587e-02
-2.506271664457687329e-02
8.820411517136847457e-02
-3.447105226680056977e-02
1.643919212976100233e-02
9.938595379236052352e-02
2.213216526341841087e-02
6.408735147381814691e-04
1.613251272920551357e-02
-2.139411348678044167e-02
-6.368023517954086998e-02
-6.303913496294843988e-02
-7.752919837611911558e-02
-9.113540278512419213e-02
-3.664482181441735403e-02
4.325523814385701105e-02
-4.796360611913197403e-02
6.712882678278719872e-02
8.960719579411517699e-02
6.902884728699286432e-02
1.487478560924625492e-01
4.867611875744713018e-02
5.133395909754817632e-02
1.227257577466978750e-01
-5.285008245703362584e-02
-7.710152000428914520e-02
7.791386920712976838e-02
5.788926713295666250e-03
-1.092767411374178238e-01
1.506658650704470991e-02
9.405997441664100400e-03
-9.554045470149072350e-02
-3.889341742036331318e-02
3.866294772457341128e-02
-6.502344874901223870e-02
1.676162669387664880e-02
3.483055849642015950e-02
4.250840080090586420e-02
9.210855139381736445e-02
7.316561839915174115e-02
2.271566812054185910e-02
1.026312628006394168e-01
5.946359781205707781e-03
4.591361567692872625e-02
4.949087355749506173e-02
-2.453751527635409171e-02
-4.356628999556421550e-02
-7.824663992045600980e-02
9.691304694788803464e-02
-5.410811990759346879e-02
-5.315253173047145702e-02
1.115630440515461563e-01
1.858676656437166508e-01
1.183397483580466841e-01
5.891004292799581488e-02
4.083325762104641349e-02
6.150593378948101403e-02
-1.541962876427517212e-02
-4.381053729991467305e-02
-6.000197217922202675e-02
2.590297205914892167e-02
-3.028192945242814960e-02
1.630563814548173160e-02
-1.265403735922816242e-01
-9.443808550081854436e-02
1.588587694933605438e-02
-5.821403238689326631e-02
-2.307776935604567009e-02
2.292234402011087552e-02
1.027938824559802289e-01
6.000782886672897248e-02
2.470959466448522865e-02
5.856205959460768912e-02
7.916769044194370275e-02
4.015484282499715007e-02
-4.002063447119285494e-02
3.573351460368257709e-02
9.254994851840432288e-03
3.530925179007824571e-02
5.214668689839151855e-02
9.554580253675584722e-02
9.964703721227710642e-02
6.505690816106107777e-03
-4.926743834817559620e-02
-2.925064389203513998e-02
-1.313267838985037773e-02
-3.258817223567011395e-02
4.932655691846914159e-02
2.732847026417237549e-02
6.759457421554503076e-02
5.545030029506437669e-02
-1.542942035165822956e-02
-7.777293826231795881e-02
5.879733032417253785e-02
-3.539636750400856988e-03
-7.879979420696829606e-02
8.613142231568224338e-02
-9.078159302229242208e-03
-7.609762387381996396e-02
1.595770415347420035e-01
5.644529895892871733e-03
-1.058881951585136511e-01
1.852083645936263290e-01
8.668196880193611287e-02
-1.486213256455890148e-02
-8.070887731196337012e-02
-1.542123180655030623e-01
-1.130410503558017948e-01
3.447899525671801330e-02
-3.964632647520104081e-02
-5.935057494223352353e-02
7.945182290603548803e-02
4.699660984878341330e-02
6.261968123996822233e-02
4.268750505344075241e-02
1.665261679596060154e-02
4.032904301684213551e-03
7.977859788593158474e-02
8.497592692889092969e-02
6.000371113892952885e-02
3.766019176224490173e-02
5.606289885763532377e-02
3.101166298797662646e-02
-1.262932369070079164e-01
-9.282341479722909516e-02
-2.351009221738745159e-01
-9.667184517620361350e-02
3.495248146332916028e-02
-5.351987742032208312e-02
-6.288174565371341951e-02
1.078269106385437437e-01
1.293608517261860824e-01
-3.684558885308795301e-02
-3.370364285636582857e-01
8.014296336700091339e-02
-1.569201621560786519e-01
-4.672525930279478601e-01
-5.721163033273386767e-02
6.930558248455659549e-03
-2.916073589661113408e-01
1.440325690272882819e-01
2.197003128651172088e-01
7.622324309312084045e-02
1.278128326691721668e-02
1.847861528018437949e-01
6.237519060850758856e-02
-5.756754092418720631e-02
1.571598474370894116e-01
1.172354126982652969e-02
-1.033723222788464208e-01
5.705828031430425912e-02
5.485507606609987125e-02
9.752591910264174491e-02
-2.106505087230960138e-02
1.508097112286525543e-01
4.628574502848237238e-02
-6.531243908208325677e-02
-6.816108031248353794e-02
-1.648325265913309079e-01
-4.204838972717310497e-02
-1.775643887056709003e-01
-7.726090519192797823e-02
4.478351864467791654e-02
7.234757248443710043e-02
-2.980180235125168622e-02
1.325036302043473002e-01
1.133599762249862947e-01
7.410143124895289535e-02
-1.635404831887270205e-01
8.268768073748400393e-02
2.047275271649864545e-02
1.446483513358391530e-02
2.663995112869081416e-01
3.972951639496389298e-01
8.825254661937592671e-02
2.679766424180576312e-01
2.270943956639394912e-01
-7.800754937074746986e-02
-4.416731514016081217e-02
-7.940039487856037637e-02
-6.132199876666370730e-02
-1.191382398043503710e-01
-1.170008808737823675e-01
9.932420289228845178e-02
1.514255864480783531e-01
-1.082416276197509762e-02
9.847660795086006502e-02
1.244723596702086710e-01
1.066368338241143465e-01
-2.102774653663109714e-02
1.048181344182227692e-01
4.090356670287873669e-02
-7.505651911739485982e-02
1.623540484805937600e-01
-3.190969490754783696e-03
-1.412163784684616896e-01
1.656853617061036787e-01
1.339078306598847634e-01
-4.561298357738398368e-02
2.766808552697977985e-01
1.686844999716682891e-01
1.934326494180955702e-01
1.139688893228528316e-01
-1.746167602291512962e-03
1.432172699059753862e-01
1.704115954489660023e-02
-1.064719975439236826e-01
1.561160742803371360e-01
2.287424611510465583e-02
1.869817606569162960e-02
1.211591876027260095e-01
2.876790500109554019e-02
1.738725317330792053e-01
-3.412030972713430560e-02
-2.078932484351898521e-02
3.410200009072052174e-02
-3.789841400667889187e-02
-3.655547402680436875e-02
-1.042580552762040896e-02
2.290692472802476759e-02
8.259815181842959653e-02
-9.968244244967264245e-02
-8.934622708943391889e-02
-7.756630830701724544e-02
-1.428101136403736315e-01
-4.402119633132035859e-02
1.101362121604824856e-01
9.474035708231201558e-02
-7.594448739239434421e-02
6.260779460987284106e-02
7.476726678471054544e-02
6.064043519291369318e-03
-1.128796664481253494e-03
4.796016025077900341e-02
6.935606662297962022e-02
2.312152977250584926e-02
7.688124814193764145e-02
1.746143223857977989e-01
9.430545805805248816e-02
1.890763190458013554e-01
-1.242752586335842124e-02
-3.497850127137733765e-03
9.102278033641556876e-04
-1.786696722714259111e-01
-2.258787559338337192e-01
-5.707348851620833857e-02
-2.123633080352723690e-01
-3.037910828513658013e-01
-1.233754274953905300e-01
-6.376203662063512079e-02
-6.177993323638519829e-02
-1.416147991493014180e-01
-1.364637262449363564e-01
-1.122604213706495102e-01
-1.536594898485277305e-01
-2.479456738863141177e-02
-3.552568211124745162e-02
-3.748119834355614216e-02
6.255245052677040063e-02
1.312556908282862256e-02
-1.300441146085844768e-01
1.222028019875965876e-01
6.211743379857030678e-02
-4.930816772747420584e-02
7.985201042109989211e-02
7.474169560362464715e-02
-3.202587004526896708e-02
6.680201965799699437e-02
-7.216348061242643802e-03
-7.786156554443104949e-02
-4.198419335121719720e-02
-7.498171562072414309e-02
-5.850782563835747047e-02
-6.089445423525910450e-02
-7.092781225457603367e-03
-1.325800862750113884e-01
2.125721086308753338e-01
-1.420655278048297276e-01
-2.130545399135508680e-02
2.016214760591214239e-01
-7.932203758759191758e-02
1.324174132342180801e-02
1.520430430480328998e-01
-1.134220880220832145e-01
-2.487651875724386161e-02
-5.292131165211191868e-02
-9.663084653367144672e-02
-8.514978734874402433e-02
-1.622551530859175639e-01
-1.350579617543573030e-01
-6.755861594168587059e-02
-2.360318668715144508e-01
-7.644413442511235890e-02
7.031743369104345416e-04
1.333099962876511946e-01
1.696384967102968211e-01
2.118448841265634652e-01
4.485748128023808040e-02
1.280939368694744285e-01
1.642025647824245094e-01
8.397565182329164157e-02
8.751489316062049939e-02
8.869993953161525030e-03
-5.767778983944166216e-02
-1.495967060298118434e-01
-1.220058647102128940e-01
-4.863003970499894801e-02
2.380799773866396074e-02
1.072246967792937905e-01
-6.781172277849198404e-02
-4.860911008588473387e-02
1.305070008421834182e-01
-4.856963744992470224e-03
-2.386374604187805337e-01
-2.022527718518797313e-01
-1.395051728378748912e-01
-3.365954033948656554e-01
-3.529734266151212108e-01
-2.150031286494634153e-01
-2.429919641617492854e-01
-3.031624663719912349e-01
-2.856945356369038763e-02
-1.264545161182662261e-02
-2.326417300983576325e-02
2.280736401653606776e-02
2.217334089957617022e-02
1.533284010536308528e-01
6.108956865030024629e-03
-7.673869473129920488e-03
1.427362389303138412e-01
-3.337471383943654141e-02
9.509620397186333007e-02
-1.520793144465570033e-02
8.604614931816342849e-02
-1.379018995863059982e-01
-6.281060159692378186e-02
2.026566822163156645e-01
-4.517923739163769853e-02
-2.738118891916304504e-02
-1.787623331498929338e-02
1.488523060425951151e-02
3.152523956515287940e-02
-1.340608606991821883e-01
-2.246761778706403145e-01
-1.689732216483831317e-01
-1.686260105111021257e-01
-2.520502735786487314e-01
3.827305470112198071e-02
-9.973276352607085560e-02
-3.635044446387911826e-02
-1.033522371349856195e-01
-1.806374653344818559e-01
-1.717943063310311547e-01
-3.114825707459137893e-01
-1.717041079428994477e-01
-1.644744004844036489e-01
-2.244734018583105783e-01
8.789014106679485239e-02
-2.742654830088697183e-03
-4.737591351078601631e-02
3.728132621133881802e-02
1.101780744961830538e-01
1.320762359726266599e-01
4.014033479388692989e-03
1.642225357339176239e-01
1.072370402056916222e-01
-7.484064212687964457e-02
1.006751386971973666e-01
6.744990875071024683e-02
-6.479493703679801986e-02
-6.163421113529642115e-02
1.844546262568135322e-02
-5.045206376001830362e-03
3.171196604614968939e-02
1.629755961291921504e-02
1.255515538805978271e-01
1.970490021703029393e-01
8.324013713347398757e-02
1.145466556259605168e-01
-8.219055551264718706e-02
-1.414745266448560468e-01
6.973041320212760956e-03
-2.277773589201299506e-02
-4.624883984950046295e-02
7.622965973765467342e-03
-9.791087457009304065e-03
-8.029702255222275278e-03
1.348209765843182487e-02
-9.442368030353515129e-02
-7.654963681612964033e-02
-1.999881498541988736e-03
-1.648159263254166396e-01
-1.604381271661917685e-01
-5.991020277659304255e-02
1.391128437404949569e-02
-1.245903128029468218e-02
1.242879391818359491e-01
1.307606338514099575e-01
-2.112657606236741092e-02
1.929728142703797042e-02
4.755161901767655103e-02
4.854315837164203257e-02
-3.210535034530243720e-02
-5.810211600041680080e-02
-1.221582590454078771e-01
1.130747666705772189e-02
1.916324588865585959e-02
3.007407467534523732e-02
-7.853223531086214737e-02
-6.082702693618845941e-02
-1.305037104475715581e-01
-5.398977570763929812e-02
5.625201524071106636e-03
2.903783251764572443e-02
-1.004144109584483024e-01
6.577283983075467300e-02
4.802617803270532032e-02
-1.826476699436141993e-01
-1.448667564157537363e-02
1.569634389966657884e-02
9.712045859371995493e-02
6.178817832421486245e-02
1.915914165406290559e-01
2.150453187755293483e-01
1.868341200257956358e-01
2.548477803861442514e-01
1.162780446933559947e-01
9.136503427457971782e-02
1.514225074147867445e-01
-1.038470758017755319e-01
-9.947177300376905396e-02
-7.283107134607870459e-02
-8.805967077365324525e-02
-1.266303892673191211e-01
-4.614161216620831646e-02
1.089587677885290630e-02
-1.062084840316612350e-01
-7.198967989785025334e-02
-1.542133121966410558e-01
-5.002112753616053120e-02
1.360563764220040772e-01
1.986619205862542870e-01
1.211863037946833421e-01
-2.711768976671902198e-02
3.392104765983382231e-02
3.037010836111631029e-01
2.838856558800684562e-02
-5.887894773572875662e-02
-1.016144394504274878e-01
-3.183294053294757203e-02
5.668423514732110619e-02
-3.385983449103566884e-02
6.681116540369258505e-02
1.089631364206612302e-01
-7.375917771303687476e-02
-1.561851759644277415e-01
-9.452645527067204956e-02
1.088067121097351792e-01
2.776768168749018662e-01
-4.804110761813563252e-02
1.645103724596997108e-01
3.768629097389410987e-01
4.219874041913646706e-02
-3.082676682189945932e-03
-1.357403139219366950e-01
7.285264917493344816e-02
-1.221928829775760644e-01
-7.157909574464416114e-02
8.107489879795468091e-02
5.434515402836242320e-02
-1.366644533915395698e-01
3.855786298080474128e-01
1.862491007639209828e-01
7.808655261789096413e-02
3.898185760142425932e-02
3.146962468044622180e-02
2.825536154718624976e-04
-2.021889277034709664e-01
-1.053670253162143078e-01
-1.917887430574461982e-01
-7.768154790674933197e-02
-7.775818955951471767e-02
-1.772404244842880616e-01
-1.501607799352094597e-01
4.000238725801193995e-01
1.943216714832005643e-01
3.392107008223997910e-01
2.927270909063401927e-01
1.105996899212318835e-01
3.935173013919156526e-01
1.529829312408658437e-01
-2.484550215945063034e-01
3.176552756884806761e-01
-1.131792494776494573e-01
-2.193957513880442911e-01
-1.097574352103665024e-01
-1.736654782627158888e-01
-5.995665826507470819e-02
-1.512844321062294106e-01
-1.994060081344472268e-01
1.526891865090562461e-01
-6.029732561882750891e-02
3.928699478409351104e-03
-4.212705785519862967e-02
8.144889332138648130e-02
1.887939410929442008e-01
-4.811246692571809896e-02
1.853008945783803374e-01
2.544836031395398823e-01
9.418698004151305689e-03
