-3.043591825124125714e-03
-1.309600111161390856e-02
-3.963456514877753030e-03
5.044851328733548565e-03
-6.440717604335281787e-03
-6.746038894187156819e-03
1.662422707503300942e-02
7.975727251726589390e-03
-1.050937151224008367e-02
-8.658840917801649016e-06
-1.526981219600510170e-02
2.824921801907312804e-02
-2.051524292154316420e-02
-2.977892915824760511e-02
3.380127634012474597e-02
1.447762983628665288e-04
-1.462116944386217254e-02
-5.484180224895344926e-04
3.573364355742869505e-03
2.867289588972821764e-03
1.358869768939159704e-03
9.611640604818783018e-03
5.872870203901146488e-03
-2.023534466549712935e-03
4.105125992781798010e-03
-2.265719146790733779e-04
7.892189017497100098e-03
8.977124255962571839e-03
-9.130660734041907631e-03
-9.013648962702536368e-04
5.006824588670871594e-03
4.059763251637375087e-03
1.426188404849876648e-02
-4.589497920183983372e-03
1.148906482161399581e-02
6.290439703033729422e-03
-4.167061540456912412e-03
1.248487453911686234e-04
3.220842794960938199e-02
-1.343265461379089401e-03
5.003556514288554601e-03
3.615062690034622633e-02
-6.092894277494326737e-03
-1.327944926841023547e-02
1.690098342082184478e-04
-2.743670436834801107e-03
-2.142519044366347249e-03
-3.911059129076582472e-03
-4.704132466777279781e-03
-2.321918269672319270e-03
-7.968870109597851379e-05
-1.264054541129657275e-03
-3.471169489209161539e-03
-2.853218374469216299e-03
-3.709334115811454505e-03
-2.057984588428672310e-02
3.963356276646099602e-03
-7.757301599307558741e-03
-2.393375165894430154e-02
1.017469132992438949e-02
4.421239513344344882e-03
-7.782362825718990712e-03
5.259258724357953121e-03
3.133312871560320519e-03
-2.721782180414321003e-02
6.446117634243839212e-03
-1.514154833021112180e-02
-2.551794182781135303e-02
5.934773921766466065e-02
-3.393601269506376413e-04
-1.339117831809166423e-02
1.202774328167502751e-02
-2.820361796616131962e-03
-2.982207523550100582e-03
-4.717692094096031206e-03
1.615325241725041596e-03
3.603280013186088877e-03
4.458882755537393883e-03
-1.856061922312396374e-03
8.962702015129169961e-03
8.489216909444990619e-03
9.899381443637136208e-03
-1.057504488068400708e-02
-7.951924201224116334e-03
1.093951288781971030e-02
-4.954947774275061077e-03
-6.391201201358596463e-03
2.986432930800410075e-03
-1.837868490748301685e-03
-3.209375849290211063e-03
-1.071425537743536834e-02
-7.778824839683451398e-03
-9.786152029131087518e-03
-1.590372467689725455e-02
-1.686725794049975108e-02
-1.937241798658875802e-02
-1.634168104085764045e-02
-5.084708154513441387e-03
-3.590779368773062107e-03
-2.640490258003522737e-03
-1.293049701008960883e-02
7.495209554921777872e-03
8.755528457164749034e-03
-3.094526964864826712e-03
1.460149592614260090e-02
8.427459891065944980e-03
-3.182325131420572729e-04
-1.808171791593431773e-03
8.659165504853953699e-03
4.851650543885179835e-03
8.698519085939465656e-03
6.037650305598610961e-03
9.607569341123167956e-04
9.489304399369119861e-03
1.096830859800376583e-02
6.102507906820527593e-03
9.365334990977344787e-03
5.023802326854402873e-03
5.132666436962250375e-03
-2.062147362827449273e-02
1.369792399193187288e-03
1.499290055154750730e-02
-2.784350088867100850e-02
-1.781752279387392615e-04
6.877798135142271360e-04
-1.070969396033810868e-02
4.773750164715661465e-03
4.079482973919551503e-03
3.710685342575662741e-03
8.463456582332129843e-03
6.556830440239952602e-03
5.597065415409978144e-03
8.602800558931018512e-03
8.358455430350150359e-03
6.775423584198429251e-03
3.217338435579294997e-03
5.770264116760245561e-04
-1.231260673135709492e-02
-1.246565215761273474e-03
-2.670959600121968706e-03
-8.953953309545749015e-03
-5.143135364080690143e-03
-7.371674212726484800e-03
-3.325998218843618723e-03
-8.481387942302170274e-03
-8.561523872410544550e-03
-1.938180955363820023e-03
-9.778076751089192706e-03
-9.947372377176147418e-03
2.764169173887073058e-03
2.160278851481280300e-03
9.240520368981378768e-03
2.753072368774798356e-02
1.539794931883995029e-02
8.496952645403479248e-03
-2.789286125301044736e-02
1.193581464307299882e-02
-1.584228922255646183e-02
-4.700569512539718581e-02
-2.572358339100548705e-03
-1.784378860756898749e-02
-2.997499808492846973e-02
-1.970494639662079099e-03
1.793221161095839844e-02
1.647270268847112265e-02
8.741645542007092998e-03
2.341306610966830890e-02
1.801595762209254672e-02
1.019758748429515187e-02
1.900997098695401608e-02
1.300038185069641791e-02
-1.638539146537679452e-04
-2.830391494095784236e-02
-4.426899156642618779e-03
-8.182217811239391944e-03
-2.352981762862429299e-02
3.255596841123327163e-03
-1.364357438013804290e-02
-2.786234365751493955e-02
-6.190287693840265670e-03
7.910223966980108046e-03
-2.891579637763570169e-04
1.734521239196222878e-02
8.242032917294240396e-03
2.355580632188395557e-02
2.097901346030621450e-02
3.297528419608530305e-03
1.876881081091826345e-02
2.583322636799920136e-02
-1.221047388665204812e-02
-1.341932077960349308e-02
-1.823712144593822929e-02
-5.998893942436808215e-03
-5.334122928925945882e-03
-6.701126426145040220e-03
-3.253034662757398141e-03
-1.346190660653272253e-03
3.169059222608084855e-03
-5.089136504642037540e-03
-7.103058210955632071e-03
-2.308441589736551745e-03
-2.246842772552211723e-02
-1.234259803374385123e-02
2.802514542573517672e-03
-1.330132397830506054e-02
4.395462297877282890e-03
2.025304966150008948e-02
-2.503660705268644809e-04
-2.126713032914302401e-02
1.005270195606676291e-02
-9.504887135180523083e-03
1.099466499454859920e-02
2.944695107133665085e-02
1.757566742783260583e-02
2.709126854437369711e-02
3.788611501262272724e-02
-3.795552502575702623e-03
-1.461441165695952747e-02
-2.036419895712422365e-02
-3.639328362546605852e-03
-1.507354376434765983e-02
-1.732321770862944518e-02
4.433265480268728902e-03
-3.366525990987239304e-03
-4.727646777957092254e-03
-7.186413662292278313e-03
2.787382173916976014e-03
2.732602791612210105e-02
-2.127913225161282788e-03
1.018655102034004417e-02
3.199995669725692882e-02
4.459783540090363235e-05
4.894961755291710008e-03
1.807953907729813875e-02
-1.309784431307749707e-02
-4.464883141475691625e-03
-8.806106696134049019e-03
-8.149504946978324005e-03
-1.681031477827779272e-02
-7.708220339289439428e-03
-7.028266120249696512e-03
-1.037577558450374950e-02
-9.728824662987049440e-03
-2.294956910421509788e-02
-1.669561574278505961e-02
3.253848936834355041e-03
-2.490032002883965298e-02
3.003085012523960991e-03
1.983608342426968277e-02
-2.985776825731272996e-02
4.774863180866843922e-03
1.628237827962583997e-02
4.517852952155038126e-02
2.923158176681818834e-02
-5.249846446080428525e-03
4.896329709217411841e-02
2.696430677115306887e-02
-1.045829907937305750e-02
4.383371742425703349e-02
2.319863971861681889e-02
-7.023266424370010717e-03
-1.642023682591757907e-03
-7.372573868203286494e-03
-1.150949663163085279e-02
2.986967955753184328e-02
-7.466656783723163091e-04
-1.180783038562870048e-04
6.734678540859474413e-03
-1.172689653765446836e-02
-1.455657034773074135e-02
9.721713026606459973e-03
-4.347745925379562990e-03
-4.574582923148497529e-03
1.084075127985240951e-02
-5.027887135697565145e-03
-2.663571402661901212e-03
1.714438817970984769e-02
-3.991703480080772970e-03
-1.255834308905786484e-02
6.176266000329410678e-03
7.819778982250846083e-03
6.313207935709874534e-03
2.859700056149117736e-02
9.351791894129006869e-03
2.098195978860312432e-03
3.450233763952188781e-02
6.079999751657475839e-03
-2.097458623181504625e-03
-7.647654503118476391e-04
5.273131655433895872e-03
1.313348465925278166e-02
4.527207316312767751e-03
5.869359780874025372e-03
1.540315477669524855e-02
-1.012233006227218277e-02
-8.198311007268447789e-03
4.726276598247699384e-03
2.093033243094024817e-02
1.834879016194855550e-02
-2.783934903149034353e-03
4.286427237043253374e-02
1.586918279383906991e-02
-1.650037561068639150e-02
3.167038992780868423e-02
-1.972142193597363480e-04
-2.586009178093174460e-02
-5.469414397135227181e-03
-1.553363087804603094e-03
4.807380950833252398e-03
-5.854412612805416465e-03
-2.935499732753393386e-03
3.078110511994618364e-03
2.573278531136905314e-03
3.101503507359527467e-03
1.113275998718180233e-02
3.074106083684806714e-02
-6.216135047690801848e-04
-2.712277869788107254e-02
2.368421092075593398e-02
1.393536873433651180e-02
9.048171691724938174e-06
1.264884965219775607e-02
1.349734246669504964e-02
1.073235740060616075e-02
8.223713364018756661e-03
-5.245961183816713960e-03
1.225891566910566367e-02
-1.031188165225147002e-02
-9.356854199240689438e-03
3.715334931634694561e-03
-2.206948221773213578e-02
-1.596444548016145298e-02
-1.493158182817663944e-02
-6.811337930405885789e-03
-2.429956107653242266e-03
-5.260036169850245032e-03
-8.926078741956893978e-03
-1.025300892505421300e-02
-1.121865144479497825e-02
-4.495774456343628808e-03
-9.958481672468313603e-03
-3.897615699010927807e-03
2.635468892772176250e-03
-1.353926592162618160e-02
-3.175463928172646971e-02
2.679952947487378861e-02
1.341347246578041864e-02
-7.544463888817138329e-03
2.773528975379047773e-02
2.972127419760500419e-02
1.841675482607878570e-02
-2.430427033172635753e-02
-1.087429128214088825e-02
-2.360891869600826448e-02
-1.577229933555537866e-02
5.949356862519937679e-03
1.980944546742192600e-02
-2.103657656202349152e-02
-8.239239347800004706e-03
2.123114946627582909e-03
-2.645846231620186013e-03
2.207010237742424840e-03
-2.771550621978253418e-03
-7.708094562984412965e-03
-2.313311546669622517e-03
-2.667123426844027223e-04
-1.865343811282902525e-02
-9.182402178275627866e-03
6.653799995341436180e-04
3.019377870515049453e-02
2.458262219217256447e-02
2.661806767015479844e-02
2.337144151688621066e-02
2.080996427282654285e-02
3.088873581374530081e-02
2.107196195041331765e-02
8.844623625290166241e-03
1.166714873498262209e-02
1.414679612758287753e-03
1.692175784778253422e-03
-8.750466010759573934e-03
3.709922828789702278e-03
-1.040592117254281711e-02
-1.765548769219184647e-02
5.461346823268159109e-03
-1.007156801223974343e-02
-7.654801733612675237e-06
-8.845070052302572011e-03
-1.358423849504353242e-02
-5.679424659510680200e-03
9.698168542130328543e-03
2.494716173544658799e-02
3.933290275342285480e-02
2.431436134152503009e-02
5.492873806765036226e-02
6.470439666288400893e-02
-5.124287611542589944e-03
-5.671297928566598236e-03
-7.417006557712324533e-03
3.728908072130141665e-03
1.949066249377177061e-03
-5.250111195713821899e-03
4.114417589674146739e-03
7.829596161897106263e-03
7.930597084689805683e-04
-9.544729378818212970e-03
-1.180848334872976017e-02
-3.945218013420575751e-03
2.097277818348442218e-03
-9.242303007090125685e-03
-1.841675482607878570e-02
9.187766999441964941e-03
6.767597099696165582e-03
2.950695404528415680e-03
-5.281378459850280017e-03
-3.400048163227519741e-03
2.257436148026850144e-03
-7.786552900883620711e-03
-8.966592103290219051e-03
-4.266325266427443107e-03
-1.334804979664349148e-02
-1.294672312814364526e-02
-6.356893484702714342e-03
-1.462468063041482899e-02
8.715657019019759644e-03
1.609607547438617406e-02
-1.567362797007422395e-03
7.882105654806681461e-03
1.360921663617466193e-02
1.368994383490490692e-02
6.424636694645017784e-03
4.846465085982520904e-03
2.090056851749775603e-03
-8.890912367874103522e-03
-1.130187043820687909e-02
3.221579759368005998e-03
-5.520001715755384723e-03
-5.424979727323935366e-03
-3.830520803986690610e-03
-4.436033674210759087e-03
-4.827909105001665369e-03
-1.012343806067431823e-02
-2.613160378559419364e-02
-5.157259769213144327e-04
1.789154859505374950e-02
-1.236816566150163513e-02
2.399363046769219937e-02
-3.086196689934078436e-03
-1.011943064065613622e-02
1.070320723316869373e-02
9.523619277754564669e-03
1.600106910915897671e-02
9.630222408419535085e-03
4.210218366727136452e-03
9.841704128711031146e-03
3.644007826185313194e-03
6.516742392743303004e-03
9.009477606163478897e-03
4.928617640261856274e-03
4.216146037399770390e-03
-2.490560643089578721e-03
5.936541528022371526e-03
2.991201778664913987e-03
1.401519746603189804e-03
1.005328764542276314e-02
-1.413839101395311659e-02
-6.736559080534126713e-03
-2.380782715146691556e-03
-1.137268921379331471e-02
5.532620530252423813e-03
3.246250138949655778e-02
-1.280764908444404762e-03
3.942450423771789482e-03
3.838871195186053381e-02
3.531551401356770859e-05
6.318464387929090091e-03
1.873932426373068824e-02
-6.426689063591152495e-03
-7.131036660895511380e-03
-5.405320336509460838e-03
-1.699812048801539396e-03
-1.824139581424275437e-04
4.050297390157421573e-03
-1.133751015325396450e-03
-9.474260352900110583e-04
5.111350783307801182e-03
-1.079306142521593674e-02
-1.292191830815012446e-02
-8.324803281003628763e-03
6.301094388323255635e-03
-4.920969541537455368e-03
4.742552635259295393e-03
8.213529339844495222e-03
-1.538945428045187082e-03
1.203110640338672481e-02
-2.044983144888591620e-02
-2.041151555050818231e-02
-7.521599363438929466e-03
2.887894178574252832e-03
-3.261653274052039864e-02
1.149693054507029688e-02
-1.023031778969326309e-02
-3.054260205265579148e-02
3.409616941481805573e-03
1.549753157409137062e-04
-2.845968448890367954e-04
1.930751623560377243e-03
-2.076931625768229511e-03
-5.710919702286976034e-03
-3.377785680722439256e-03
-4.871285862110025233e-03
-8.895810935005464201e-03
-9.068509076059249815e-03
3.399093350947403141e-04
-1.107490383720280760e-02
-2.279378485327665516e-03
2.712586861597748346e-03
-6.396778224860684425e-03
4.172934999379572692e-03
-1.013229931909375402e-02
-1.371786965920911844e-02
-2.264605151310075410e-03
-2.298108169778874041e-02
-1.079158760499029750e-02
-1.478837486711586172e-02
-1.139925739397714376e-02
-5.688592182740758417e-03
-2.193786032974748626e-02
-5.703813489557164407e-04
5.981910684426463426e-03
-1.640666443525503129e-02
4.718363989242095949e-03
2.543257085257327288e-04
1.140358545558162531e-02
8.735402226765729208e-03
-3.226274048161112580e-03
2.412925277585112674e-02
-1.206495165662187230e-03
-8.765032525529991778e-03
5.962881266071226420e-03
3.189185533557334362e-02
1.675697864980623189e-02
1.196640226799224396e-02
2.300676215834828592e-02
9.554366937899195708e-03
7.859046956045849866e-03
6.225579438824818679e-03
2.108769912879834580e-03
-7.381539485405267959e-04
-6.944710138490121920e-03
-1.160740193970423656e-03
-1.490508566253759964e-02
-1.275106826910951500e-02
1.728906973800116171e-03
-1.274366763508346517e-02
-1.328757584812246054e-02
-4.955697715912426790e-03
-1.609718857953519253e-02
1.258401006103547146e-02
1.936517688131525515e-03
4.026523127547848753e-03
1.433918256774982525e-02
1.142957524701411227e-03
1.500866283463000040e-03
1.017748441934408603e-02
-3.586205967931281862e-03
-3.469581373855296341e-03
1.503738947594661021e-02
1.567389472902254444e-02
1.546243580153221220e-02
3.330121477753026499e-03
5.063206903267275863e-03
5.552461235229541429e-03
-1.036554662212683248e-02
-1.328469761432134189e-02
-1.163812766391992756e-02
-9.915822960254503868e-03
-1.310662249051020717e-02
-1.056751796362197411e-02
-7.651608657539460444e-04
-7.592087546130093373e-03
-1.230727092536628049e-02
9.351721855103849179e-03
5.734910016963463801e-03
-6.102812337729973322e-03
6.246456059846894858e-03
1.044162891549950054e-02
3.979181678612744161e-03
-8.344408498679704725e-04
6.298285277502057612e-04
3.689918907467267060e-03
3.175074956128010051e-03
-8.622698352511090885e-04
-1.433544138389222962e-03
-5.767573024506251859e-03
-4.099875120706408631e-03
-2.617189757730351788e-03
-5.100510706699582474e-03
-6.184246749455833345e-03
-6.179862853912343988e-03
-6.733378158875341635e-03
-8.461857363879112318e-03
-4.522336040782799077e-03
1.207357572901979160e-03
2.243921334668711701e-04
-8.294810764162391034e-03
-2.931614318440516932e-03
1.124260287204723735e-02
9.197479772083997154e-03
-6.860430823424130790e-03
4.069146051488864435e-03
6.034324934749648109e-03
-5.607829142283653548e-03
-3.507828895034684983e-03
3.346772109196055871e-03
-4.633472837687695710e-03
-2.743344022267104818e-03
4.339682649383238243e-03
-3.166949408826853513e-03
-5.297425451854263778e-03
-1.765991472295228059e-03
-5.478996768520098988e-03
-3.437515658245805013e-03
-3.492596453849639449e-03
-7.950640370553149067e-03
-8.416533773081675412e-03
-8.537635953205112080e-03
-5.033776656023287131e-03
-7.431629556357243621e-03
-9.228580514925590131e-03
-4.783782387260410683e-03
-1.245024336991289692e-02
-1.734459752780430353e-02
-3.209865048732529411e-03
-4.907336377822377541e-03
-1.093507146714796374e-02
1.874244864348293847e-03
6.368807104529808187e-03
-3.025584941748489087e-03
1.794136802381206719e-04
7.965236539439960253e-03
-2.290970067639156187e-04
-8.121890279792143980e-03
4.993235403130855468e-03
4.862880094118843775e-03
-3.665479873814164388e-03
-1.585958740293599498e-02
-1.289599782759220589e-02
-6.886664392054289013e-03
-5.842281893900433225e-03
-5.857588052070193153e-03
-4.034574844791471993e-03
-4.848355788996459685e-03
-4.847138017355116443e-03
-1.196188214237559923e-03
-1.579183675797608745e-04
-2.146547375261970321e-03
1.505788533672918102e-02
8.463963445777600292e-03
1.935230843437153693e-03
1.027587174527518597e-02
9.102759830040338743e-03
2.279611062765457725e-03
-3.120921594320693812e-03
1.914781504781346716e-04
-2.196676366261304542e-03
-6.000473395263363798e-03
-7.000063970928532830e-03
-5.368368577627058262e-03
-4.784727117779599345e-03
-7.436016952427939621e-03
-1.023321267342245516e-02
-1.235910446720210956e-03
2.536543170539456190e-04
-6.786660918974914310e-03
1.307003292100786772e-02
9.372085039607687407e-03
6.574565828716564218e-03
1.804136717271077189e-02
1.635169769511210860e-02
1.253660364115925276e-02
1.338712055926918193e-02
1.424764486692413519e-02
1.141639334038513365e-02
2.989560192606686507e-04
3.603770932900354144e-04
1.980308367763266523e-03
3.956966921129710830e-03
3.672983974579376211e-05
-3.601831640827616449e-03
1.008971020787400794e-02
3.584349596128592365e-03
-2.995719061357544465e-03
-1.825583211988833585e-03
-8.942783471628513959e-04
-1.026203786766606129e-03
5.504116139931570541e-03
3.042610270603668659e-03
8.469421591346940796e-04
6.198250711504549489e-03
2.005438652583090443e-03
5.322641396633979484e-03
2.256272636048942603e-04
-9.552570575099223805e-05
-1.263451462262223796e-03
-3.479643267703151567e-04
-4.109275889477778123e-04
-2.797334094775877529e-03
-1.544350238429730493e-03
3.805465750913023231e-04
-1.841984417434322637e-03
-2.213904931607861212e-03
9.252169950034191265e-03
9.872740324609712015e-03
-1.280078142842523345e-02
-5.462937791087445726e-03
5.700652004494424427e-04
-1.501089281810741478e-02
-1.475415097428279219e-02
-1.018872570862751695e-02
2.689368874985076721e-03
-2.146421186005079314e-03
-4.984204570668879231e-03
1.443926328751640731e-02
-6.933797823378640666e-03
-1.488249857656787599e-02
1.707934168790238919e-02
-1.067388188897278739e-02
-3.598743282237138602e-02
-2.541644934992216831e-02
6.944298094452045801e-03
3.622617075856911922e-02
-3.286849714849006399e-02
6.012155694953253728e-03
4.972160103595248126e-02
-8.289933521125400842e-03
2.401172434725167004e-02
3.424910782938414555e-02
-3.310824535529134031e-03
2.692793849367951589e-03
1.221508057859008818e-04
-3.800632514219300789e-03
-8.003308758319960421e-04
1.483503287053040444e-02
-2.166163234584518246e-02
-8.306532057759023410e-03
1.335361916856661960e-02
6.790251195294529085e-02
5.901162027194596128e-03
-5.895381499591036134e-02
8.518759812826770528e-02
3.471104751964852742e-02
-5.517596303688830639e-02
3.878630901103286704e-02
2.368945587656710178e-02
-2.549642692496779939e-02
3.613669637812209640e-03
6.526106262058488025e-03
1.066578349700007464e-02
2.036095082029164283e-02
2.958832385665288375e-02
2.225963140741766405e-02
-1.573690143830882302e-03
8.306143129749473525e-03
7.198571951052741731e-03
-3.416341280321564394e-02
-1.443132559661897130e-02
1.243070713522714810e-02
-4.010434049469742412e-02
-1.859861593505409902e-02
8.003069538803992550e-03
-3.796353520929859199e-02
-1.381935470198206867e-02
8.322681207183765112e-03
3.402414987952741277e-02
-1.058465929099224045e-02
-5.723968153449956152e-03
5.450596518248492645e-02
-1.148763575396878622e-02
-5.222862941513384955e-02
5.634507382865982378e-02
-2.479174485803051220e-03
-6.602915618022299482e-02
-1.164671097406805647e-02
-1.437670293471265265e-02
2.239719937969954135e-03
-1.789825499963609151e-02
-2.979076533500123192e-03
2.948122732083378189e-02
-2.664874000499448808e-02
-1.537127770195687547e-02
2.094569701598827938e-02
-5.367722136197688662e-03
4.409217955421808940e-04
2.542968363310037921e-02
-5.644426355750149955e-03
-3.726268222498559969e-03
2.321643461704007289e-02
-2.186045778827163961e-03
-2.602109499749901203e-03
1.376175174179531183e-02
4.252400402220497116e-02
-4.314463995022822101e-03
-6.124183188847655453e-03
2.325395072800150870e-02
-1.592144437637386251e-02
-3.303827495551158334e-03
2.796758284587950744e-03
-2.343676678382765333e-02
-2.036908061964063255e-03
-7.095216033748085599e-03
-2.266274455846120986e-02
1.585913030974573854e-02
-1.282180094509808611e-02
-1.656069231557815921e-02
1.567552462013439493e-02
-1.718376467081601106e-02
-2.061747161293673788e-02
-1.637236688249697064e-03
3.050759682199453288e-02
-8.693826883741267650e-03
-2.441960932566405312e-02
4.274108133789783492e-02
-2.276011422984770024e-04
-2.558796895768631480e-02
1.618523388280171740e-02
-1.473462793795499680e-02
-2.822881631533477945e-02
-4.352319305648037588e-03
-3.045064477968109293e-02
-4.227672851422292766e-02
6.709282455799260754e-03
-1.967952434511776802e-02
-2.886965242086609110e-02
9.503483656502090607e-03
-1.024619848574054824e-02
-2.038240572248190691e-02
9.299261379918908471e-03
-1.853400311021072278e-02
-3.453883564096563857e-02
3.863027193113201252e-02
-6.477322231401838430e-03
-1.923045801493256449e-02
2.883828953837335243e-02
-5.980218319202805499e-03
-8.170542567863139580e-03
-1.674135251675110472e-02
-3.046815308331416935e-02
3.550137226712718995e-03
-8.950385888694163336e-03
-2.535539471908270295e-02
4.891832336304141257e-03
-5.830822590743598398e-03
-1.718803345670816621e-02
1.108429804018486349e-02
-3.804764416296516766e-02
-6.876184394066458747e-03
3.078804898844923754e-02
-5.103072591116149248e-02
-5.715964245334204802e-03
6.222045432585403268e-02
-4.076491090165536291e-02
-6.393141040769827373e-03
6.432656492959352990e-02
2.821052104054489612e-02
1.967946406952303037e-02
5.712991382141362554e-03
1.430171394810040957e-02
1.156287959182224212e-02
7.094561071490714486e-03
-3.926158519605294351e-04
-3.595286484007612256e-03
-2.369788705286896870e-03
-1.256899756225109827e-02
8.057766217675342221e-03
-6.191467196089622815e-03
7.115769132797091336e-05
1.038622108920331244e-02
-3.214446101564370772e-03
-2.021733884913058470e-04
3.388053288339898210e-03
-1.370806051091650463e-03
7.605323305082648151e-04
-8.864787786894040870e-04
3.668891279046580627e-03
3.839171663248670775e-04
2.170392696581587705e-03
9.749375967031225290e-03
-8.506655130429098197e-04
-1.420822542603946120e-03
8.896482924128753383e-03
-2.241109421814966099e-02
-1.043326963591792965e-02
-1.195771894633180892e-02
-3.021239336898381977e-02
-1.939570322769258379e-02
-2.181054696098400775e-02
-1.569056452672089666e-02
-7.929943246188871434e-03
-1.607668597434002214e-02
-4.150680267800337803e-03
-2.183160287944831569e-03
-1.017061190124077599e-02
-7.541823805070183061e-04
6.853387614670115868e-04
-8.561989563450523102e-03
2.581817756571985322e-03
3.349614236570771109e-03
-1.475179030726060225e-03
-1.834787960917952246e-03
4.823995127574517115e-03
7.731412295648445836e-03
2.275256133482158726e-03
6.196964068157801570e-03
8.269721740033413732e-03
3.801543768771233414e-03
7.627474733369681362e-03
9.008357339135450448e-03
4.893037061147974091e-03
6.610612996816375188e-03
-7.303817075399612977e-04
1.615304622269657158e-03
4.152219595378949663e-03
-1.138975690270689644e-04
-5.040371538532103547e-03
-1.815083022075360795e-04
-3.363911799134637615e-03
-1.390359884429729839e-02
1.614754223164513707e-03
-1.588241705737282461e-02
-5.473706896676811852e-03
1.478712283813806393e-02
-8.622247485289051550e-03
1.397957263356302236e-02
9.350332141013006221e-03
-9.067611687734965491e-04
-1.723969392827292939e-03
-5.079150267502112633e-03
-5.752194809312237422e-03
8.866056999908118958e-04
-4.367729727774522820e-03
-5.796152496898341645e-03
5.098614584710785443e-03
9.231727235840313326e-04
-1.689109969236810872e-03
-6.868956831042318141e-03
-5.056054862035859292e-03
-8.103967808782489013e-03
-9.849525620021341160e-03
-9.201878356062136513e-03
-1.282244618019342045e-02
-2.675864101820609690e-03
-2.505112440927234271e-03
-9.158958412834657115e-03
-6.335712034742368125e-03
-1.678637538074023673e-03
1.450835769195485446e-04
-8.542177839859148997e-03
-4.981248179224425851e-03
-6.426993671995184960e-03
-6.372186653932976515e-03
-5.530115075772163227e-03
-1.173759978077934529e-02
3.564806455514261084e-03
2.466033494263510182e-03
-4.327376076309641731e-03
1.126326396069142520e-03
-1.856965424343736933e-03
-6.847106434047084238e-03
9.676750540688216010e-03
3.173895966161732578e-03
1.071884053009008802e-03
-2.103857662110455301e-02
-1.464414212751135799e-02
-1.874652233134137258e-02
-1.667955198605062042e-02
-1.171535682270764128e-02
-1.743792099992825390e-02
-1.128793184785829330e-02
-9.270900153082965028e-03
-1.732779724460299653e-02
9.387542456272834207e-03
-7.143576694977628837e-03
-9.865152805257166799e-03
-1.170724321579553725e-03
-1.381318490940314399e-02
-1.747668691472841276e-02
-5.811408884806497713e-03
-1.675610342995736621e-02
-2.135945157022116347e-02
1.078191126391125736e-02
7.777126541502110170e-03
6.334489603618233744e-04
1.446800648128422975e-02
9.553586638640918990e-03
1.795599992110711012e-03
5.801193957437912434e-03
2.897091387966132386e-03
-1.790551819386931821e-03
8.855111461458353012e-03
8.463641216622692920e-04
-4.744666670000913071e-03
1.612345972830111010e-02
1.012835036226434823e-02
4.139580349113763415e-03
2.268159727577007817e-02
1.640119160491516556e-02
1.379814961677484561e-02
-5.788404497621266707e-03
-3.720633941273136791e-03
-4.765239735379258462e-03
-7.266214819977952731e-03
-9.199256806017923685e-03
-4.284706281326210696e-03
-1.290215147189007969e-02
-1.273751036683467251e-02
-1.662213019880583132e-03
1.205740825410129592e-02
1.613919219307217295e-02
-8.103466365292143897e-03
2.780037208005206942e-02
7.963290794319514282e-03
-2.264405706057886700e-02
1.305943597749315531e-02
-1.063668879581886224e-02
-2.604342627295043802e-02
-4.535763422212392600e-03
1.891026011160172691e-03
4.544352995919181092e-03
-6.995269672128092038e-03
2.900565321638877772e-03
7.334248173132725847e-03
-1.110984975021532539e-02
-3.856637361621206069e-03
-3.692431229480131003e-03
2.128328766943623704e-02
1.599744108502873302e-03
-1.488091457396992570e-02
9.434244507805090996e-03
-1.230471152993417409e-02
-1.615915088510228026e-02
3.433615733485669876e-03
-5.451805359854864329e-03
-1.919676998513643014e-03
1.153119493008277104e-02
4.535120014937372643e-03
-4.552029803445258212e-03
9.285492587057922464e-03
-3.099172254103619954e-03
-1.362305728699987964e-02
1.262198042730783114e-02
-9.229802830091006841e-03
-2.198755651835466660e-02
5.355869509654690927e-03
2.892350111156948358e-03
-8.322747026695028047e-05
8.331885236162385466e-03
4.839729516026843731e-03
-3.495679268368841706e-03
4.653983172529787757e-03
6.491635110430387431e-04
-5.493548433704261748e-03
2.767310747493188089e-02
3.001412445819672675e-02
2.213679646517292821e-02
1.627121741380200062e-02
1.668719037119328549e-02
1.237673788091708804e-02
6.313722372513218316e-04
5.895291023145735748e-03
1.362909464178260754e-02
-1.385595907090253140e-02
-1.071893535729707752e-03
8.582519368644363558e-03
-8.356645160165467046e-03
-3.999576419578349190e-04
-1.144476551289198276e-03
4.347622130128384402e-03
7.976424677887014938e-03
2.609284914545344745e-03
-2.125090162964736375e-03
-1.743992414466549604e-03
-1.779037173062414032e-03
3.104147286329013260e-03
-1.224619484259350426e-03
-4.062069574831848537e-03
3.947508760625540597e-03
-3.183322904397927356e-03
-1.521133656109839452e-03
5.768048300484867469e-03
8.630705173771029484e-03
1.830527780543094590e-02
6.192625472365075219e-03
9.781284569793144423e-03
1.828057502770650752e-02
7.785373963280459685e-03
9.489398852943689219e-03
9.645236439959851277e-03
5.870188064043002814e-03
4.473404710270091275e-03
1.167791524552430453e-02
9.303529873217800637e-04
3.530898220786533783e-03
1.231318019911754359e-02
-1.279955264896958690e-02
-7.070543757900254155e-03
8.837773376314191770e-03
-1.611946177130112873e-02
-9.353276259777613261e-03
-6.040459258253425348e-03
-2.480100950115875225e-02
-6.485342250385273122e-03
7.599742227196229320e-03
-1.725662706233427671e-02
6.391239174223706590e-03
1.697619941049528791e-02
-8.312301537068198312e-03
-1.410039401285949432e-03
-1.669372047488005845e-03
7.841828819184639516e-04
5.709244622328839974e-03
7.364364261979950733e-03
7.328118565679783182e-03
9.060476359897562740e-03
1.116809566180042117e-02
-1.218530650597507946e-02
-1.809702999664561732e-02
-1.405746818421263478e-02
-1.029555070073575468e-02
-1.273051899979683529e-02
3.535846805147429238e-03
-7.844070905411906769e-03
-7.253639332692444000e-03
1.712502374801429597e-02
-6.232344812297080199e-03
-4.106110621765040117e-03
2.505013421623116573e-03
-8.424859240394310181e-03
-2.768572845884143506e-03
4.935484796580712381e-03
-9.169621658992373886e-03
-3.982691032374018406e-03
2.234156748177112007e-03
-5.943373555658646758e-03
-1.946062049333470391e-03
7.111377371552003897e-03
5.252542425893912386e-04
9.245049394263049267e-03
1.196301771484107983e-02
1.182487170261314023e-02
1.009944608259360707e-02
2.340542338553767195e-03
1.083681537697639766e-02
-4.804643011647005343e-03
-6.917624957285632530e-03
-4.907930453022655215e-04
-4.310679457175304978e-03
-6.042519527081902965e-03
-1.569022526745128543e-02
-1.310416945283502180e-02
-7.881399757477227513e-03
3.298649205147114859e-03
1.223336666883469495e-02
1.197837192841847039e-02
-3.362652498169646422e-03
-2.921049598662468771e-03
2.341318489100061018e-02
-1.617110295042262702e-03
-1.472633990954285918e-02
-1.583378693405128670e-02
2.211240701781026427e-02
-5.612221089087122364e-04
-9.429480675621750019e-03
2.225354109708437694e-02
5.557388623709981143e-03
-3.764734005470168204e-03
1.926436895493801801e-02
2.299076336516054156e-02
2.039131471879482640e-02
-1.468975050798666110e-02
1.820888978032959848e-02
2.178072086051595010e-02
-3.486385313085586107e-02
-1.518134786718229254e-02
1.310753040742679808e-02
-2.959089777599343760e-02
-4.413195595891155482e-02
-2.996303895289610317e-02
-1.351133141239385486e-02
9.126039023416953125e-03
-3.214416321233975072e-03
-1.600334813374954673e-02
-1.255826146068570901e-03
5.412881623597094564e-03
-2.575446956244610563e-02
-1.146153671375961698e-02
1.206202718077812631e-02
-2.100943641022252548e-02
-5.741398806523220592e-03
5.841300320269880719e-03
-1.871568115158377121e-02
-1.431572074514465484e-02
-2.863431989296407430e-03
-1.349163835159965068e-02
-9.414478643786793402e-03
-8.107295446686754465e-04
-1.779347631305782870e-02
-2.990051141029145907e-03
5.012264420739071837e-03
-1.426916814228311632e-02
-1.233844800671691361e-02
7.065308735840838093e-03
1.082901728597038954e-02
-1.468617754271436641e-02
3.584516732751771850e-03
-5.063908661698505662e-03
-1.275647870031591281e-02
-3.882674116295579264e-02
2.579325425005493666e-02
-9.694703695727913476e-03
-1.510567332116327655e-02
2.653891792498118754e-02
1.362733195066227754e-02
1.915206676739956981e-02
-1.612185846225801808e-03
-5.722441149647819296e-03
-5.108411654557830014e-03
3.315201646375802100e-03
-5.265906975244457125e-03
-1.182845150221774853e-02
8.501451396437151699e-04
-5.480756777931078535e-04
-7.275649864767037844e-03
9.775313798362232978e-03
8.672466235009933591e-03
1.492908715406943837e-02
6.721529125139632556e-03
1.577284543944556475e-03
6.488007554826554120e-03
6.894754857913304100e-03
-6.260093732047136011e-03
-4.063293819103253914e-03
6.890407988623168008e-03
1.270321511397460613e-02
1.054105007222118709e-02
-6.873308221662198861e-03
1.577204760293372462e-02
1.790417190186881918e-02
-9.849695729569597769e-03
8.682834467762594668e-03
1.157975907193271002e-02
-3.608361430914973876e-03
4.843227394686511200e-03
1.475832750872069221e-02
3.457976272099839814e-03
-2.495356084675706687e-02
-1.475475558399161509e-02
2.454357901507944056e-02
-1.234535929476600694e-02
-1.949838660422992948e-02
-2.474848018406576242e-02
1.593880323798242682e-02
1.578907739336333355e-02
-2.267597823107269858e-02
2.210579176430648579e-03
1.597458465773041875e-02
-4.966482340129921291e-02
-4.547405900597568940e-02
-3.050947502072817730e-02
-8.632237273415535941e-03
-1.048516301629334388e-02
7.231298270945825390e-03
-2.105151077521274713e-02
-2.491729011156115781e-02
-1.058853396126218163e-02
2.754633180702597238e-03
1.938322084175756127e-03
-9.565892509640096936e-03
8.385572601725149733e-03
-1.448292823608545625e-03
-3.272984206693205569e-03
1.424854509598847893e-02
5.878101472370793681e-03
-3.286012588180811395e-03
2.392722104440500944e-02
1.865857613982011692e-02
1.179304337734895375e-02
-2.790032721089850606e-02
-3.477674145406425138e-02
-2.957981963263079522e-02
1.102591719788753328e-03
-2.263837690123770771e-02
-3.365322792200960145e-02
2.542690395629217462e-02
9.035137167956439064e-03
-1.418934495045685515e-02
1.092997251826259130e-03
-2.287457599773718223e-02
-5.356318588173023844e-04
7.122309885173370644e-03
-1.740048042248999033e-02
-1.533497267906428450e-02
7.681109844012145096e-03
1.540964677653297978e-03
-1.623973544917866121e-02
-1.150295552962371168e-02
2.171209979393018755e-02
2.097718081651371927e-02
-1.905469490977796038e-04
3.108951914982576933e-02
6.226267243580256572e-02
9.221905227485114806e-03
1.779312126943804334e-02
1.446664814274746524e-02
6.100672577924054658e-03
-7.010898272039513095e-03
-1.650704892431663698e-02
2.423870759693337248e-02
8.421580924156235604e-03
-8.106042840974124475e-03
3.313080566032294144e-02
2.457644536702010760e-02
2.983793449619235282e-03
-1.059993053300938709e-03
1.921962466384330437e-02
2.720894806111994954e-02
-9.788652028659312887e-03
3.991636164940347287e-02
6.174908536431922973e-02
-7.209855041616886409e-03
2.372603896939999915e-02
3.757533526099759991e-02
2.155948058146334168e-02
2.149380481136935542e-02
4.133336557076422793e-03
-5.814441338418235329e-03
6.926216043518135072e-03
4.773237297698698645e-03
-1.769607155094660503e-02
-1.027809953360228450e-02
-1.697874598534215851e-02
-7.326863589175129990e-03
4.686259201635900595e-03
-3.480161272208431422e-03
-7.912467813676660189e-03
-7.172528897889859749e-03
-1.494487318348913449e-02
-6.017526016767041352e-03
-1.452208192996509890e-02
-1.905533224687252711e-02
-2.745022498311060558e-02
-5.178783130311015448e-02
-3.801991544615048596e-02
-4.066513580212215151e-02
-5.340221828032504225e-02
-1.004629906297401301e-02
-3.666160469752900719e-02
-4.104909626324228927e-02
4.157194774427898885e-03
1.768882335608024450e-02
-4.291769107779617662e-03
-9.595129830063981943e-03
2.233177441163953711e-02
-2.948081004642294847e-02
-8.316375714189286686e-03
1.737505866942210681e-02
-2.152060544202966455e-02
-1.996852967664984255e-02
3.282722237316715308e-02
1.609669228714106712e-02
5.167052250435033058e-03
1.680116884611883299e-02
-2.089714921011471844e-03
-1.165390797230484408e-02
5.320054592159111952e-03
-5.728556408756043869e-03
-8.019148349967458039e-03
-1.341909690309982424e-02
-2.909366774649989155e-04
3.342360510690524974e-03
-7.268004660324563909e-03
1.241020997274430368e-02
1.320126841251885279e-02
7.457245310711974745e-03
2.476982507351976892e-02
2.121814803629644419e-02
2.309246289069069591e-02
2.074886292055694650e-02
-3.732742324788555256e-03
1.648576598502750692e-02
1.192056690467003209e-02
2.927893412755235795e-03
1.051701927767702271e-02
2.281273370121694732e-02
3.695804399322173694e-02
1.645005087438210917e-02
9.830732028578025375e-03
2.747015836716032791e-02
1.664302467227591828e-02
-4.128846602061916199e-03
1.689041203336905453e-02
1.937753062385961719e-02
-1.949716194684543089e-02
-1.917581197942795287e-02
-3.375696633405362440e-02
2.335173792143175123e-03
1.209120555123493167e-02
-3.648723120712324408e-02
9.597920300270805852e-03
2.263548007721082750e-02
-2.824961048647585404e-02
-1.781837314672520987e-03
-9.444561728307558982e-03
-9.068536235181537744e-03
-8.793691277320341351e-03
-1.953772130407653573e-02
-1.792012583137416945e-02
-1.750967104913270581e-02
-1.514686711877229197e-02
-1.496794769431443808e-02
-2.293351635064241542e-03
1.650876828047099544e-03
-8.350744419930722362e-03
-1.523307750231965747e-02
-7.639583576131869780e-03
-2.399324557546622574e-03
-2.685083004401681277e-03
6.620830279818847204e-03
7.303320890035490051e-03
5.633973160587230598e-03
1.112679481440690364e-02
-2.423911326320573462e-02
-7.141050019088622525e-03
1.318167138736162829e-03
-3.933134193329437811e-02
-2.100549409285627778e-02
-9.168698242762533465e-03
-2.980472414456195387e-02
-1.344046441677907051e-02
4.374622445406431241e-03
-1.233431449203514427e-02
1.245436556928822963e-02
7.790142018824940638e-03
-3.664035147222796402e-03
1.474845311172655153e-03
7.708629447957178991e-03
-8.891345528062467168e-03
-2.138341127582038537e-02
-1.427053866267988420e-02
-1.801657566355736872e-02
7.654324221997648239e-03
1.314280070145088831e-02
2.198469500273423152e-02
2.428919751482068456e-02
2.213103496117521315e-02
-1.079045029828599664e-02
-3.485201152654927165e-02
-3.426032013807193272e-02
2.056295075313418347e-02
3.542296674288327330e-03
2.955606751394882891e-03
2.342265374104401596e-03
-3.800971540746586066e-04
1.348834711744825374e-02
8.274750905597526643e-03
1.519592855365854700e-02
2.008545908241796477e-02
2.350184464546692040e-02
2.593255154931509154e-02
-9.090201494741092722e-03
1.703272690958755609e-02
-2.827262857569095775e-02
-4.665385313095821856e-02
-2.912449283318189336e-02
-5.562165276048471746e-02
-4.213230807618932594e-02
1.873222557590910678e-02
-4.749771000404678749e-03
-2.307791591183889005e-02
1.874369449661747108e-02
-1.048350641470347823e-02
-1.576471204837813153e-02
1.994567373711583639e-04
-6.321908056114723326e-03
-9.968642130946051960e-04
-8.752861150373197202e-03
-2.597139056496802615e-04
-4.136940901940301500e-03
-1.257612614152966470e-02
-3.273284289024107601e-03
-5.661925058795634104e-03
-1.167812885787370032e-02
-9.027350033053282291e-03
-1.098640154857991741e-02
1.898556831332130421e-02
5.100627033069984190e-02
5.036114405719337161e-02
4.997901605942280806e-02
4.838459030362120966e-02
3.209762206310905891e-02
4.239581856016145199e-03
-3.409137816506586233e-02
-3.158312954339403955e-02
-3.448043749687158821e-02
-8.998382178868656947e-03
-3.570120321364642774e-02
-3.220503502174039325e-03
8.461062107736167306e-03
-5.106819382803068179e-03
-1.380628179187347836e-02
-1.218707589728942539e-02
-2.372397035623791117e-02
-3.107502103842952820e-02
-3.262446334509946921e-02
-3.220680296629763878e-02
-8.791294323613172562e-03
-2.924928782615171270e-03
-1.510362470531750531e-02
1.311297902918219342e-02
7.388406152779758602e-03
-1.439783686686860187e-02
1.763831091379419388e-02
1.102736313037943998e-02
1.131430115162637695e-02
1.602467321842312997e-02
-3.412102634744809855e-03
-2.836055903314419662e-04
-6.646008643718904693e-03
-1.305705125971312261e-02
-1.228781465868160165e-02
1.674599852195342482e-04
5.471713638780950455e-03
1.211740111967432934e-02
1.464508990273053618e-02
1.544701488986889235e-02
1.392930470957447729e-02
8.006202192708424328e-03
4.177145530842360684e-03
-1.797264554587919838e-02
7.254812124532819193e-03
2.287246257915653510e-04
-2.195593616255567607e-02
-1.955811385361450397e-02
-2.803264042882446308e-02
-2.917162425233637071e-02
-3.828357125859595256e-02
-2.769247013395150642e-02
-2.587912699106491386e-03
-2.434780405075090328e-03
-3.622948404862328959e-03
-1.914553631541473719e-02
7.537600639459716284e-03
2.175169725907852725e-03
-6.766379851119621279e-03
-2.666277874284090146e-02
-1.222050781148108223e-02
-1.442017017864525425e-04
-2.835709130077082411e-03
-2.897188988983976851e-02
-2.533910254305946422e-02
-1.517605260220222796e-02
-2.232286851162828406e-02
-2.214109943994558086e-02
1.672679401766481375e-02
2.911545690159552530e-02
2.230989890340205617e-02
-2.979227812507327655e-02
-2.152299421625497935e-02
-1.423669161197419972e-02
-1.401354644158468894e-02
2.469756998862962863e-03
6.834820785185072474e-03
-2.118690712978116546e-03
1.677056923365864705e-02
1.678653856463596661e-02
-3.368370791222592003e-02
-5.586729585150743138e-02
-5.102034573041665938e-02
-2.498191371646727582e-02
-2.250425921013004052e-02
-2.216972527121119016e-02
1.585630128361542948e-02
3.769522161578871960e-02
2.421821743234556928e-02
1.915884421084052902e-03
3.480056172877252912e-03
-3.629640501849896225e-03
1.675614121270515774e-02
1.498433609940953877e-02
6.144148434898724339e-04
3.092189037832257514e-02
3.302241455584054020e-02
1.255280177681101887e-02
-2.144025602730441696e-02
-9.381648330997237675e-03
-2.228729054841924531e-02
-6.227594439001231559e-03
-6.969033761687093952e-03
-2.691551206366586679e-02
1.054087777919422361e-02
3.154180922221805784e-03
-2.965249925972536157e-02
1.473747402726873629e-02
2.295831070323869211e-02
3.109142469083749083e-02
1.240463954365489917e-02
2.147490106396179529e-02
2.340968198726611077e-02
-8.795434462281589288e-03
3.082855718831185778e-03
3.000403272566195753e-03
-1.562124712633670455e-02
-2.084126049824979246e-02
-2.593584437643299545e-02
-1.147214316973526119e-02
-1.137262292720894394e-02
-1.469758426797019429e-02
-1.199937720706422024e-02
-2.465721143084258129e-03
3.000705725484770995e-03
-1.552282327564022228e-02
-2.937132957496446889e-04
-1.499345127424308753e-03
-2.274909267747601480e-02
-2.860964537714072182e-03
5.178856523918791942e-03
-1.516473225236277325e-02
-6.041435612783775493e-03
-6.642858515543034444e-04
-3.856835383927294334e-03
8.171669740493351861e-03
1.116033991918265710e-02
-2.393035090593125403e-03
8.633281891310639472e-03
9.879404361716517466e-03
1.471872005598635425e-03
5.970587906938355435e-03
2.284770745157734765e-03
2.966559358076891265e-02
3.539551686490113869e-02
6.539985393381241539e-03
3.003592827625641698e-02
2.637943127846859373e-02
5.739943927390760495e-04
8.894606694918471071e-03
1.103776595907026738e-02
-9.618385224589522456e-03
-9.518213763122899268e-03
3.324595939828996899e-02
2.170214622883690631e-02
-8.033935327837396848e-03
2.051859691952346437e-02
1.021574656271847029e-02
-7.327195672367332706e-03
1.516890421230836401e-02
2.569278754007401581e-03
-1.309021335485002031e-03
8.222853658870701507e-03
9.092884053450924972e-03
1.224409753447536393e-02
1.570317406065567176e-02
1.015407679068720294e-02
1.394499558554029330e-02
9.531316779687859161e-03
1.974232692970144618e-03
1.001737827927736899e-02
1.263949612525902023e-02
1.532949915074865196e-04
-4.844373274167630347e-03
5.114913251105213457e-03
-6.380367188834877926e-03
-2.555825081089969572e-02
-4.167411053696631548e-03
-8.438518279559728552e-03
-1.650285201604463972e-02
-8.303210673509189496e-03
-2.469455302430213425e-03
-1.136377806967137083e-02
-6.486948383778398143e-03
-1.170607348927624712e-02
-1.660429094427316732e-02
-1.310141658902018273e-02
-2.026233423260720423e-02
2.383991937360810734e-02
2.275900557188230422e-02
1.024507088543889603e-02
2.915324778835680364e-02
2.883387451931841705e-02
2.828087905464984550e-02
2.950256011567261444e-02
3.736295986791542817e-02
3.616755440419384959e-02
-3.864094443006164253e-02
-3.533141007847846043e-02
-4.342805391508934576e-02
-2.629518490833030950e-02
-2.186102663729502446e-02
-2.887304973359682697e-02
-1.516957225519226758e-02
-5.394144590724193541e-03
-9.297363587144906807e-03
-5.845388088393514052e-04
-2.087178820551999908e-02
6.420507416956613977e-03
3.910933247142038723e-03
-7.644308861971666619e-03
1.496333074421451505e-02
-7.952936545912307406e-03
-1.304604955774586739e-02
1.086823864077909527e-02
2.239596188206319227e-02
1.655530113278700158e-02
1.035009860657938770e-02
1.807345505108518685e-02
1.205727992799463487e-02
6.940555361973307393e-03
1.761314420395006589e-02
1.613775920770218336e-02
1.489154448915614055e-02
8.865411103721512406e-03
1.827121786158991679e-02
1.731738891622397122e-02
4.473990564279299240e-03
1.574703729517198947e-02
1.852441518817641783e-02
5.647826598112710289e-03
1.535686168822597043e-02
1.554094587645507911e-02
-1.145923353971528037e-02
4.334571723449559544e-03
1.845132950373979189e-02
-2.442036764684889574e-02
-1.187594915201336913e-02
8.428467991360232003e-03
-1.422672950577227521e-02
-2.060568099753679744e-02
-2.043519121458439031e-02
1.950566593471395743e-02
7.948878715104041454e-03
-2.060808173198563215e-02
4.109517850623340893e-03
3.754575108900230079e-02
2.578546654562861168e-02
-2.422974494670811305e-03
3.217972591682965317e-02
-1.100071628072866667e-02
3.768489685375800684e-03
6.836156568497593969e-03
9.715074018625027494e-03
4.177009731070274279e-04
4.200457635004433907e-03
3.238381940471112691e-03
-9.997385042647423045e-03
-5.878925461075791385e-03
3.474709399174885291e-03
1.730786480147892062e-02
7.575174069229403083e-04
-1.776784022345154548e-02
4.525180172655252075e-02
1.803947017162816496e-02
-1.670190773351746746e-02
3.464650248752539075e-02
2.914193264773072556e-02
-8.943589050980690208e-03
-6.149138172028696149e-03
-1.924420695198880704e-02
2.272378560335516513e-03
-6.995956688502317014e-03
-5.758597325281884609e-03
2.226445878163317311e-03
1.041766740821112747e-03
1.834506795439568884e-03
1.114212739604990288e-02
-1.134880304374609808e-02
-1.485639336965525331e-02
1.043181785593277292e-03
-1.259356485422140695e-02
-8.133939713771678667e-03
-2.449307116733791864e-03
-2.419437887614027741e-02
-1.237490362200632799e-02
-1.150003287063620407e-03
-1.575275891603578624e-03
6.101476650456031693e-03
2.182645081068459655e-03
2.761520622057814494e-03
-5.047924934432989176e-04
-1.144644423899849250e-03
1.032160203751133522e-02
-1.209227907741207506e-03
-2.390526394413654970e-02
1.741345874932560692e-03
-1.999851077305020777e-02
-6.129619506683325197e-02
2.499832893554129742e-02
-1.452023208144334002e-03
1.816567426028425219e-02
-3.396727734280041711e-03
4.582514242360024442e-02
-1.757859420018078114e-02
-7.959532019896830776e-03
-1.064750447950542529e-02
-1.238996941825070558e-02
-8.655008346338333505e-03
-1.177442768292349951e-02
-7.829555087529291302e-03
-7.980592526795759686e-03
-6.138287546596276137e-03
-9.768484878982776343e-03
2.072734926934152733e-02
1.803578794924750456e-02
1.158724713171849913e-02
1.930461812744603892e-02
1.422250081484241653e-02
7.864290828276089551e-03
7.348937734199767653e-03
9.852283483252207222e-03
7.040672651415610245e-03
2.940221866887584527e-03
2.052759866257488144e-02
2.051486234610392159e-02
-1.369796226228700217e-02
3.987585753815251627e-03
-6.158992328230981743e-03
-3.549201229312709104e-03
-2.455235871137503162e-02
-2.114973967707194785e-02
-5.108525391540829318e-04
-1.576057591933818433e-02
-1.714939988446902847e-02
4.560493624385857786e-03
-8.490840497434530565e-03
-8.077920201476298037e-03
-8.706743442893591020e-03
1.798231222886469225e-03
2.329675449716061761e-02
-4.056936833177814811e-02
-1.948590372454207797e-02
-2.299852810191765906e-02
-3.541644579632046569e-02
-1.217329016223813419e-02
-1.018197082744128242e-02
-2.969700656926894944e-02
-2.187793505424150825e-02
-1.911774634650120069e-02
-1.500679554608469121e-02
2.736134865008616694e-03
4.805498440921675968e-03
-2.039482196957613860e-02
-1.808485318792598523e-02
-1.656485466376762458e-02
-1.028050453317941315e-02
-1.719287619873427139e-02
-2.123543712708923087e-02
-3.707486730703973853e-04
2.894660348492616563e-03
-6.223562036168424350e-03
-6.735229436482462716e-03
1.770536357592855138e-03
2.658289771574998649e-03
-8.010589831626986276e-03
9.999817202235162898e-04
9.599249726430685373e-03
-1.018468471705338656e-02
-2.294047746596415693e-02
-2.592182241578509447e-02
-8.217912800643746574e-03
-1.491268913084611847e-03
3.985138795179538583e-03
-8.377485636504304611e-03
1.214265357507536384e-02
2.760235114631481509e-02
-6.075672281811122892e-04
1.144198514907724708e-02
2.181328649436207676e-03
-5.393634238904980449e-03
-2.047475195978255315e-03
-8.850402732148269364e-03
-8.227974328710054713e-03
-8.127314258068476377e-03
-7.837146346586568169e-03
-9.544493865728406745e-03
9.880878774948557638e-03
1.807587019713247090e-02
-2.499954944411066256e-03
6.053604115318847977e-03
1.011097822586279338e-02
8.053789085296580996e-03
9.383995031951751151e-03
6.742959580182546729e-03
1.697671921211030277e-02
6.667383960970322231e-03
3.866966031722584955e-03
1.828218286279565882e-02
1.516743403793910372e-02
1.595880576369793427e-02
8.042506561613357863e-03
1.555617160129635704e-02
9.310652507846069875e-03
2.025643038338453134e-02
4.555820599354008793e-02
1.130726923052996838e-02
-1.289955918275362615e-03
-1.288135169267628014e-02
-3.709005153758179740e-02
-1.925068936885843476e-02
-5.009375488600577297e-02
-4.667234181939797222e-02
9.355218208637593527e-03
1.341216314262971485e-02
8.567216972349698048e-03
-8.518720021993679906e-03
1.466742422955034063e-02
1.383821267278517557e-02
-1.286588680141940999e-03
4.541906787346373063e-03
1.252646629049224657e-02
-2.481582018630811362e-02
-1.562101359909974854e-02
-5.052158308903644153e-03
-1.789101827161191857e-02
-6.431461173313703095e-03
5.179114432336339542e-04
-9.679461858560578849e-03
-1.919032541908730115e-03
-7.632683118203296459e-04
1.429707871748812920e-02
4.375067845417782847e-02
3.694458287211090097e-02
1.687347394563494529e-02
3.592636724056490205e-02
2.557163949262914945e-02
1.144785668211689526e-02
1.283486904153764360e-03
2.127112978903692060e-03
1.853785656957294492e-03
-4.198613168419668314e-03
-2.553351277890101093e-02
-4.151880929313059992e-02
-3.357217893714511958e-02
-3.622020591209990092e-02
-1.966171006949416974e-02
3.442257965174294002e-03
1.979495370591313232e-03
-2.020507741990535192e-02
-2.273240996496874930e-02
-1.868765429531590860e-02
-2.387211756037276381e-02
-1.730690879332545673e-02
-1.462348049049969415e-02
-2.123125959338078433e-02
-1.479630342349488176e-02
-2.097754931195154604e-02
3.535432118073041780e-02
3.790525174221391624e-02
2.151330470747745208e-02
5.003226826851663901e-03
-2.125005155919002658e-03
-4.840108180059465685e-03
-2.144035234387342732e-03
-9.316042077913084044e-03
-9.005880927038157138e-03
1.817473189561861357e-05
1.394742586489470387e-02
-7.268011763868132379e-03
8.611943901230875026e-03
2.060137338670647855e-02
-1.304660818951138479e-03
-1.456849176665948181e-02
5.593348601966608227e-03
-1.510116910183554977e-02
1.948670778408899060e-02
1.848831001096540999e-02
-4.191557383504401356e-04
-1.014823243360634362e-02
-2.089066401082510099e-02
-1.130077898708695648e-02
-1.011201731508117735e-02
-2.076180317737475259e-02
1.142862540323299472e-03
-4.057632496248718586e-03
1.149102660283925215e-02
-1.108299522016474581e-02
-1.270371391133343552e-03
3.372813603492527332e-03
-8.208807885321281819e-03
-1.594908235198016014e-02
-1.048747737230776127e-02
4.517826616698491387e-04
4.005272574415998099e-03
-5.142811145188004585e-03
-8.399401481636077291e-03
-5.637132069203337065e-03
-1.240923931643176346e-02
-1.657453449930621631e-02
-2.031757943553767765e-02
-9.995295445866220208e-03
-2.538140755979898314e-02
-2.485098435779572838e-03
-9.451598371580108987e-03
-1.871530424329880676e-02
-6.001427798428082480e-03
-1.182179874723482578e-02
-1.274482497038895851e-02
3.915402162941578317e-04
2.418968334555267677e-03
6.662931541127878159e-03
-2.963075842388712688e-02
-2.996731393269917720e-02
-1.941113139985617062e-02
-1.694508178554943179e-02
-1.401654356278390738e-02
-9.562874059204281305e-04
5.745402947199305249e-03
2.012784476609197001e-02
1.514398806936156222e-02
2.273424731417202430e-03
6.175027104600558717e-03
1.984571559370968546e-02
-5.325610422358878493e-03
-1.089606752833011463e-02
-4.724064043478337291e-03
-8.397424391721624443e-03
-1.477170217062738315e-02
-1.700080009067099843e-02
-1.243426645633114239e-02
1.523806949063820880e-02
1.616853735557118379e-02
2.337291242113227491e-03
2.473860600599335144e-02
2.472784903870159021e-02
-7.143929473117132311e-04
-3.754122749998626933e-03
5.281038139018224935e-04
1.264099569069819171e-02
4.191442009139847058e-04
-3.008812003743803042e-03
2.398625567284813978e-02
1.058225727695859784e-02
1.515154961090168714e-03
2.877519475399237942e-02
1.479140693432181609e-02
3.215189209737309359e-03
-3.537465465661360220e-03
8.472278632970059800e-03
9.289790169835989916e-03
3.684405115890575320e-03
2.231280528645581546e-02
2.206316748687376511e-02
-6.497429365109568325e-03
6.591851415652700760e-03
8.376886134663657016e-03
2.032320596437194038e-02
2.179871311702931760e-02
-1.929455258121435743e-02
2.865808566781406774e-02
1.611383240781106771e-02
-1.073510034822264952e-02
1.912121537901158297e-02
1.447595584503463080e-03
-1.175369232247184745e-02
-1.384128660331721689e-02
-8.553864885714730290e-03
-4.711078216874438167e-03
-1.058735792948329972e-02
-6.964307077233006758e-03
-4.137371333486374730e-03
-1.211831036812369838e-02
-1.528437740133587429e-02
-1.096095743813250631e-02
-2.574145378089555403e-02
-1.103850664125637614e-02
-5.948322139480895394e-03
-1.478332940304871723e-02
-8.168504622275951079e-04
4.228918812505734481e-03
-5.181411494425056802e-03
-1.869666981424173997e-03
1.675862450814366708e-03
-2.281662424160155536e-02
9.988094668698562981e-03
-3.194517430311104040e-03
1.950071471323405704e-03
1.135840956568527280e-02
-7.348447988909951462e-04
-1.700320578132026366e-03
3.042171023033676727e-03
3.603324188926308388e-03
7.238596505337116689e-03
3.346464414494319025e-03
9.746496484613070702e-04
3.423181268265150946e-03
-3.019841408964389802e-03
-4.555166746022071625e-03
3.942867812461696084e-03
-1.665897629078109000e-03
-3.794219664267301905e-03
-5.380098334984332632e-03
-5.367359451218139173e-04
2.677065628909264372e-05
8.026200502588568680e-03
1.335821738374168982e-02
8.354658827818993092e-03
9.077292671103055766e-03
1.466657087437330496e-02
5.989920649244506387e-03
-8.091461562082841522e-03
-9.561633213203085332e-03
-3.846657346648527879e-03
-8.179521933671263928e-03
1.294339362019210869e-04
7.285885159892541672e-03
1.896998045964894217e-03
6.982943661981541768e-03
1.393306239414615795e-02
-2.473978106820586605e-03
7.584467650942316660e-03
-3.019127382982960371e-03
7.291288811769399032e-03
-3.418714560986951009e-04
-2.157083930003984591e-03
5.332970985909262461e-03
-1.055035899564583934e-02
-1.206717636742108725e-02
-1.473724866015013561e-02
-3.410459544656442143e-04
-1.820983124350217166e-03
-1.960420026867033122e-02
-4.038108647661950434e-03
1.709910491284764205e-03
-1.752556424375219593e-02
-1.314131642516814212e-02
-1.207805263866488198e-02
-5.072605799878351918e-03
-2.563836536053249425e-03
1.023924370614975703e-02
-5.649569517726916144e-03
-2.750521235607670547e-04
5.192331891788098779e-03
4.143464823694112940e-04
4.896176337296856591e-03
-6.608120552388649024e-04
4.756942741788714769e-03
6.967878678010797078e-03
7.778622575624951144e-03
3.778446374367622380e-04
5.458123446475773508e-03
7.500659076088358503e-03
-5.197555770586545498e-03
-1.710419249096664001e-03
-4.176440272606688213e-04
-7.844496334456458470e-03
-1.752184375817946588e-02
-1.790494754262405772e-02
-8.689490272109115857e-03
-1.218072104374474593e-02
-1.629371661866938631e-02
-5.128349345741463165e-03
-7.652262203401596734e-03
-1.395215004589143125e-02
-4.769168875181289263e-02
-3.999225600313156131e-02
2.085062642416511680e-02
-1.520049273445323382e-02
-2.509186813540820529e-02
-4.904626681603015820e-03
3.240669515934500866e-02
2.292967438644187214e-02
1.524641687102271277e-02
6.731984725914656742e-02
1.248726456705055721e-01
7.773575749232279619e-02
1.238447396887087590e-02
-7.481254786947769434e-04
-7.777972285591916619e-03
-3.270583459980115626e-02
-3.774910853111643205e-02
-6.345485996310797072e-02
2.135796227418354856e-02
-2.140670389192846079e-02
-2.625124488684337301e-02
5.092808178921807288e-02
3.289216311153738553e-02
8.106066138132042576e-03
3.475888554352458970e-02
4.928161428840611979e-02
3.099835166212683638e-02
6.986525319339034756e-02
7.325366364167258670e-02
5.730686909766020791e-03
2.012325590410713946e-02
1.572713524858440279e-02
-2.374509351993426068e-02
-6.687786692104494279e-02
-2.461445491579003497e-02
-3.734653942496007906e-02
5.080508921194300948e-02
4.986988835012576282e-02
2.781826791872659722e-03
-1.957389671121002872e-02
3.035119497383782783e-03
-1.984823753982731427e-03
-2.278957403368779902e-02
-1.506838289729436550e-02
-1.276982237693779360e-02
-5.256948638617809895e-04
1.607748074968985350e-02
2.599123902521071477e-02
-2.683668967876342085e-02
-1.527922150980436447e-02
7.971201795868937401e-03
-4.340749798046723146e-02
-3.598692513640874835e-02
-1.556484808469791800e-02
-1.158862767421579010e-01
-7.574209019169574064e-02
-1.199871823281636191e-02
-4.267095404944717257e-02
-3.973399206583276555e-02
1.697647719556165391e-02
1.151320839998550422e-01
1.017801889979622898e-01
7.721432803188815752e-02
-5.057541268824430891e-02
-8.694413103185338887e-02
-7.182242229314868276e-02
-1.754630919568297628e-02
-3.869242368908261398e-02
-2.099716522707498114e-03
6.786016643867083531e-02
1.120708295880379068e-01
2.547417445798665081e-02
-3.938856676418144021e-02
-3.575782873710974669e-02
-4.161590941391473536e-02
-3.811663502126150238e-02
-1.475231685389899808e-02
-2.690221736663842358e-02
-1.299494787125490651e-02
-1.066617031512089985e-03
-2.694031013403893129e-02
1.209565826091373898e-02
4.650127968817118623e-02
3.221367815452991223e-02
3.001477835263721694e-02
4.365133946678102089e-02
-8.801043690573291190e-04
-2.887866396917604037e-03
1.781341460110552263e-02
-2.564924173137579297e-02
5.305197615963405666e-02
8.203734579112036129e-02
6.182715498833545736e-02
-1.557403917859623982e-02
5.104566711072480896e-03
-6.379046968400717450e-03
-9.919412471942735607e-03
-3.564480685406266197e-02
-8.731958009789121677e-02
-7.020435606976581366e-02
-8.637213147602046392e-02
-4.585801169472186745e-02
-6.028092802016013496e-02
-6.242934583110882479e-02
-1.511276179341737406e-02
1.995575010243898217e-02
6.391929763024389866e-02
5.889615866900242691e-02
4.103300848299872017e-02
1.336880392189571942e-01
6.998527069419849256e-02
-2.470119126921871064e-02
-1.616340989259017896e-02
-5.901318247972658221e-02
-1.225277859491949034e-01
-1.546574980769749030e-01
-1.713079028588137820e-01
3.459026788846149975e-02
1.751945284847341818e-04
1.819085067076907369e-02
1.107750302243611876e-03
-1.803608713091546176e-02
-3.051283097135267398e-03
4.626370478628194678e-03
2.835787357626192925e-02
3.965180984405519346e-03
-2.510694950843864529e-02
-2.380833328404039634e-02
-3.836789837716800960e-02
2.040906179017878096e-03
6.963431714826769786e-03
-8.374561050071300389e-03
2.285592723548129923e-02
4.266040012854999119e-02
2.842092099965800797e-02
-4.698279845126829279e-02
-3.589405094274048663e-02
-9.405329495951556332e-03
-2.462438528051428058e-02
4.327326277846219385e-04
-1.339898745316236853e-03
3.582341071470129812e-02
5.173684035005723936e-02
3.171763766782324800e-02
