9.330434455037113495e-02
1.524593199791332045e-02
-5.936877168036418934e-02
2.458588756285667865e-02
1.918731935671790303e-02
-1.187088003419183163e-01
-3.441853373268115301e-02
1.849821289744414121e-01
5.350635357148587901e-02
5.273102046771604989e-02
4.508233601532549845e-02
6.345201694395298520e-02
-1.168513940017791852e-01
-1.142848549134361791e-01
-4.684741472363283116e-02
-1.016528565091622954e-01
-9.453712628374782989e-02
-1.224969116998535223e-01
1.549563109473630848e-04
1.620254124565615860e-03
-1.205162675862730785e-02
4.681419394914425303e-04
-9.038166650688532824e-03
-7.097395064086843737e-03
2.036875583672307158e-03
-2.502764535509937813e-03
-7.721745554537472710e-03
-4.415443360738104811e-02
-4.354905502886353974e-02
-5.299182410918966413e-02
2.734143183803387084e-02
-1.309989312051887921e-02
-4.939963054125302150e-02
6.558421252551288605e-02
-4.048251114544546697e-03
-3.336620567374534718e-02
-5.521932847314352244e-02
-7.343072381375147228e-02
-7.349810360509809182e-02
-3.920260745532696406e-02
-3.824234653933889644e-02
-5.177405184179055542e-02
1.723112019536034156e-02
2.310251793493680109e-02
-1.115941132780071815e-02
8.470013139671982161e-02
-6.690229472068673008e-03
-9.686554838287259050e-02
1.946484252545435945e-01
1.616554217638148383e-01
-2.132292179521068018e-02
6.721389851842261148e-03
9.935560383456404354e-02
5.620677912237366514e-02
4.652190371380843931e-02
1.027463140745391995e-01
8.285929504392861022e-02
-3.823111898604857062e-02
-1.784366824802510049e-02
-1.193446464721358014e-02
-1.431266231298992386e-01
-1.426006960729578055e-01
-1.399823679353667250e-01
7.834797127241204667e-03
4.995971782101955340e-03
-2.862928405701774520e-03
-4.472025526049833166e-03
-1.618600984925403375e-03
-3.313107104105633433e-03
-4.859894439206724828e-03
6.166982315118849090e-03
-2.451820507377901366e-03
2.492302891896806469e-02
7.311490395518818741e-02
9.590965547956094295e-02
3.056889755345566090e-02
6.931958935602816618e-02
6.519836336598118509e-02
-1.582470211930968535e-03
-8.565239192725911934e-04
-5.698017664901879054e-02
5.844087409628794839e-03
4.023130458980261892e-02
-5.599631495774697217e-03
-4.524704940775293657e-03
5.654605383420691772e-02
4.689529523365278812e-02
-6.270827294124511897e-02
-1.168460877467332806e-02
2.542411305455816867e-02
-1.041050819802775557e-01
-1.033047781226485023e-01
-5.143301641805570618e-02
-1.041134320961725340e-01
-1.114410398796032015e-01
-8.772066884292278877e-02
-8.541350914896039814e-02
-1.257387079218004466e-01
-1.648105089544433521e-01
4.627962493228033290e-03
4.174390565319019940e-03
-1.919751339624133210e-03
5.864558218015688586e-03
-4.954790419077457347e-03
-6.271488164071139029e-03
6.266672737616974485e-03
1.247068945684523533e-02
-1.045602983648639961e-02
-6.237853742882394636e-02
-2.476209985116201162e-02
-1.521169700513074104e-02
-1.757336158615108168e-02
-1.295107075598689664e-02
7.283354822314811426e-03
-3.188454248920954970e-02
1.497252961860683464e-03
-6.303103796408325576e-02
3.366699074102284805e-02
3.106044731350190991e-02
-2.194722440876919339e-02
2.598066202698272667e-02
-8.697660646491215883e-03
-4.779496715878593649e-02
2.453404183315695589e-04
-3.421260521015166006e-02
-5.430600620690476110e-02
-1.246904451778100241e-02
-1.409881070749994213e-02
-4.274176862198088289e-03
-6.303526367264709364e-03
-2.332446169996850102e-03
3.132838304414404910e-03
2.039063328508395646e-03
-2.283650210384763129e-04
-6.684454698821547768e-03
3.210599542564950698e-02
2.306599281071508925e-02
-1.409071444767023285e-01
7.156942581792297142e-02
2.266996408326464041e-01
9.075503873125678744e-02
-1.045442107643384244e-01
7.661155357715497549e-02
1.531779798670785675e-01
-1.194807615462748288e-02
-1.816282269531380861e-02
6.582781009761079320e-03
-5.153192074148259250e-02
-2.563150315945497779e-03
1.447675262895178720e-02
-8.734296107069420070e-03
4.001613705837039209e-02
9.398282200003585732e-03
-3.472854392800580302e-03
-1.542514828148949455e-02
-4.212709403430004058e-03
2.187795667268439045e-03
-4.054289358862792764e-03
1.278345411329724450e-02
1.364731538838233164e-02
2.803992965520119354e-02
-4.012199668988157553e-03
7.143023540712883403e-04
2.148202436483710818e-03
1.575762780176945049e-03
1.455884743484192785e-03
2.105284825555395981e-03
1.947137377230129121e-03
3.092483143153319531e-03
2.649903551120273877e-03
1.120534698102432919e-03
1.433213134999673094e-02
1.043651497766859629e-02
-8.383518823460958669e-03
2.613183262546884059e-02
2.619446994375887461e-02
-5.638420953536044285e-03
-1.189887479136694792e-02
-5.206511068954150154e-03
-4.603009113604508533e-03
1.187809375318235952e-02
7.069435251316774464e-03
2.813157326451492732e-03
7.935594733679445997e-03
1.485782825849874499e-02
1.443390631054711735e-02
-1.485889422821869968e-03
3.687009076793295453e-03
1.661057057802807100e-03
1.154187992074786825e-02
1.827077959661299253e-02
-1.062114674399367801e-03
1.586709747182374949e-03
-2.085870919172658211e-02
-1.297347408066439403e-02
-2.192291246850097339e-02
-2.386243411955389984e-02
-1.337847347909572326e-02
-1.588294394427082132e-02
5.308331197713009493e-03
-4.150094058863008223e-03
-2.182994897088992668e-03
8.792682242408507778e-03
1.704456918706122868e-04
-8.370479372056102620e-04
-1.924667658429858076e-03
-1.172760500187046591e-02
9.722952503267338160e-04
2.649062689985247961e-03
2.686706119078827171e-03
2.931494858667601632e-03
3.694678394439471821e-03
2.290960099572435238e-03
1.591641969056100748e-03
3.519928211365813166e-03
8.619471929015048344e-04
-1.030340622051954119e-02
-3.247122486595131752e-02
-2.132307988074665789e-02
-2.176828582098802936e-02
-7.091936099558018847e-02
-3.243075415115982685e-02
9.329537407470611665e-03
-3.993733440449671185e-02
-1.462663002245819313e-02
1.567209874712052406e-02
1.874889118710787971e-03
5.937685238220088459e-03
-8.491786775017407104e-04
-4.877319794251003260e-03
7.235828583365558689e-03
-1.350712303538237737e-03
2.517113779184027272e-03
1.237465350493234355e-02
-4.393507487541910977e-03
-3.951098313938669442e-03
-2.768334837888023620e-02
1.038672007973348403e-02
2.332256538045299546e-02
-1.535012901441847565e-02
-1.386197620046241905e-02
-9.571194647373602524e-03
-2.544515866349510505e-02
-1.246989836329997657e-03
-1.970034362867302893e-03
3.901847631877534191e-03
-5.037963579589938012e-03
-1.479136751239961724e-02
-1.056703498609097352e-03
-5.922768010105160762e-03
-1.304640364667423828e-02
-1.021070567512754809e-02
-8.301264586002536248e-04
-4.630270935171248298e-03
-6.270582747542774449e-03
-3.595066868998686004e-03
-2.246545711876328164e-02
2.063619228535447121e-03
1.346153659371452293e-03
-2.815466032285640283e-02
-7.776096023463413207e-03
-1.063298691842546641e-02
5.947538743936514431e-03
-4.552430974519233535e-04
1.002027894973166492e-03
1.829250428412594262e-02
6.638462668098805801e-03
-1.007143743925769525e-02
-1.869441149142048219e-03
-5.039708049046894532e-03
3.140108746319353827e-04
1.081396567537126329e-03
2.368998800341729719e-03
2.764511654231412087e-04
2.682290621510028707e-03
4.188245080958829213e-03
9.826587905701841558e-04
1.533903960885724593e-03
1.945326620375332745e-03
2.423270722270154387e-02
2.326946221643785839e-02
1.046894135660734505e-02
8.084715742808292220e-04
4.244023423677936030e-03
6.668290532211748958e-03
-3.039230069516551773e-04
-9.215554090551266939e-03
1.476527005400155891e-02
5.148555372495619564e-02
5.842159998057101788e-02
6.083385423103890993e-02
9.462361855305740158e-03
8.822136246149862165e-03
1.187853051687347630e-02
-2.774012434847241294e-03
-3.603507769750762674e-02
5.022251877437358160e-03
-3.468947069886838680e-02
-2.575295456258337376e-02
-3.570972255356276437e-02
-1.955534453081256979e-02
-2.934140118614369640e-03
-9.946938893723498640e-03
-3.055830609399977360e-02
-2.082854619733107496e-02
-1.358074955872437886e-02
1.597387863595268673e-03
4.913509178652766124e-03
5.274927085026894814e-03
3.334276412706242178e-03
5.119361762730418978e-03
6.702144727844594647e-03
6.877273433927643537e-03
8.640741360490493753e-03
5.317621395193036088e-03
-2.340334707691005267e-02
-2.169498499380276627e-02
-5.786922922683115575e-03
-1.223683990331201482e-02
-1.148820863593737196e-02
-1.263088252709831071e-02
9.111112977324217635e-04
1.053492263706207535e-02
-1.122183327855545351e-03
7.662629982579647649e-04
-1.006794975348134294e-02
-7.540405083047812575e-03
1.367580540434268528e-02
-4.869728591945992474e-03
-1.100685574029082285e-02
1.702744258581697853e-02
-3.459443335290377690e-04
-2.825860026795084731e-03
2.919322069435814626e-02
1.750249750560741238e-02
1.512643551514468443e-02
1.723545731692069025e-02
2.894732850042014069e-02
2.734980998302062247e-02
2.576190666063110299e-02
2.845743049910724048e-02
4.013839222996092027e-02
5.566856534365847292e-02
4.501160222548736961e-02
5.939860137925993822e-02
1.149861411302881622e-02
-5.895799165842847446e-03
2.534639403249889372e-02
-2.457054052470633576e-02
-2.968640007174588522e-02
1.860546593690293789e-03
2.226186063227091321e-03
3.030700332946902140e-03
3.472795575970384976e-03
3.447164537016248267e-03
7.701225463223128386e-04
-5.954365600768455474e-04
-1.396327267939804833e-03
-1.572902242262182041e-03
-3.021825933444710535e-03
-4.470416457426405754e-02
-4.798256336108698908e-03
9.896142313351421332e-03
-4.032452187073884420e-02
3.997643932411072687e-02
2.091937949699260862e-02
1.175718897580576433e-02
6.285919631799306850e-02
5.417366556155503443e-02
3.998162500828818938e-03
2.120270284961942031e-02
1.691382349394019574e-02
-1.909148941699427690e-03
1.141429905072524793e-02
1.244272833046871155e-02
-1.528098451271607712e-02
-6.719760155908092829e-03
6.294751713343662257e-03
-4.922934174098170246e-02
-2.334678265138317305e-02
3.696932061535663366e-02
-7.331019643227849880e-02
-6.130964162149298013e-02
-5.733744800954398112e-03
-4.540704157312792921e-02
-4.129860957397018389e-02
-1.953894227535179356e-02
9.287475957177489944e-03
1.224966074143952165e-02
-1.430384610096695859e-03
9.784309594284938683e-03
2.155794418411483351e-02
9.293606279921958271e-03
-3.494851094355869679e-04
1.515167887073099427e-02
5.735952329943435311e-03
-1.052182950715668808e-02
2.451866460516376363e-03
3.441701762713220841e-02
-6.181429772154417232e-04
2.928004072539537941e-02
3.038830005764878162e-02
4.772875967462181755e-03
1.765734943500812601e-02
2.403294521313010385e-02
2.141788735275980664e-03
-1.018385239636158436e-02
6.370738462797662961e-03
1.813920066507618755e-03
-1.029053758678635279e-02
1.007296258151956295e-02
1.295467618464815097e-02
1.880259477803320964e-02
2.370688419177379228e-02
3.602932719577816266e-03
1.692113085715125399e-03
8.018490477359795435e-04
1.631415895363330561e-03
4.710162719537133377e-03
5.073001630561007648e-03
3.570439349706912638e-03
3.453547726902213722e-03
4.027695752673646906e-03
7.746349009165603853e-04
-1.279189426306657530e-02
1.961413932083852160e-02
-3.310606683912694498e-02
-3.018277642053846313e-02
7.491016210699387272e-03
-3.806405727887032103e-02
-3.111649730128464991e-02
-1.304223446749080452e-02
5.310360516142916681e-02
5.026757044912244510e-02
9.217613737072136160e-02
-4.685965292620187898e-03
-2.050157891883462313e-01
-1.762778673990714196e-01
-4.087765490059847018e-02
7.897661590432103473e-02
1.074359505885147913e-02
5.779358547225645765e-02
1.473920755964839291e-01
4.492681718695469562e-02
6.090039399692739885e-02
1.827210203905547947e-02
6.479847580357453452e-02
4.350386801851169327e-02
-6.242492986451620568e-02
-1.235060567446947567e-02
-2.315110190837662511e-03
-5.212545990960882648e-03
1.963411089852212885e-04
3.816700502783512000e-03
-6.488553352960022523e-03
-4.366105781232783659e-03
4.750345514617650795e-04
-1.113741756303196322e-02
-4.810696427614773174e-03
4.880955921644899304e-02
8.850844002206392780e-02
1.185161732212968409e-02
6.224473685567605968e-02
1.190529661800267536e-01
1.859497174725080427e-03
-1.073881161278324517e-02
4.689763467888309612e-02
6.144809857174033524e-02
-6.118089348801955367e-03
3.581543713786954769e-02
2.406557969151199364e-02
5.868652484667421024e-03
7.325412975208135669e-02
7.036485885773348381e-02
-6.230042529813932528e-02
-9.364179219294202841e-03
1.613008580627789401e-02
-1.303833620497613366e-01
-3.813313584787313831e-02
-1.441797732301006683e-02
1.733905118679832380e-01
1.052406425983890420e-01
-8.171305271954019955e-02
1.326382606628358773e-01
1.326612450219521455e-01
-1.624545121189908681e-01
-2.957183026347871835e-02
-2.475847475590643026e-02
-2.104011952248696082e-01
1.253851868890397403e-01
1.260927300164979004e-01
-1.101778179051624562e-01
1.187334081646799072e-01
6.094540999561103706e-02
-1.971561704834330908e-01
-4.099719440874310082e-03
-8.437757707231196072e-04
-4.069234896351277622e-03
-8.437000493673092044e-03
-5.305601384271500754e-04
1.692519676168685681e-03
-2.469463162955463659e-03
-7.397463780473358640e-03
-3.602538476912002692e-03
2.111941357660563484e-02
1.655237279181296928e-01
4.533896068654300060e-02
9.324325769665946229e-02
-6.713721969144596791e-02
8.285182648729835786e-03
2.204401896702862240e-01
6.929097521541467686e-02
8.000192474347472826e-02
3.169890467799835188e-02
-6.852448256587079234e-02
-1.164152330949018987e-01
8.108115750909392072e-02
-3.954999257328442597e-02
-1.224124537925469353e-01
5.743560705626944707e-02
-3.140528345995303224e-03
-5.266762680204401664e-02
-2.595677463956060776e-02
1.522861760706545053e-01
-7.252806813839223106e-03
-8.364856798251855616e-03
1.763334228577643215e-01
-1.133485281087407912e-02
-3.876075969900869000e-01
-2.721757292562000941e-01
-1.540053981932205107e-01
6.725548295236161503e-03
3.052779600571835575e-03
4.378661830953803000e-03
-3.336386743742435212e-02
-9.157133809969437988e-02
-2.460274976839664854e-02
9.525710833971044733e-03
-1.380196573379244805e-02
-1.789400933159315810e-02
7.046311798537165105e-02
9.938508335832992036e-02
-8.112850568583988842e-02
-1.253369157652308146e-03
-1.210742450583102564e-01
-4.458076761365236534e-02
1.055100240508292375e-01
-3.957812757246170071e-02
1.267602192262560698e-02
-2.218691102069849513e-02
2.741795267231782185e-02
5.714961156427979944e-02
-6.451139957034664890e-03
6.983830267207284670e-02
7.316416722384783133e-02
9.856989284601253183e-04
-3.102694959535490238e-02
-2.682650040672066374e-02
-8.901819460151394470e-03
-9.945281576375669674e-03
1.997786005108043855e-03
-4.162828675448621875e-03
-1.230856791679221796e-02
-3.721714066037297257e-03
-6.767241684493153359e-03
-1.253681173304559832e-02
-1.036362668477733631e-02
-2.126278595971472507e-01
-8.508445528091830579e-02
-1.622636506360358999e-01
1.795218873871021470e-01
2.070266526586450606e-01
-3.818953486033326294e-01
-1.011397148907952209e-01
-3.583006237536074529e-02
-3.538273672918219037e-01
1.864185562566766149e-03
-1.722706247625913328e-03
-5.750455346166805093e-03
7.791798966746969106e-04
-4.946556118466270170e-03
-5.116504449496852083e-03
2.109455924219722119e-03
-3.653824256651854244e-04
1.781482233823570346e-03
5.819411411639288656e-03
-1.406335253182837419e-03
-2.918650415374882991e-03
6.625453193249301875e-03
-7.224786269130926497e-04
-1.900662765788688115e-03
7.395053150095021871e-03
6.281124732203410659e-03
4.411678565565304265e-03
-5.166286685269144783e-04
-2.798153402104397049e-05
3.109827546760275739e-04
-5.876076627013383856e-05
-2.597771831511428757e-05
-7.296970834584204759e-04
3.088069939134344220e-04
1.296509015518171760e-03
6.813548659634539482e-04
-9.660852950238937604e-04
4.005996812065090902e-03
5.146970766478971282e-03
3.791821957443520857e-04
6.152170829411311541e-03
7.892676468040081897e-03
2.894441627131877446e-03
5.120446415039797521e-03
5.782192698955876918e-03
-2.577280945246396716e-03
-2.268779356587504598e-03
-2.089202763932161960e-03
-8.059806602909422345e-04
1.701421215657556156e-04
2.702796953609304300e-03
7.990560319032500355e-04
3.637975426709157915e-03
5.104924907737588488e-03
7.406689642542173269e-03
3.943433605122890692e-03
9.857150178569239923e-05
7.913223298288921820e-03
4.036291989353810693e-03
-2.699246452138153070e-03
3.725455853936120512e-03
-1.524835540820405812e-03
6.043598369769389873e-04
3.317235480378845185e-03
-1.303588302415345426e-03
1.715187750120634623e-03
3.203940284273413142e-03
-2.845412837455151521e-03
-2.205548561026173752e-03
3.467008742595409365e-03
-9.519294537120462111e-06
-2.338643037694483878e-03
-1.175685254866672786e-03
-1.048262692793337347e-03
-1.631404659345463571e-03
-6.294730769273350216e-04
-7.176270610904664313e-04
-1.379525285415014041e-03
4.848806734375807987e-05
-6.439043237121756021e-04
-7.664061162482092675e-04
7.333587538228478198e-03
5.186901971395345510e-04
-6.816024144964374009e-04
2.547097655925295752e-03
-1.275196946354554585e-02
-1.870975350133842821e-02
-1.334803031972637936e-03
-1.064048747545975199e-02
-1.405564549303061662e-02
9.943029946310869872e-04
1.104376277476696580e-03
2.866718866394295587e-03
-2.883915960728277231e-03
-1.640512311146603494e-03
9.899135491251026282e-04
-5.087913766028453674e-03
-1.835161421084998985e-03
-1.562167723434987852e-03
-1.511153857129685259e-03
1.405102759760617354e-03
2.944841691578832955e-03
-2.139563135475437868e-03
2.988167646463877562e-03
5.334564894232954151e-03
2.288324084833308347e-03
4.092306298633510697e-03
3.579634911933027297e-03
-3.205785860479638122e-03
-5.888503669792150355e-03
-5.602955797019703449e-03
-2.350140173534151587e-03
-8.406204847541381281e-03
-9.180414933808651520e-03
-7.529094216227165143e-04
-6.042799765805143865e-03
-5.667222491078147302e-03
6.978164910604184312e-04
-5.555570092214490510e-03
-2.501360788586331433e-03
1.661669347882081165e-03
-1.480202251255623852e-02
-1.310000575952862366e-02
-3.406203528604575485e-03
-1.428694869847907216e-02
-1.336011738415623928e-02
-1.163310992144610805e-05
-6.519736321634405458e-04
-6.086718813207484501e-04
-6.533442310037886188e-04
-1.060387810637376761e-03
-3.658999722321098786e-03
2.840190488138806969e-03
-2.563009620595220819e-03
-6.658586269336233196e-03
-2.853907694102023399e-03
-1.854732467451720773e-03
-1.794349206284783513e-03
-2.672000869133934423e-03
-3.229276293454966598e-03
-2.154419499011279646e-03
-2.355243012694852901e-03
-2.649693169636359053e-03
-1.871134409378297529e-03
-2.721973084347389243e-03
4.003656944156162292e-04
7.192578929351911218e-04
-1.378261152721745389e-03
3.344086291569294770e-03
5.806056762959318530e-03
4.001408111058933344e-04
-1.854340428120452178e-03
3.257639461801550233e-04
-3.480831992158370941e-02
-1.216317601310332869e-02
-6.273153933542755314e-03
-3.751348108036293288e-02
2.115510462090802735e-02
4.278797346504201182e-02
-1.599357210437175533e-02
2.188329142842449296e-02
3.170839826091539221e-02
-1.902665200829771128e-02
-2.934917812423411265e-02
-1.295874657754827151e-02
-4.522992786449208692e-03
1.885143117906981853e-03
-1.099758765606248913e-03
1.475407748986904202e-02
2.576073239591674183e-02
1.394567712124577738e-02
-9.361921736000772959e-03
-9.986519914087466435e-03
-1.234244180390231711e-02
-7.126093275367749447e-03
-1.245617736741957277e-02
-1.422121299743683148e-02
-2.937235279430851134e-03
-5.173967690317415880e-03
-8.376535800342227445e-03
5.314408016133844760e-03
1.105920610953217090e-03
-2.303689227054099217e-02
1.984601508603263398e-02
1.463481093469130682e-02
3.368701032832646230e-05
2.801140574219367942e-03
-1.020050269746836970e-02
-7.706893028857419309e-03
6.650679569445000321e-03
7.115821786061147201e-03
2.327820690858658451e-03
2.294554088308377662e-02
1.786311757915219622e-02
7.374486596162758457e-03
2.522037547542806471e-02
3.412435453312124417e-02
1.728978065643919579e-02
-1.855509581450739747e-03
-4.830604714611048782e-03
2.554264237335518851e-04
-8.697957942575383281e-03
1.184279285871275107e-03
1.220248613354242388e-02
-5.362413262425804947e-03
1.842153130675183367e-03
5.668232397025457260e-03
-2.603356998676707116e-03
-6.877227014706118781e-03
2.379554022844977516e-03
-2.519374470632836961e-03
-1.035207838319522795e-02
3.125097661805408184e-04
-5.982396423000475860e-03
-2.052878301788365299e-03
3.977494571817276510e-03
-2.327323086592214367e-03
-1.698656022466597370e-03
-1.476625800372200229e-03
-3.555736417881112405e-03
-4.275582958597171253e-03
-7.062736598320488654e-03
-1.462505184829104507e-03
-4.564534418462356212e-03
-4.487383189237669975e-03
-5.041248554865811193e-03
2.887790187138179841e-03
9.010466370712233442e-03
5.152449234691183939e-03
5.654920403830582601e-03
9.661599743349307337e-03
4.751476633740489043e-03
4.544137268113112617e-03
7.665597424232514258e-03
-2.386791421007259956e-03
-3.480755409196917977e-03
-1.070433349164805203e-02
5.649960023060029458e-04
-4.914305205242934516e-03
-3.335169657950257452e-03
-1.142219208173831562e-03
-8.374698302555359103e-03
-6.708292524383305255e-03
1.789433654322910953e-03
-9.243997540783446126e-03
-6.941337805777990019e-03
-1.043443898030668726e-02
-1.980637261280591283e-02
-1.538376085058939559e-02
-1.136963841181385867e-02
-2.067817898727608919e-02
-1.898898268705689202e-02
-8.411926131039333915e-05
-1.067430520147263006e-03
-7.785930714702626008e-03
-3.672123219396425733e-03
6.917314063739660613e-04
-6.251957348334225006e-03
-8.516946528878868716e-03
-5.360750573572686806e-03
-8.650190399436723590e-03
-4.556721106564189452e-03
6.493577824937631819e-04
2.077772697140472819e-03
-9.873322034486363766e-03
9.786493481346832460e-04
-1.807814489986563295e-03
-6.034889048535370046e-03
-3.467085165594603960e-03
-1.421801217494970482e-03
8.535991145202779422e-04
1.643983742258279396e-02
9.436109167620637672e-03
1.054587643837036695e-03
1.447248280386128662e-02
6.720182614928339911e-03
-2.267422446909257271e-03
6.565420288744253964e-03
-2.312356358813164731e-03
-1.219758161763746969e-02
-1.131710262357927405e-02
-1.408680928347726471e-02
-1.850809656742324893e-02
-1.593673792785788371e-02
-1.733212388144661498e-02
-9.343140412144981116e-03
-1.029396844060047334e-02
-1.764388929453877472e-02
-3.161168298310650798e-02
-4.883739231151355137e-02
-3.251082737834132957e-02
-3.071815837137153657e-02
-4.162672172610018539e-02
-1.294285222169185186e-02
-2.617711062764134858e-02
-3.258367614966076187e-02
-1.371403092793109686e-02
7.044351939341322866e-02
1.062313559013951247e-02
-4.347766965098665698e-02
2.443631526113047847e-02
-1.543936301685906037e-02
-7.755205580232625573e-02
-9.052413267471607836e-03
-1.308198995995893616e-03
-4.807997193473987491e-02
-3.478576680422588996e-02
1.844903672083837015e-02
4.492609932007807227e-02
-9.584750044777970782e-03
1.691540761376386648e-02
4.141292386405103637e-02
-1.200052295740457187e-02
-3.829409358299105427e-03
1.228547496320770262e-03
-3.112363013514201845e-03
-1.353356496560580201e-03
-7.740258969258380882e-04
-3.813734611195600688e-03
-2.643295006790624853e-03
-2.584111977023456110e-03
-2.409330389191117160e-03
-3.558365795739793034e-03
-7.443087629123318902e-04
-5.638277260393422885e-04
-3.772360622794140687e-03
-2.260322817438604331e-02
1.302632489173456047e-03
-2.145448598345801611e-03
-1.823266011669186920e-02
-2.059427013305130394e-02
-2.482670054391033360e-02
-9.676528161393667740e-03
-2.258101355475882963e-02
-9.292461598043819451e-03
-1.530622384721153778e-02
-1.048489946758717449e-02
9.108013658847826863e-03
4.109586126358257333e-03
-1.152415835903383874e-02
-3.667622100347622295e-03
-1.308326138161271940e-02
4.105537355663586505e-03
-3.304587404843681471e-03
-1.359077560186615526e-02
4.982459027314433547e-03
3.209291076323201458e-02
2.314618906285978092e-02
-1.470433400466639694e-02
3.081009346607312474e-02
3.313093662186380323e-02
1.536894453366493586e-02
1.896926474035965510e-02
1.277707325430450271e-03
1.751710551211447392e-02
1.366521865409564204e-02
2.991978952863347209e-04
2.108610960620123376e-02
7.840402931865775304e-03
-3.026790744796731790e-03
5.947730942628621023e-04
1.807103267314583454e-04
1.599343705692623727e-03
-6.249537735061641000e-04
-1.082334798948645423e-03
-2.026822955151858386e-03
-1.343949436767540907e-04
-2.451223336276794808e-03
-3.588679625836302053e-03
5.013883212849314791e-02
3.149347113005708521e-02
1.381237392264391545e-02
2.009318020153487427e-02
2.290084807975832984e-02
4.150916301410965265e-02
8.447208214870900039e-03
5.249357847081809192e-02
3.485242568482711106e-02
-6.600009474398438498e-03
-3.168080240487093982e-03
2.390075215227601985e-03
-5.517108314894925841e-03
5.111717586072497821e-03
1.138332681715543276e-02
-6.860580812066052227e-03
1.501436685764509504e-03
6.419128359060844932e-03
5.175545289804363291e-02
6.004480495552107569e-03
-3.073275664647606709e-02
3.866788153472368317e-02
-7.172321551106103192e-03
-2.499823731513410238e-02
2.562403338983827369e-02
-7.632521944677275391e-03
1.006020749819454404e-03
8.059747160167746172e-03
4.859070205479170193e-03
6.847912077956921570e-03
-1.865846953511266686e-03
1.137436552689069340e-02
1.039008904996785443e-02
2.408954303750830087e-03
1.807333183078034533e-02
7.864179393058501333e-03
5.527335185033612104e-03
-2.081901300045949088e-02
-1.385349546270256936e-02
-9.062793692965920300e-03
-1.499299595793384711e-02
1.523545902992727401e-02
1.148401823798723270e-02
2.682539457807744943e-02
2.912114728948283007e-02
-1.102792252928913759e-02
-5.355526771047582762e-03
-1.170326732873191132e-02
7.737131113427478737e-03
2.582475193768079690e-04
-1.610995010389735735e-02
1.400247211474896268e-03
-1.613867496987913056e-02
-2.703547749899322394e-02
-2.137473275335978820e-03
-4.593935185951553146e-03
-1.140751679290638023e-03
-6.576395331231087334e-03
-5.162838166856325954e-03
-2.631221091049550705e-03
-8.087485182627626723e-03
-4.437566596065718912e-03
-2.745179819788431518e-03
-1.420712927400929332e-02
-2.145638164101401971e-02
-7.831725802462943808e-02
-7.133824222002701360e-03
-2.128604577281604550e-03
-5.108408217796765738e-02
-5.583704187727939194e-02
-4.421694062987849283e-02
-2.062276466599963567e-02
1.021708855262201676e-02
7.635625824093915555e-03
4.014699905577934907e-02
-2.703014480421167196e-02
-3.483000544963701321e-03
-2.292633593356404806e-02
1.334522130271377852e-02
7.703036898704278441e-03
-1.900877417468267716e-02
-1.869084605201747767e-02
1.770467455207470550e-02
-1.043592238130281770e-02
-1.267890688910841557e-02
-7.600223814565986412e-03
3.592117509566384453e-02
-1.103895762987344362e-02
4.977518891299533704e-02
-2.240362361934846586e-02
-2.324009816713408852e-03
-2.717098955501086061e-03
-2.225598582607522195e-03
-1.028529868246021335e-03
-1.003782083416854091e-03
-5.136219343096361896e-04
-1.689353227262218584e-03
-3.144220443036053678e-03
-3.725501645520328583e-03
2.392953653798184782e-02
3.001079749753667730e-02
-1.953765788500437875e-02
3.296819246161605821e-02
4.574242084500287214e-02
4.753019424834979516e-04
-1.081615284723587422e-02
-1.521550306004066516e-02
7.459249583913411374e-04
-2.398594254041225542e-03
-6.790130250390106342e-03
1.651434694517423842e-03
8.244307038094877277e-03
2.252694423772484689e-02
3.176253830300890951e-02
-7.789676804580707332e-04
1.657564242162635690e-02
7.686269973048410857e-03
-2.634403714163678720e-03
2.787926939060197257e-02
7.047266151171480662e-03
1.889836684676757597e-02
-2.362235238171489851e-02
-2.434773750744063155e-03
-3.846883285208222564e-02
-7.764928268625318972e-03
1.967360886963201785e-02
-1.685282015838860184e-02
3.526363777079431078e-02
2.776251218468340359e-02
-2.867928319856674277e-02
2.398485877257862040e-02
3.294478772623854468e-02
9.876658119082358522e-03
2.891462177408425302e-02
2.906858261942448646e-02
1.012122910889748243e-03
-1.044481643112168002e-03
-8.265027391429015163e-05
5.460592486419734393e-06
-1.167078247347021766e-03
1.986091292329542676e-03
4.989974710124115212e-04
-7.836949827518040158e-04
-6.313115740121974344e-04
-1.884535736557419600e-02
-2.451252279698854300e-02
-2.912592431051918077e-02
-9.203872216561501465e-03
-1.312841658786802757e-01
-5.853167532960783237e-02
-7.594812486660027645e-03
-1.709844415563019707e-02
1.824823884555274237e-02
-8.684282799030884625e-03
-9.450010914104287063e-03
-4.954708618674330892e-03
3.272438404375515621e-03
-6.444484139441189821e-03
2.616375897957604751e-03
1.568107612956216521e-02
1.456789633917542591e-02
8.539602296994771094e-03
-1.834719400234661665e-02
-3.655448216167071079e-02
1.489132234810161722e-02
4.677887130348490179e-03
8.332009966414066424e-03
3.538418101054753573e-02
2.697892300342506072e-02
-4.841496728520445179e-03
6.387356698159150914e-02
-8.076906040900968392e-03
-1.279918222717603415e-02
-3.391901095407485849e-03
-1.844985614588233458e-02
-3.123778542922537454e-02
-2.726228107827224391e-03
-1.515338849832814291e-02
1.217118633891228242e-03
-1.372495745605736492e-02
-8.528847600221926839e-03
-1.112388139117370840e-02
-1.054309271288313490e-02
-4.469131448322605921e-02
-9.766225395947396304e-02
-3.170810883557806381e-02
-4.205567516642828851e-02
-2.976674585785173133e-02
-1.981229073459292445e-02
-4.878576968634319375e-03
1.407214945630561216e-02
1.427942917530658148e-02
-1.103368651219546748e-02
1.709284790760213363e-02
-4.230820737883121511e-03
-1.485142860377012750e-02
-2.147763163690040444e-02
-3.628179294059964699e-02
-3.977177931710087697e-03
-1.376203197330479319e-03
-4.676047228785383775e-04
-1.329034259026674230e-03
-2.268165120177826558e-04
2.155946648103523270e-04
1.151086305111991611e-03
1.745944435958057611e-04
-1.659902390785892570e-04
1.960526711386550991e-03
-1.257228201823644594e-02
1.572240488265554820e-02
-9.077889749928381991e-03
4.767778697404975209e-03
4.762918195394660187e-03
8.781117276126536308e-03
-2.474565663820687059e-02
2.684188181273903379e-02
1.701901293699854822e-02
5.899130499185226834e-02
7.474385694983474993e-02
-1.600579054697176817e-01
-4.450142442350134980e-02
4.041930402993362532e-04
-4.251773451388848185e-02
8.679322546016084161e-02
4.587906181100012692e-03
-1.296107663899365436e-01
-7.737971773594287672e-02
-6.831338973125264391e-02
1.393720943663820204e-02
1.090824850947258312e-01
2.308128106685891634e-01
9.673200298697290367e-02
2.291995617121470874e-01
2.560811109157508647e-01
-1.228668450104549760e-02
-1.168205324676730751e-02
-3.363556790757518677e-03
-7.540239054278298665e-03
-9.289641208345149684e-03
-6.506056674912951560e-04
2.676983810151546943e-03
-3.421840180659060406e-03
-6.809441826716567010e-03
2.757274996423865476e-02
9.669979216447145698e-02
7.230516752348344067e-02
5.163877033399134897e-03
3.142616169705642754e-02
2.441543233199369028e-02
-3.948616059817736113e-02
-8.214617446889550118e-03
-5.037922325943811758e-02
-6.702853611692499713e-02
-6.248827402260251351e-02
-3.267548086641920008e-02
-3.494320716688903428e-02
-2.149469668947743758e-02
-3.134717961667086994e-02
-3.188241478852053834e-02
-1.638626147248162940e-02
-2.120449826408629321e-02
-6.306011440116190969e-02
5.158885276848984569e-02
4.171104955618507720e-02
-4.994344522182659479e-02
-4.906579996235496677e-02
2.499320107435989285e-02
-8.333158881792300521e-02
-2.554635466739794579e-04
5.113415152556222837e-02
-1.245094540065245226e-01
-6.475118945515585811e-02
-6.649706716738709722e-02
-1.246731472237173344e-01
-9.306470586490615815e-02
-7.936700480022358672e-02
-8.202847314898434328e-02
-3.270242722488630321e-02
-5.625910039031481458e-02
-2.008678107384595860e-02
-1.535555089031155965e-02
-1.278662164772502788e-02
-1.419942922876073037e-02
-1.304640988974919286e-02
-1.189602415728851191e-02
-1.453134200258891957e-02
-9.175933870978258966e-03
-4.021027869163057433e-03
4.028851714928961131e-02
-7.792692784530352856e-02
-7.399398696769139694e-02
7.931082760829587588e-03
-5.039187034392372810e-02
-5.442812804637670726e-02
-1.340434396087083341e-02
1.009551285446392555e-01
2.101653902912270847e-02
-5.713357872416370553e-02
-3.152925309837205370e-02
-3.049840781190031949e-02
-5.442673014561353467e-02
-3.228330578653536287e-02
-4.192933237889314574e-02
-2.458819197340855051e-02
-2.566796653565836875e-02
-2.346292721867408726e-02
-2.466215838035774183e-02
-9.159482901957767542e-02
-7.146879951073530080e-02
2.466522771408846335e-02
-1.739412730471682350e-02
-1.928554064409033347e-02
8.290166354476531663e-02
8.044281795637758803e-02
9.875786771380912210e-02
-1.077527062212602907e-03
-1.018273801339096736e-02
-1.396929105297274078e-02
-3.867415894415939231e-03
2.051399851563351362e-02
-1.363907170465115688e-03
2.328409626194861970e-02
8.521499412401609130e-02
3.631183998418183179e-02
2.699107754619164620e-02
-5.049655482978655102e-02
-2.285123773389556232e-02
4.084882106658525858e-02
-1.961237039233133111e-02
-1.925943275117438652e-02
3.519251321499001356e-02
1.037955130712142973e-02
-4.995870529485769984e-02
-7.009620116374562504e-02
-5.503432901812935901e-02
-8.849165426939858969e-02
6.939626799057543871e-02
7.625971194710798318e-02
-1.299735511904517036e-03
2.699233249545100397e-02
5.578656594728761270e-02
1.785447650657839835e-02
-4.092914056825160043e-04
-8.805021315298250731e-03
-1.580393615093166754e-03
2.949585455237862391e-03
-4.460675219113130301e-03
-1.205950707082668362e-03
-1.121734264950601315e-02
-3.854986123706787785e-03
-2.572793881510533273e-03
-1.669622019420633763e-01
-1.596096700332698126e-01
-9.640434989305134150e-02
-1.803776095246084343e-01
-2.068018651147444376e-01
-1.246399027518807073e-01
-1.573721216199732986e-01
-2.030770437577333887e-01
-7.037367553076448456e-02
6.288341703480598843e-02
5.694563098642874827e-02
-1.888421544786093517e-02
7.879320467336868583e-02
2.818063226721688116e-02
-9.532093735928331979e-02
9.237171051376762143e-02
1.890892130556159900e-02
-1.171880520035136208e-01
-2.232264948487126810e-02
-2.192359912018355256e-02
-3.991882173759013497e-02
-3.751268002828204995e-02
-3.687909386700567727e-02
-4.532231575945992047e-02
-5.282599904984505712e-02
-6.595091065995237201e-02
-7.958321995439569807e-02
4.278513019437243763e-03
-2.212242498926782382e-03
-1.794109487208937368e-03
5.268283825935938825e-05
-2.195675003635694841e-03
3.318564423682754763e-04
-2.437253122347920326e-03
-1.427794753217139238e-04
4.116489843122585722e-03
1.082332718660173471e-02
1.040590780833235314e-02
5.776436691532989970e-03
-7.922232871902324183e-03
-3.211137128007834993e-03
6.090511826008461992e-03
-1.268002957723791436e-02
-1.279427964021229679e-02
2.254657228766638634e-03
-2.294049435511714280e-02
-2.237219990703482458e-02
-1.360633709537636266e-02
-1.455056218795828735e-02
-8.198609948614756990e-03
-7.819446665962024104e-03
-4.498796953070958310e-03
-1.415790838835664055e-02
-1.943037396630949501e-02
-4.262288309653929769e-02
-7.506325782637832122e-02
-9.726588871658478630e-02
1.407377631545370447e-02
-3.113846728008312983e-02
-1.074665766593905503e-01
3.958865661869577501e-02
3.996656190807437725e-02
-3.934478829722047599e-02
-3.058783354206979100e-03
3.031314534861971350e-03
-1.153772159577496834e-02
-1.468868715238181438e-02
1.358318847794612490e-02
3.014460122064563721e-02
-2.202990244157173802e-02
1.713545453116133719e-03
1.677832956968004774e-02
-3.607608124862881640e-04
-5.024210012961038800e-03
-6.227830878456985277e-03
3.968291428524162862e-03
5.282252431701895019e-03
-2.361941964713708654e-04
9.137857009618810186e-03
6.219596448771346452e-03
9.995196443203125270e-04
-2.476736644378131971e-02
-4.293806531646888330e-02
-5.317161520302671890e-02
-4.975309457664975343e-02
-6.629697761011128787e-02
-7.877866614977180326e-02
2.316132194219949064e-02
-4.992430110386555930e-02
-5.461204704130848131e-02
-3.330864823768499988e-02
-4.170548877219611844e-02
-3.616413114540385776e-02
-2.647113242799917568e-02
-2.634802182842629903e-02
-1.725996183077057114e-02
-2.828625425585169773e-02
-5.738569745443715224e-03
3.760033692256410670e-05
-2.693232278000578725e-02
-3.039496949511773932e-02
-6.694484093548348780e-02
-2.037258010490781979e-02
-2.811991723501553950e-02
-5.347690878669885545e-02
-4.197185070694666592e-02
-4.832252697250984802e-02
-4.649895045377054614e-02
-8.880128928656251660e-04
-5.982913908172779460e-03
-1.088786692933942958e-02
-5.714126531565982131e-03
-2.421624209481267748e-02
-1.981616627630721980e-02
1.459145114341359260e-04
-1.107006083017461444e-02
-1.453075987116689283e-02
2.251625651202657057e-03
-1.025514062155670958e-03
-1.842618131685602734e-02
-1.782627071723797557e-02
-3.259497048011662790e-02
-2.920299421820083188e-02
-3.345555732155560541e-02
-5.197992889853113307e-02
-3.650686849110828386e-02
-2.190690935745020010e-03
1.723221084591017305e-02
1.183967786906137305e-02
-2.324992795034534071e-02
1.797722669932887781e-04
1.148758359635473209e-02
-1.598750388155148819e-02
-1.137424090678328462e-02
-2.027984243329809116e-02
-5.564372995828222555e-03
-1.572727907886876031e-03
-4.393856489837792527e-03
-5.695511570345728435e-03
-1.053923005111360349e-03
-1.745883521976412771e-03
-4.798264852729365419e-03
1.922271517354698714e-03
-2.743719934050605023e-03
-1.506046558426757907e-02
1.182924917545654167e-02
-3.097443112188158487e-02
2.318440698569703903e-02
6.646905105459104124e-02
-4.709867739536083286e-02
-1.204602857999671935e-02
5.757863470773593589e-02
-3.315117945937856581e-02
-3.329509877181157512e-02
-1.673587194651245894e-03
-9.372772499347424568e-02
7.306776843465120908e-02
2.559929101152135789e-01
1.467108775459325665e-01
8.756372207169439703e-02
9.295000354058802206e-02
7.282186126573361729e-02
-1.484804525788093951e-02
-1.183970406860484909e-01
-1.209716648184627208e-01
1.251620863873524891e-01
-3.482339914623613919e-02
-1.499652739963689141e-01
2.394876478717413992e-01
-1.571616082731494557e-02
-9.128533103615596445e-02
-5.062809830918317371e-03
-8.589177337887157412e-03
2.530963299763698679e-04
-2.239278736096337458e-03
-2.892503899864805328e-03
8.846518037816654368e-04
-3.692205712471985542e-03
-3.228804259753662205e-03
-4.858736753698787193e-03
2.117395812273063088e-02
-6.451083783550953799e-02
-2.080240278472042861e-02
3.385163636150796684e-02
-8.209413640236977450e-02
-5.197766523037892356e-02
-7.701442207334727695e-03
-1.778226165182894558e-02
-5.900572275462641347e-02
4.361222599977608583e-02
9.599336391736787433e-02
8.500242508414786180e-02
6.067926343905770403e-02
6.449691716470060121e-02
1.614164488106206372e-02
1.562861517249685556e-02
-1.051964799766872544e-02
-3.211562504706262644e-02
4.249917627373751838e-02
-1.102970082076257102e-01
-1.366575708633928632e-01
5.323101615873777198e-02
5.705657430783201561e-02
2.310364169538193374e-02
2.190463020733921795e-01
1.991154348633344118e-01
8.608524548115584207e-02
3.497547599578824939e-02
9.566485830011316194e-02
8.057365714951007785e-02
4.730502639515996033e-02
9.517359699424661479e-02
5.160223866858823505e-02
-7.849488171157255334e-02
-5.527690239213027545e-02
-2.733059229846809129e-02
4.592570681683964297e-03
1.085655090786985695e-02
3.354332913778571273e-03
6.207996152096908332e-03
1.107507026766266917e-02
1.162436290717574691e-02
6.697160101576946252e-03
1.665089823743973879e-02
7.201464284623552460e-03
-1.033909578658488287e-01
-1.600275286898823757e-01
-1.044540287739348788e-01
-1.305246430161856042e-01
-2.310596836335041850e-03
6.784589596542210665e-02
-1.889874410977328278e-02
-4.382630606320138400e-02
-3.874550996662517316e-02
-5.611630426407953481e-02
5.228693273973709921e-02
1.006247220399485998e-01
-3.884859373721488707e-02
5.457256180244694777e-02
5.177032567793541512e-02
-6.721607238411575480e-02
-3.754100171104477607e-02
-3.709298449700219880e-02
5.451473872351664252e-02
2.562786471555796863e-01
2.747923641611443313e-01
-8.889992366799112644e-02
7.236783937403990690e-04
4.828833343299083342e-02
-2.917649384181172922e-01
-2.087176201795891695e-01
-7.479818695299528253e-02
2.061243051863937824e-04
-1.465540848840286153e-02
-3.736237122820343197e-03
1.737921820072563586e-02
2.061857634670928498e-03
-2.465955201729524635e-02
6.245746947295136714e-02
-1.985135671637398760e-03
-2.830980828809579603e-02
-5.001612678493982944e-02
-8.547269200067771078e-02
1.253708085197175956e-02
-5.821254995876699173e-02
6.637160876559158873e-02
7.973171225608159662e-02
2.330862912650275356e-02
4.714109753831340066e-02
-2.913067317635981146e-02
-1.094989877047608529e-01
-1.062025700804730410e-01
-9.270006317199955270e-02
-2.654614190430652776e-02
-4.671243528620257213e-02
-6.263440730773806378e-03
-1.321966460866287781e-02
3.065299432648744757e-02
5.812383344965546539e-02
-1.018315696901745879e-02
-6.686497807197458627e-03
-2.370728997280018881e-03
-7.197280100283412994e-03
-1.429621885265379942e-03
1.915382952682313658e-03
1.553199539690461491e-03
-3.173592810661870350e-03
-1.842822960152525448e-03
1.836429193273247384e-01
2.088413003416134395e-01
2.103734765677010565e-01
-8.732675134404411718e-03
5.810530456476473843e-02
2.153018822756802009e-01
-2.756986655467393854e-01
-1.536066539883757243e-01
-1.164526820977272378e-02
1.335933413636521960e-01
3.897229646181740031e-02
-1.799617057245659485e-02
1.039668576941968209e-01
-1.094225801494965317e-01
-2.296780685368018105e-01
1.241546534655822293e-01
-1.339933392082830882e-02
-1.105232471373639724e-01
-2.568052813172167111e-03
1.328681994719799753e-01
1.275881014575317440e-01
5.387773835088204705e-02
6.973126852806987852e-02
8.629471348879012849e-02
5.173064432555577602e-02
-2.209547556479103669e-02
-1.291245781925070557e-01
-2.206102060101925756e-03
-8.326136331743407091e-04
1.923058061782783809e-03
-4.165559746302087939e-03
-3.974952839345609855e-03
-2.614621103823286906e-03
6.176990064799889671e-03
-4.739165080827526140e-03
1.170598806467380848e-03
3.506346191352305297e-02
3.767114605273912814e-02
-1.487575671865068970e-02
6.058740718002664227e-02
6.364891895648726317e-02
-2.599870291422941640e-02
8.121684035719072339e-03
-1.388752936331320029e-03
-1.753526429526646932e-03
-5.175782326094313310e-03
1.414927497818142463e-02
1.793483916467128111e-02
1.017281993591158396e-02
9.810597111503985279e-02
1.080118936832787924e-01
-2.418860393273407350e-02
6.871753790283673113e-02
6.714277977366034378e-02
-3.701925919775135576e-02
-7.322363397828196563e-02
-1.370749487166992957e-02
2.985323684294127061e-02
2.929909828096340096e-02
8.549321388761325913e-02
-3.197867026421390146e-02
-1.123599081085633472e-02
1.138827898216248496e-02
-6.714197654797844639e-02
-6.125911747394455903e-02
-1.549463954306653200e-02
-3.063972381432531270e-02
-5.184833483235730747e-03
2.310661194197073318e-02
8.017926076516845857e-02
9.904105911005198215e-02
8.944417505943691449e-02
5.699923143238607359e-04
1.538192647200655773e-03
2.959180482788714879e-03
5.169917667772433272e-03
-5.959399303757306407e-04
-1.295155611106017877e-03
7.167629660669291858e-03
2.074676650488577244e-04
1.912866580521694780e-03
-1.584516124917877966e-01
-7.649879524117328411e-02
-1.538399520538514531e-01
-1.170702713108783856e-02
4.472658217555545296e-02
-7.801358488273736104e-03
-6.621916423397285201e-02
-1.974425967681403896e-02
-4.373072673972615981e-02
-7.784239527304442907e-02
-5.476972047062927257e-02
-2.053384419404582790e-03
-5.368670735785543296e-02
-5.667883410732661720e-03
6.205486632103720396e-02
-3.658919422325988130e-02
4.339754872687505427e-02
1.026598642455304328e-01
-8.334519188027576797e-02
-2.066796664750999712e-01
-1.514191836577853667e-01
4.199530467527132216e-02
-3.842738474123647691e-02
-3.652849941455223876e-02
1.415812327811339089e-01
9.086321336375555169e-02
1.175449178742013906e-01
-1.700010407626195014e-02
-8.735345038707171411e-03
-2.140899104529864205e-02
-1.066611671597193084e-02
-1.617855117689063690e-02
-2.487249676765923914e-02
-3.798125781659326961e-02
-2.971900586856050450e-02
-3.821561514469960091e-02
-1.007858532801228363e-01
-7.950944403307085018e-02
-1.449391604690768998e-01
-5.793649753618879128e-02
-7.392828507011174610e-02
-1.114978675078519693e-01
-7.944624384383201787e-02
-9.578426095344150237e-02
-8.608226029592823403e-02
-3.381353423157387305e-03
-3.552867142957916863e-02
-4.172673164210696783e-02
-1.273823389637009605e-02
-3.446941756157678727e-02
-3.838469244174821937e-02
1.642215072731122508e-02
-2.655537761857310400e-02
-4.653781592695032526e-02
-2.137716109141493594e-03
1.268195341093126573e-03
-2.433866358002066167e-03
3.243809399187413869e-03
4.032221121474091965e-03
3.014558791977600769e-03
-5.295544727907427595e-04
3.350799829062032793e-03
-4.139633757528950360e-03
-8.574944288013856830e-02
-1.262427240752155289e-01
8.422821034321119338e-03
6.843821189947983663e-02
1.524660772497360151e-01
8.950179710266358002e-02
8.624170059378488684e-02
1.382787874799202843e-01
7.092114910882936496e-02
-6.971346406297641851e-02
-1.404026976352789058e-01
-6.523699136689908862e-02
4.200977949051718646e-02
6.009348846856518711e-02
6.835222761094808530e-02
1.014139741813991080e-01
1.646999105457706836e-01
1.366514910285242523e-01
-2.945448169393027199e-02
-4.251027315680145496e-02
-5.601958073057886067e-02
-4.527830539067594084e-02
-6.395297473075556294e-02
-9.249073454995047905e-02
-1.708799450547758558e-02
-5.656511005622327087e-02
-7.179522907782616425e-02
-7.960136649157191144e-03
-1.179210117135209845e-02
-4.167394694351049360e-03
-4.841477653009890365e-03
-1.268502344840517423e-02
-7.577174460741996527e-03
-9.834630330990112509e-03
-1.202467966649125794e-02
-8.429314588811640321e-03
-9.110617551854098550e-03
2.151558973709992439e-02
3.333857230350402347e-03
-2.972001527248166811e-02
2.241312241352759471e-03
-8.443341026210740216e-03
-3.951534932567560970e-02
-7.068107294381169303e-03
-4.222368429367894319e-03
3.131932700999889158e-02
4.938040735949492804e-02
4.392876929951933934e-02
2.290001814247099796e-02
3.605495126960667207e-02
4.395561178411491743e-02
1.122761182611924612e-02
1.435986969265053668e-02
2.703079136042372752e-02
-2.247399531374472126e-02
-2.136857946126660690e-02
-5.010994212114523033e-02
-1.017218784148656886e-02
1.588022732036187604e-04
-5.019527124814856384e-02
-4.860258178425870546e-03
-1.353633666699933548e-02
-4.856773495589690459e-02
-6.873687464199837449e-02
-6.667874944119460412e-02
-1.129937345631389783e-01
6.861915259006964862e-02
1.909305637707670728e-02
-1.058546646733750790e-01
6.959041550106950802e-02
3.242017678265116110e-02
-1.066869974620623107e-01
7.687551830398625446e-04
-7.229697535451475683e-04
6.554652142802268495e-04
5.911141975179613241e-03
-4.923067959554048786e-03
-2.514158312188206120e-04
-3.958216920955351555e-05
-1.177354644237399352e-03
7.747889513749319119e-03
-7.816725120682907479e-02
-5.633705682027293632e-02
-8.542797825792971741e-03
-4.673275168525888729e-02
-1.752177675414800725e-02
5.083238108977881746e-03
-1.022995487437899087e-01
-7.634614928538317746e-02
-3.204457560476286354e-02
-5.089586301185301115e-02
-3.756538948252394899e-02
-3.328722227474998491e-02
-6.980358903167678541e-02
-2.058044026051317199e-02
-2.312694006362412454e-03
-5.026047230219294476e-02
-3.535809634364475880e-03
2.691680264732578681e-02
1.259017494885049382e-01
1.663043715150710755e-01
-8.614467667869542267e-02
2.139220061444993548e-01
3.015817582604766733e-01
-5.922289274735018306e-05
-5.991399546240506330e-02
5.353362959519676612e-02
-7.551709381069612870e-02
1.119886418407909159e-02
-5.187453545162261544e-03
1.355794128071423875e-02
-3.938232769899456531e-03
-3.239661744357531358e-03
5.127354954114068768e-03
-1.111424533615977105e-03
-1.619799381973070079e-02
-6.618389252172981845e-03
1.990292381976000585e-02
-5.241210591935346885e-02
-3.446813297962313810e-02
3.875594785337905385e-02
-2.352427298235402336e-02
-4.285800666895318856e-02
1.168716414293572911e-02
-4.697728712813099144e-02
-6.068600934523459695e-02
1.901678476627451098e-02
2.678362706852800701e-02
-2.860177357585419120e-02
5.285397415306412883e-02
6.338845681107679875e-02
5.689659462223615842e-03
4.587110618028487907e-02
7.968458927370540568e-02
2.939135432824613314e-02
-6.091717661263703482e-03
-9.960595818987552294e-03
-9.801740560597092811e-03
-8.598176734789764533e-03
-6.740910061558515361e-03
-8.222392447186867639e-03
2.007934828032069408e-03
-2.909383136592382131e-03
-2.899752615277975069e-03
4.730226605090799563e-02
1.042484775742810316e-01
-2.672614578009467265e-02
7.758680507458799724e-02
1.763577246506943252e-01
3.685649246864330930e-02
-4.508369708578200546e-02
9.017633272476587025e-03
-5.152609749190641651e-03
1.298037658559206622e-02
3.028409585037984339e-02
-6.557924502683912249e-02
3.272653787317309371e-03
1.558720021615171529e-02
-1.655635400218237463e-02
-3.512614666247237949e-02
-8.187077403780090856e-02
-9.078478381276830489e-02
1.176136512325782167e-02
4.539287325078211061e-02
3.493400110983110873e-02
-1.337358290222781174e-02
3.774619050606010939e-02
2.326703083197773775e-02
-9.693551662647131861e-02
-8.684852760187740384e-02
-1.907104118394255948e-03
-5.395177066132047020e-03
-6.772684684796003926e-03
-6.677332855418104639e-03
-1.443120850170805927e-03
-8.261265411357788385e-03
-6.201004422626940800e-03
5.641398417267387251e-04
-3.133877918765857855e-03
-7.776413260657102054e-03
-4.072726047569519107e-03
-4.327689397385076249e-03
3.149404306287321639e-03
-1.416761147352939981e-02
-1.720742043487579614e-02
-1.588446639358982379e-02
-1.839106413705287116e-02
-1.051975685902305224e-02
-1.947205027154509313e-02
1.762808120976609716e-02
-1.186449833051815258e-03
-2.857821344328468922e-03
-1.271144840079233874e-02
-1.652532975125192011e-02
-1.099996029249357236e-02
-2.568720122775264986e-02
-2.619719096567232897e-02
-1.017923101260951452e-02
-3.196369827955149179e-02
-9.028584716843162175e-03
-3.424919279139143451e-03
-4.596399729275797014e-02
3.278441686289337159e-02
3.137466394735431013e-02
1.207145502856064520e-02
-1.370536468196297854e-02
-2.040050371459189299e-02
2.167370100718406939e-02
-2.831909256145573317e-02
-6.728287616835740281e-02
2.638886159184093694e-02
-3.153106736086221107e-02
-9.126880234628198529e-02
-9.599280897131931209e-03
-1.504175500642901571e-02
-4.210439963413628583e-02
2.894222604390788399e-03
-4.355819948415502198e-04
1.388545737087909515e-03
-6.331097907893241863e-04
-3.556765000634615551e-03
4.362462501107479407e-03
-4.695847835135556585e-03
-4.656961126532965789e-03
-1.581983645955017254e-03
-1.355323346740060775e-01
-3.082742171854585198e-02
-1.074678454880665102e-01
6.720583967159794725e-02
3.300769363188686967e-01
1.292799205303675758e-01
-4.618238502887371533e-02
1.373423678860740127e-01
2.252317760072048217e-02
1.306634398196659247e-02
7.934646495980102535e-03
-2.708217152200296726e-02
4.474023442638865727e-02
1.611123094843586526e-02
-2.428681135213260622e-02
3.711667831895634762e-02
1.690571376622857294e-02
-2.318701570477336646e-02
-9.648698208887312999e-02
-8.565338582996276373e-02
-3.291593655378328293e-02
-7.932329624944541024e-02
-1.063958237690215275e-01
-4.366661535704521174e-02
-5.953210465860723360e-02
-5.108803320213441135e-02
1.911051570319292209e-02
7.888056636873534005e-03
3.163955882265045982e-02
-9.939062977312755273e-03
2.677559150873985716e-02
6.411178640556304542e-02
4.397126000927708655e-04
1.684478911439906941e-03
1.793571304967662289e-02
-1.477775721447011775e-02
-5.251526854620772872e-02
-3.161315761724894230e-02
-6.740337628149646598e-02
7.470877943013286282e-02
1.619263947853450958e-01
-9.923122277057631543e-03
-9.360685966638018426e-03
1.049323228683509690e-01
-6.907952444064772990e-02
-2.347206429173678832e-02
-8.368625892086509199e-02
-6.854095354203085244e-02
-3.915764488490814516e-02
-4.637065130221876968e-02
-4.740196198173772524e-02
5.853371793590938198e-03
3.140547426744121767e-02
2.023796975621088706e-02
-4.460872685824654720e-04
-2.907577593850301130e-03
1.557457187845743239e-03
-1.059745725450030301e-03
-2.637869987677269549e-03
-4.180764189900299812e-04
2.686552375674802502e-03
-3.457690061476274943e-04
1.781710907691414966e-04
-1.990234863093695572e-02
1.084360037825718957e-02
4.973768032461321070e-02
-3.999570826794159734e-02
-3.721369453029700625e-02
2.171663407507169394e-02
4.246985412864495713e-02
5.458386000198609672e-02
3.308697711560633099e-03
-8.941539238333129358e-03
-1.733656127556078980e-02
-1.718720807143716417e-02
-4.335407140620321093e-02
-8.456154161152116405e-03
-7.984739422609602941e-03
-2.914895979979711602e-02
-5.777836978820199108e-03
-2.304487169511010639e-02
-3.306241242575214817e-03
-1.681732406389810711e-02
2.195073413298397318e-03
7.880007187129483420e-03
9.925120696104487369e-03
1.287620938216416273e-02
1.539225513879475052e-02
2.232757159682624212e-02
1.865585370087005646e-02
-7.821555568132422184e-03
-6.342173572625546367e-03
-6.629186938814872650e-03
-5.150261384217463129e-04
-3.006760357171893005e-03
-3.453606342621706737e-03
1.270462459872298208e-03
-8.210940060250330888e-04
6.949253573510326540e-04
1.049172582765740223e-05
-1.682053311909287655e-02
-3.664462033392856810e-02
2.871807656097226033e-02
1.539789628029125147e-02
-1.450542178717892892e-02
6.059692147443043221e-03
3.983002290423316716e-03
-1.961339575218333867e-02
3.570627371818268711e-03
-1.103292581307309048e-02
-2.776832836088730799e-02
1.582378169880218483e-02
1.852848818786917776e-02
7.331758606362460094e-03
1.116367480285697204e-02
1.493197921960123624e-02
9.349088492997054828e-03
2.508739681791859882e-02
9.534503926791788875e-03
-1.499223772544090207e-02
3.226726140351498292e-03
8.415458433315668729e-03
-7.233643820229858530e-03
-2.177587988860318208e-02
-9.382961014417611628e-03
-1.245182127105351998e-02
-1.809863335685026964e-03
-1.454826682692405909e-04
-7.694837151673172176e-05
-6.297582806854459467e-03
-9.429299771430083368e-03
-5.025098038152008006e-03
-1.995657966543010198e-02
-9.364332637779925611e-03
-1.154960446390578162e-02
-1.038987117084722673e-03
-3.066000044617606200e-03
1.745185545552665985e-03
3.658897003134859490e-03
-2.125593819494126912e-03
3.108039422740898217e-03
1.952813530855327002e-03
1.326281143466025419e-03
-1.720095490881974436e-03
2.009178735425518406e-02
2.516975854086802872e-03
1.781594504199167936e-03
-8.099527704462415947e-03
-1.248524074938775485e-02
-1.721948663626568163e-02
-3.436146817146729093e-02
-3.677982877782547122e-02
-4.690556827862979450e-02
-5.907138948986371402e-03
-1.698445543380075820e-02
-1.972642622686122948e-02
-1.674714693475526373e-02
-2.161503751181046915e-02
-1.084029793334413683e-02
-1.942586838253454115e-02
-2.220853301575193006e-02
-1.739411360403150461e-02
-8.026105276677899733e-03
-2.249787426833313540e-03
-6.760486753484538664e-04
-1.643722317969071450e-02
-1.063970631122948020e-02
-1.519235893781759571e-02
-2.515415271668790947e-02
-1.903121499932272642e-02
-3.726877175337772047e-02
4.416139418602618195e-03
6.443751118081255010e-03
9.951258261897933180e-03
-1.677745929258915277e-03
7.989349891084724861e-03
7.048931358290732620e-03
-1.282980115854512326e-02
-3.609102810995840245e-03
-6.554939217541442403e-03
1.492272354934770853e-02
9.965278435275929172e-03
1.542279401817179922e-02
-1.520415617978538192e-04
-6.489290254046372469e-03
-3.124252324656684454e-03
-1.520953833165086637e-02
-5.664110780976083261e-03
-1.689363237614248392e-02
2.257383675768828701e-02
2.606908984109181093e-02
2.541068081359873845e-02
1.320628902413910864e-02
1.348701188707487723e-02
1.327005483853870710e-02
-2.077135349387942379e-04
-4.791160179668738257e-03
-1.633591897023041776e-03
-2.754575357808076563e-03
5.129512765935799294e-03
3.771635793572339964e-03
-1.355085849415820192e-04
3.308242937944939899e-03
-1.820105582766196658e-03
1.147043254181995481e-03
1.816906494519326173e-03
-7.220804579163538680e-04
-3.097746283819698826e-02
-2.934536530379417210e-02
-3.999622931116791208e-02
-3.217879190469014050e-02
-1.842930875048372566e-02
-1.575838417422002063e-02
-1.494140478101213185e-02
-2.387473336847751714e-03
1.043908977174507619e-02
-1.750333388950561508e-01
1.255019256795117666e-01
1.946556993546662007e-01
-2.023131204375871461e-01
3.340305907285470027e-02
1.463241581850260875e-01
1.578701127487535175e-02
-9.877831384053460673e-02
-1.445089371185661054e-01
-4.167353589295090532e-02
4.595759772795649650e-02
5.347116861092527512e-02
-9.281359043230280603e-02
1.282674605914517207e-01
1.551399297940410926e-01
-6.196471814775317971e-02
2.229638342549221386e-01
3.273131855336005591e-01
-7.239538791398473887e-03
-7.805200894247076547e-03
-5.687659503913316747e-03
-3.991497541047768320e-03
-2.249816690898163735e-03
-3.405785208271637932e-03
-5.151658694368922535e-03
-1.872350488719243733e-03
-9.495965277714355293e-03
-2.488905422401377354e-02
3.449641828733304716e-02
-4.109233521947643769e-02
-3.431935911377735626e-02
-2.637214434321518558e-02
-4.643161891785955314e-02
3.637031080306953566e-03
-2.123027573862637518e-03
-7.173687377305647261e-02
-1.246773084900151124e-02
-3.572066071148655153e-02
-3.449637828820432267e-02
5.405899217044140941e-03
-6.348561471617231167e-02
-8.069064237618631119e-02
2.819276407995876740e-02
-3.081423909954441112e-02
-4.628108886340961958e-02
-3.638794678255456716e-02
2.542358803520966548e-02
1.990629003256060292e-01
-1.737385549771521265e-01
-1.371356868154628983e-01
1.242202881419166571e-01
-8.571557534607827933e-02
-1.246835265363902406e-01
7.953760688583401059e-03
-7.265875066219978917e-02
-1.144340722168177560e-01
-1.197083864212917723e-02
-1.543780918431318927e-01
-1.513923265767896098e-01
-3.089032592705052982e-02
-6.424904899594621743e-02
-7.629423389743440753e-02
2.859531652358167017e-02
-4.382180182615618433e-04
3.953780544427032591e-03
8.644301404628056823e-03
8.278612400460709161e-03
5.325791871053355171e-03
5.346471420606220201e-03
-7.818874172169882480e-03
1.181152696078103387e-02
1.517309737457465772e-02
-4.952080011338830245e-02
-5.372753999627641330e-02
-3.561129097259352339e-02
-1.103371190334373059e-01
-1.046570415461887671e-01
-6.418799578036814280e-02
1.016089309712009670e-01
-5.365623245860600549e-02
8.467150111866802997e-02
-3.175221988033295750e-02
-7.682469022168957051e-02
-7.402687722496016642e-02
-8.885153128032369230e-03
-6.529673890217459198e-02
-7.521945246010844355e-02
5.009336945972098915e-03
-3.198401604341200022e-02
-4.860386251059560514e-02
-2.703696258925010823e-02
-1.492800404659234415e-01
-1.368721943731031898e-01
-1.947277220282744858e-02
-9.094010396832767629e-02
-8.479760746269709992e-02
1.082550601429421028e-01
8.303551251175801673e-02
2.541388764044549137e-02
1.439029442578485668e-02
3.454037854190097206e-02
2.226622287033578132e-02
2.115383982781498737e-02
3.272258662234904525e-02
3.445017687033277015e-02
1.834089503947793770e-02
2.396924880490069673e-02
5.323382226571139048e-02
6.714261869475790512e-02
9.766347873021323511e-02
1.113223266643066228e-01
-1.607335897697181187e-02
2.069616737270878540e-02
-2.941670469250459025e-02
1.518138204260078943e-02
-3.379296815551482980e-02
-1.967982829874023384e-02
2.783248950330754687e-02
4.076215089648267675e-02
5.725497467596087769e-02
-2.909750679686837552e-02
6.734317553829964609e-02
5.274477110016474041e-02
-6.820648400622530971e-02
2.175878665071153545e-02
2.319709471506386980e-03
-1.629090454137006134e-03
-7.569103491525382664e-03
-1.351783767228096136e-02
-2.744424583891631741e-04
-5.025265326288850219e-03
-1.505613871007641449e-02
-6.830910964959567913e-03
-7.585740220049080190e-03
-1.267769839664783724e-02
-1.972070134782716588e-01
-3.005231266571409265e-01
-2.668109761351755010e-02
-2.078517149460473723e-01
-3.960005499742585422e-01
-1.079995929803191923e-01
3.540236097810452870e-02
-8.075813666358457044e-02
-1.171942108826637408e-01
