4.091136942929911313e-02
1.606061162032965117e-02
5.732823204884480647e-03
4.317370259552089085e-02
4.176734669046788806e-02
2.222074699304515261e-02
1.737232719829859273e-02
6.290234398992085307e-02
4.624106707506212000e-02
-1.246945127611247088e-02
-5.507882348998854871e-02
-9.867837182502062210e-02
6.179173017391376144e-02
6.435015364460187903e-02
4.540979699414692504e-03
7.607770849622855214e-02
1.305161911527985275e-01
1.080483583445246559e-01
-2.008720448795688063e-02
-2.489247429659077748e-02
2.353499396400003316e-02
-1.515894317117719332e-02
-4.476456362897612146e-02
-5.723286516362999232e-02
2.164390748038152665e-02
-3.339320022262035753e-02
-7.150415187799510908e-02
-1.969060744249247902e-02
-4.220707200237083789e-02
-3.905391761262857336e-02
2.762160039310072174e-02
1.344105217146076940e-02
-3.989766389473409745e-03
3.156833001902070723e-02
5.565530567898131081e-02
4.300349742029968558e-02
-3.529926487375987382e-02
3.346187923342957421e-02
8.974551126287266811e-02
-1.994039840810002320e-03
3.372318092568146047e-02
6.731642705384799363e-02
6.038219759136331539e-04
-4.753044501915956732e-02
-6.252689209815576188e-02
1.316394065835980662e-02
1.036612434088625932e-02
2.740961006806261809e-03
1.175454329829657418e-02
2.172064449028603822e-02
1.187936836731814591e-02
-1.042155505112223740e-02
-9.541112678971031338e-03
-2.523578947828692201e-02
-3.911237576518180464e-02
-9.960417643718792735e-03
-2.189587952165063245e-02
-2.148227877389568413e-02
-1.682450657151695825e-02
9.324191287275015311e-03
-8.020015589078612409e-03
-1.995684230330622283e-02
-2.267874275468359513e-02
-2.342456203256776393e-02
-1.835790155108158947e-02
-9.228140232325694400e-03
-7.337804829050649166e-03
7.202133935666402533e-04
-2.539222578139086611e-02
-1.681896385081068507e-02
-3.040785904140846235e-03
-4.147172440994691123e-02
-8.716659422870856253e-03
-1.739097739201371159e-02
-8.896669980001343375e-03
2.062322082217634897e-02
2.393645061138817334e-03
-1.451629094405238948e-02
8.954960680873523884e-03
1.207505142090655598e-02
1.972923903575534224e-02
1.088744696525210985e-03
-1.633110563917315522e-03
-4.386139652230998387e-02
9.162757006904199975e-03
-3.784283629116376012e-03
-1.490660679989073284e-02
-1.099335630002669026e-02
-9.969617677291547561e-03
-1.958765478593563203e-02
-3.828371274579460415e-02
-3.547192367152100789e-02
3.207652835514614598e-03
-2.442343513161870927e-02
-1.522933803624120647e-02
1.296992091142753004e-02
-9.482120292498124811e-03
-1.184366402561776860e-02
-1.887151439177257861e-02
1.983620983202278101e-02
-1.038387982415492176e-02
-9.711317503874916310e-03
9.582911491163573952e-04
-2.536399861266196154e-02
-3.257420736265522615e-02
2.684313994820051660e-02
2.082387487859764866e-02
-5.667131700217537330e-03
-7.975818154166067209e-02
2.586019858042752986e-02
2.743250610774916956e-02
-4.225940380555538722e-02
2.096316945438523888e-03
-3.404306268091546184e-02
-2.368286220598439171e-02
2.207325288996322206e-04
-5.843398766419744678e-02
-1.994030452305709314e-02
-3.403089195643199671e-02
-8.056337890539189486e-03
1.091608540651982893e-02
-7.999322344727735623e-03
-2.983503906972472322e-02
2.050740101029517939e-02
-8.253405398193532083e-03
-4.492484081122451872e-02
-9.030498204259372955e-03
2.711245409829552214e-02
2.327767818226489371e-02
-5.936965020587268429e-04
1.904962973217819502e-02
3.463138489483747612e-02
-1.851102875673948153e-03
8.146103201737236316e-03
9.725433190143312027e-04
9.343683994155254843e-03
-2.342931233548629574e-02
-3.216897149197171790e-02
1.671887468806328506e-02
1.251176960889706542e-02
-2.401143323213221145e-02
8.062570736374482031e-03
3.873069102758143478e-02
3.944191226587560190e-02
-1.601091171231659380e-02
-3.233657918600180148e-02
-2.595181573684527537e-02
-3.744878357068441577e-02
-2.816722073318206690e-02
-2.022981143268984608e-02
-2.359274566975333789e-02
-1.235081182599215115e-02
-5.137189079883115218e-03
-1.151828031214496319e-02
4.770034711464255167e-04
-1.469105697633698270e-02
-2.075223253271051699e-02
-2.665439616066734088e-02
-1.087931301140237887e-02
-3.682441888852393957e-02
-3.916207344683445002e-02
-3.324824825205367762e-02
5.498654917194382291e-02
3.818585344621493877e-02
2.789685042265027063e-03
1.951241296292759685e-03
8.238999796466797351e-03
-2.213797291623719084e-03
-6.043151857681029575e-03
-3.130584123364353079e-03
-4.514232285755749759e-03
-9.933956882497516766e-04
8.340202651929724950e-04
-1.367498135340463467e-02
6.882648856106177160e-03
-1.452957231650577226e-02
-1.451461182312772328e-03
-1.202476993460840568e-02
-1.352461735040045958e-02
-6.621804181364321362e-03
3.258585829959015356e-02
4.362159694031141587e-03
-1.276634036864144305e-02
1.908883867677431401e-02
1.723955871976772664e-02
-3.123381512585724981e-02
3.226192502055371249e-04
-3.877667468376114202e-02
-4.137905668272936349e-02
1.772385112874279300e-02
9.957452514138674660e-03
7.514784533835697916e-03
1.064776021308831526e-02
4.091297256871559429e-03
-8.946126049757937779e-04
1.585136238630553349e-02
2.287975916789526318e-02
1.841021752173362461e-02
9.593437648223590922e-03
1.813841141908157858e-02
-2.365572421876716361e-02
-2.912720718962270167e-02
-2.128369884990192334e-02
-7.539487261162625478e-03
-2.674174727116581871e-02
-2.232300433268040799e-02
-1.227400026482762530e-02
1.558638322346311529e-03
1.943020322926853824e-02
1.665721017777213597e-02
2.295513142453696129e-02
3.449691751526386130e-02
1.117547177192447158e-02
7.171773835333528253e-03
6.424455549616033163e-03
7.960701212783884845e-03
-5.064408390943117566e-03
-2.629517533400346514e-03
3.794702958429867906e-02
1.666166585557506130e-02
1.815353738564771946e-02
-4.004370756817992975e-03
1.237244198159775412e-02
-1.840607835042962475e-03
-5.095180549923809116e-03
-3.558457590272383342e-02
-4.333383750515276342e-03
-3.945796370369285266e-02
-5.795238288161387585e-02
-5.720143121056352892e-02
-5.781615239631425485e-02
-2.603192973696647969e-02
-2.488163155220791609e-02
-3.082969994024977595e-02
-1.141195364185550003e-02
-2.223389858196103686e-02
-1.239361474433438304e-02
2.595248699600451181e-02
1.484369818701218070e-02
1.094440953917038585e-02
2.397011430000078186e-02
3.331786251007013561e-02
3.518641775188765045e-03
-3.144836282222625724e-03
4.163827979828131111e-03
2.097384093879402570e-02
1.308683734715631979e-02
9.915988991979299630e-03
3.012263769073893552e-02
-1.803014980523891817e-03
4.736821432692262662e-03
-3.770174446270779930e-04
2.510074107899107343e-02
-5.667538257921429616e-03
2.567065766719739406e-02
3.114602691637136100e-02
-6.315871965537109278e-03
-5.792884588167570084e-04
-2.220535718888395210e-02
-2.362871501374774058e-03
-1.708093861937187014e-02
-1.953910527118114804e-02
-2.976726060329560816e-02
-2.509973028758268748e-02
-2.109726052109297742e-02
-1.262822684529337110e-03
-3.311826437960449510e-02
-5.625532264697319547e-03
6.255931644752740946e-03
-6.789020691934912139e-04
8.142453606287611279e-03
-2.490006581173502889e-03
1.161554498378470669e-02
1.327438520491277564e-02
6.398438403191249700e-03
2.213160180822872428e-02
8.512628836056522139e-03
1.695035373581500054e-02
1.773680955265171874e-02
-1.173661242715765517e-02
2.057539086827696317e-02
4.803705773372170945e-02
5.851892951468064957e-03
1.337130370976516436e-02
1.860901482441161894e-02
-1.979770786227775387e-02
-6.135347742134616110e-03
-1.114060610287328319e-03
-6.962800444898108176e-02
-8.172196135362204406e-02
-7.105351685900679337e-02
-4.111206587425880049e-02
-1.419895053893562020e-01
-1.074191019112901574e-01
-6.873366450495500823e-02
-1.647622580101318623e-01
-1.306683371118285142e-01
9.483423599473282672e-02
5.454245127096955803e-02
5.085254387558941352e-02
4.839881852084678554e-02
-8.595997525388213156e-03
-7.541292913921307517e-02
1.286317855677119870e-01
5.286597302893342176e-02
4.806884395982604502e-02
-1.227566746943136444e-01
-1.457232096422733658e-01
-6.096312374082205054e-02
-1.176337059575384564e-01
-1.251525255302528006e-01
-8.988392749798708448e-02
-7.799611843380475917e-02
-4.682439399756768011e-02
-2.489258580354232388e-03
2.772897623446716336e-02
3.919215860852936356e-02
1.196679494590188741e-02
-1.327955970628997596e-02
4.585118334081822455e-02
1.036973854919434786e-02
-1.118246936950679192e-03
2.762533253078303802e-02
-1.565012092273486075e-02
-6.206326648458945251e-03
-7.237081703974260205e-02
-8.293525134147940181e-02
-4.488190241807624159e-02
-1.055189953200222214e-01
-8.121955782310667782e-02
-2.119477138048079037e-02
-3.206088503933351985e-02
-3.625864294585021130e-02
-5.462220603396324495e-03
-6.139185175276583306e-03
-1.778421920780629342e-02
1.039679953312789076e-02
-1.273681905083550413e-02
-1.951649333145973400e-02
4.512140637047446640e-02
1.603671200275462450e-02
-2.708814050307998753e-02
1.349979733106729946e-02
-4.554620931112316612e-02
-6.094788040145654451e-03
4.931489789514867383e-02
4.562554909271359510e-03
-2.745632132947479001e-02
3.525672956413253289e-02
5.235471594012023819e-03
2.559129045847812964e-02
3.641403995950417971e-02
9.391376061518384027e-03
-2.104857856109682360e-02
-3.644021176418377628e-03
-9.288068073126780691e-03
-8.443521234779196791e-03
2.978028712840245437e-02
3.512664921370470955e-02
2.096693539958269931e-02
4.964269123931049771e-02
5.528295061473950840e-03
3.314106204862060298e-03
-2.378867745324379258e-03
2.445207791500090058e-02
2.489900169579942896e-02
2.012588466298975004e-02
4.019406359736473616e-02
-4.595329674229393230e-03
-3.109940576697278053e-02
-1.706486712983784904e-01
-1.889665659161986477e-01
-5.877214689231493455e-02
-1.174691588370782858e-01
-2.094390533051562753e-01
-1.278102902469085110e-02
-3.683545404078335944e-02
-1.279907558674891477e-01
4.068585199683902309e-02
-5.859999582047910154e-03
-2.654769856483682119e-02
-3.427106107240303345e-02
-9.330242679766959091e-02
-9.726340191074245300e-02
1.977027730684240842e-02
1.708894630919405126e-03
-2.418379756677859621e-02
-5.887302933771805524e-02
-2.113379988810375892e-02
-7.508333132535394139e-02
2.341656969046895104e-02
8.700992016853505845e-03
-8.300964398521751275e-02
3.006431438892904692e-02
1.960463724659657764e-02
-3.435658081300332206e-02
1.117547250328512903e-01
1.742600539542950300e-01
7.539831619856353362e-02
1.482630730132800390e-01
1.934441126776738351e-01
1.196807859062454585e-02
6.729567840672712187e-02
1.517539525300304337e-01
4.910836398210363662e-02
-5.099488715961911917e-02
-4.698938594079044712e-02
-3.574679835527511812e-02
-5.127876055063663313e-02
-1.032053434409148374e-01
-7.061116533398392736e-02
-5.024406736823152503e-02
-1.012576865086309424e-01
-5.254317531483283094e-02
2.989127367156804368e-03
-3.843762263536204277e-03
-2.011386698805991274e-02
-1.856312065087094634e-02
-1.780577772484113683e-02
-2.417174725286198173e-02
3.502973660163565678e-02
3.798954902968662561e-02
2.917048454563910334e-02
2.948791361268675998e-02
2.845485424470526464e-02
-6.090461975584505333e-02
2.710540093182805740e-02
3.789887792443107084e-02
1.219420988387060548e-05
2.267924751892573879e-02
2.807026813101584292e-02
2.401116716810845417e-02
3.230959486692847743e-02
-5.919912196719697220e-03
-5.798775882340664184e-02
7.491834075335600251e-02
8.068570559112400731e-02
-1.134935774044525288e-02
6.240692747798143314e-02
7.073924834434215658e-02
-1.784102633254821754e-02
-3.784966043558260496e-02
1.565259418503962829e-01
1.478729125914552411e-01
2.775347797070414763e-02
2.917661845181148197e-02
1.426449299089865008e-01
9.587765102540024564e-02
4.008606698777048005e-02
1.203238086427808329e-01
5.328366778323483793e-02
5.510967889923604895e-02
3.130234601646635778e-02
-1.265440178027480433e-01
-1.163999415747629523e-01
-1.043118326709592016e-02
5.566572558316038033e-02
-2.597429447338144449e-03
5.628092652615518388e-03
1.675874730613356733e-02
1.136340403619181538e-01
8.976067878783219878e-02
7.482534635797752354e-02
1.739319435537163561e-02
3.646419004183794332e-02
3.642421695683534938e-02
-2.201779584535225320e-02
-4.204036837293861212e-02
-5.207296548142303222e-02
-6.650794313526532664e-02
4.332471947103624932e-02
-8.106643854338362043e-02
4.677167227835636598e-02
8.961508828309733277e-02
1.026507628952512755e-02
8.504158108409400063e-02
1.379358809830359689e-01
-8.866526775259217508e-02
-1.068868018693724248e-01
-6.960975315348982839e-02
-6.066961057167906401e-02
-2.808895843318494345e-02
-7.287854359177341201e-02
-5.205045915159946940e-02
-2.785633891486195141e-02
-4.484800421786665908e-02
9.904997633880159580e-02
1.094042851467053878e-01
-3.569323775595337894e-02
-1.091720269445196206e-01
-9.903260593459249639e-02
2.468278093742139190e-02
-1.780351752833086165e-01
-1.753380707575792341e-01
-8.715385093175340462e-04
-1.561401190534208727e-01
-1.524374350625126717e-01
-2.883156991909950270e-02
-1.175879909257099842e-01
-8.156593453901185564e-02
-6.683482427367998246e-02
-8.492823778278385527e-02
-8.020979463726526926e-02
-1.232737663905182635e-01
-6.074307609166339911e-03
-2.596144942287953797e-02
6.602043864622060554e-02
2.704498939024846740e-02
3.128838874063766262e-02
-3.406329876917079530e-02
4.236516120880938485e-02
4.380146825941610284e-02
1.419943199845428820e-02
-8.023512865859762366e-02
3.956923829048658581e-02
-7.245168261266045351e-02
-3.016187624068052478e-02
-2.879656205092768692e-02
-5.493810400412179468e-02
9.399236730620245950e-02
8.224773285350411856e-02
7.259636092506045746e-02
-1.105332985827080644e-01
-1.254614842840975908e-01
-6.232837420786760396e-02
-1.024642295120555859e-02
-3.022210502252433220e-02
-2.380827230472649242e-02
-6.372923352717892176e-02
2.202657425654728357e-02
-5.441857747967989573e-02
-3.990494811016753740e-02
-9.100187407704014853e-02
-4.677531371664378490e-02
-1.462786810646695967e-01
-7.367552320705654523e-02
7.385233770980725865e-02
-1.206150451587876399e-01
-7.373207703723210459e-03
1.101200052863714751e-01
3.197591574866808645e-02
-1.771146883866809851e-01
-3.883945614567666516e-01
-7.184898111342759297e-02
-1.873567336525137073e-01
6.692690228755097948e-02
-5.523847396370194091e-02
9.402170617654574680e-03
-2.926778636793391647e-02
2.791056356506878625e-02
6.492228893938964407e-02
-1.202328250502530602e-02
-2.676891767907393221e-02
7.146022589562828209e-02
-6.412289007692678622e-02
-2.147772980762511184e-03
5.553800818334727468e-03
1.517644549563552069e-02
-6.711542552773432091e-02
-4.265091619246175192e-02
-4.594566169691645385e-02
-2.235438015481462648e-03
1.460197064141916488e-02
1.611885223792192123e-02
1.691358855127476218e-03
3.797184917484948581e-03
-1.141941536851493648e-03
-9.472481690666899323e-02
-5.104261020216159517e-02
8.190926865283500169e-02
-1.771490186561838417e-02
-1.379552977980629258e-01
-7.653495398208018385e-02
3.412587977143263784e-02
-2.756316909569767395e-02
-4.788928907028552201e-02
4.100093871403807239e-02
1.331282984442922097e-02
-1.645679507494196905e-02
1.594599226013258472e-02
6.043147048922716154e-03
-1.067972727035462798e-03
-1.188371051050166743e-02
-2.196378244354979178e-02
-1.331436728243958617e-02
5.688920265662022416e-04
1.738709877402577764e-02
2.065391722890494094e-02
2.489914590428577573e-02
2.146836589519496991e-02
3.330866622251463932e-02
-6.766172052049397763e-03
-5.960741027365879831e-03
3.129701609408863574e-03
-2.017970797996207141e-02
-2.676175430814963299e-02
-1.248979472415915996e-02
-9.306102849627080620e-03
-1.593837761780879381e-02
1.819313682235454898e-03
3.096367362939420748e-03
-6.089362001047636877e-03
-1.330877413952051905e-02
-9.907778456715798595e-05
3.026268059250882339e-03
-6.391451970180281848e-03
2.044475475126409508e-02
1.558057263304703927e-02
-6.243393123876958030e-03
3.106177701190036920e-03
1.042716772550521774e-03
-1.607672203641720074e-02
-2.745435558128556802e-02
-1.223949276623619020e-02
9.634913335627666442e-03
-9.085565134155886360e-03
2.740283234878948797e-03
1.648885543249213256e-02
1.827969118038243190e-02
-4.313203847172570639e-03
1.592743561697576929e-02
-6.124164006918602493e-03
-4.125010532051109902e-03
-7.379298313815677718e-03
-6.959337140848734921e-03
-2.201567784179191828e-03
-4.012396169379680959e-03
-9.611682897314311261e-03
-2.811257251032941561e-03
-3.888413536738788683e-03
-1.507013460624864569e-02
2.081501458241905717e-02
-1.395105516084830036e-02
4.127989907390309382e-02
6.896285377582857604e-03
-3.430500474907105524e-02
3.840108636222813732e-02
-6.948000841064505551e-03
-2.053313837771113259e-02
-1.827348281633471572e-02
-8.499204885290378986e-03
9.470388614306920593e-04
-2.598674373446350355e-02
-1.326834169218104416e-03
3.024281972974417372e-03
-1.308603007139408879e-02
2.662259383006945323e-03
-2.678225047587724566e-04
1.227639455747828352e-03
-2.614251641263967349e-02
-2.757508811669820772e-02
1.078718767027977109e-02
1.120951545670228512e-02
-1.688419259496890326e-02
3.561952859352816511e-03
1.133177067465517950e-03
-9.348664183403725819e-03
-1.229090451295812743e-02
-1.193690070124572237e-03
2.083454180760960922e-02
2.733099985118715713e-02
1.521053290432117580e-02
-2.200623311130062848e-02
4.736074511932787667e-02
3.480430526505749744e-02
-1.090261069569874001e-02
-5.323889199289304729e-03
-6.829802147768653485e-03
-1.537533511045477939e-02
-2.151277740097342142e-02
-1.642250090316720382e-02
-1.422676644817049557e-02
-1.787465639505169887e-02
4.538968687929333286e-03
1.376841400122894542e-02
-1.068868220121318297e-02
-1.313448457598198789e-02
-3.582346148663842662e-03
-2.210528945125123448e-02
-2.297477520129376574e-02
6.859908635152088541e-03
-8.184115756867227365e-03
-5.344277979984464813e-03
1.641736436007312436e-02
-5.995558198581123210e-02
-3.272201332349200520e-02
5.601201864992327861e-03
-5.648342312992322978e-02
-1.881963358940904121e-02
-1.364073040977318262e-03
-4.833153823826073781e-02
5.472571874078838682e-03
-3.270315501294632221e-02
3.935088367682058885e-02
3.137031553134415202e-02
1.396666070998362624e-02
2.342709593995471844e-03
2.093169100304882388e-02
-1.958896043798460940e-02
-9.840969376936721177e-04
-9.827697241449226753e-03
-2.758755239019732020e-02
3.261579443242673595e-03
-3.501033261517468020e-03
-1.354996336502961758e-02
-3.784086010029379978e-03
-1.052352094530696613e-02
-1.589421326615464078e-02
-1.193547556875784385e-02
-5.987072983520990745e-03
-1.245036646853533340e-03
-2.244286919511151793e-02
-2.240413608607942295e-02
4.751192925617478933e-03
-1.873394406587912397e-02
-1.284529129759743454e-02
1.002878314857708411e-02
-1.850879321662849937e-03
-8.214373897693432250e-03
-4.476540343275495909e-03
-7.080360142485528363e-02
-1.317863824968731890e-01
-9.457317991473099261e-02
-1.238347922538061835e-01
-1.330669059468681525e-01
-1.366537489251749282e-01
-1.716692105733012841e-01
-1.685479394462938429e-01
-1.052812113416152218e-01
-4.172821400041559770e-02
7.129206226617603066e-03
-5.875797200711256607e-02
-6.585839483141327322e-06
1.675228830389270951e-01
1.392685431220476722e-01
-1.135199150663221135e-01
2.858951670673902726e-02
5.600135483262101699e-02
1.335921488391248434e-02
2.099539157972976633e-02
-6.803963982794712650e-02
-4.306762801098606985e-02
1.554354609372088879e-02
-4.022624071972864986e-03
-1.464036960480451510e-01
-1.468550483629761372e-01
-1.089453308047864805e-01
-6.865166652736658798e-03
-4.151928373820145020e-03
5.844640474880336348e-03
4.599643293089282492e-02
8.597438269150398105e-02
9.350698760018065492e-02
8.813771107221373248e-04
5.514308784802848806e-02
5.562963702253165277e-02
4.579824192569732083e-02
1.014869403982998491e-01
-3.140975068411828303e-02
1.488398660869420451e-02
1.814202289437543900e-02
-1.011781099225060182e-01
-4.856937578023198115e-02
-7.305522101111233679e-02
-1.436550532915725487e-01
-5.467485955778249307e-02
-6.289832223503308284e-02
-6.274412379724222943e-02
4.489602445842659105e-04
-1.957655221265527587e-03
-1.126412242364435885e-02
4.950899254109353276e-02
4.713014572553476944e-02
3.359830949599493938e-02
9.371319765871106988e-02
8.317768172799064330e-02
5.880764091141188477e-02
7.049947678665779982e-02
7.708767492742363281e-02
1.133375861771220433e-01
1.297376470004605875e-01
1.140578905012784722e-01
1.631268910529987681e-01
-1.327548617283255961e-01
-1.254189761347127008e-01
-1.438092185717001203e-01
-9.443080600978383254e-02
-8.924638855578422014e-02
-1.047274464824636681e-01
-5.241918836013152033e-02
-5.145244225423287882e-02
-8.628461344092404339e-02
-6.972842338355596074e-03
-1.587383212824662777e-03
1.927666410358922985e-02
3.664711582519776523e-02
7.178236590839834341e-02
2.310338874748768187e-02
6.133638459559823813e-02
9.409329925643140913e-02
2.477726920874670502e-02
-3.105406460422499917e-02
1.319665433850126038e-02
3.024500996841431727e-02
-7.863879679215535212e-02
-1.220414982941269433e-01
-1.029413706910216331e-01
-3.234144531404530010e-02
-1.040345533434822306e-01
-1.033658908045903269e-01
-1.112134552555887473e-01
-5.561584598519648398e-02
-1.109644361031738302e-01
-1.044651119776521808e-01
-4.504273436549502407e-02
-7.095649778671500596e-02
-5.293488694654240739e-02
-5.539445099217838418e-03
-4.158253835738255633e-02
8.534488700471472289e-02
3.082190994947239891e-03
-5.522174165121386535e-02
4.711456289908771272e-02
1.341924555798693942e-02
-5.522929777255758399e-02
-2.409173962160300261e-02
-1.979497194304133054e-02
-1.534824618170447727e-02
1.698089636396904467e-01
2.700394785574317114e-01
1.078119189797035471e-01
2.832621042733447503e-01
3.824003164919971831e-01
1.095585307753681736e-01
1.651958144651701765e-01
2.088525202467014508e-01
1.936339562366761746e-01
1.178705320653459371e-01
1.897955868764925752e-02
2.656603714738816138e-02
9.134929857281806620e-02
1.734395109687902892e-02
-3.455019841815447357e-02
9.402194651564143787e-03
-4.852936468301044526e-02
-2.090093304881230143e-02
8.258475511791544404e-03
2.884302872252843567e-04
9.740118426297053947e-03
-4.224455661067096253e-03
-2.025901089006131722e-02
-1.435194001899133855e-02
4.393408748899834543e-02
4.424980710698604713e-02
1.631738601583302209e-02
-1.045112457649279153e-01
-1.958382011738739673e-02
6.321854109286899337e-02
-8.298795612928955290e-02
-7.248414402584417958e-03
1.100605505503811504e-01
-9.846027828698936113e-02
-5.992184042121330434e-02
-7.411954884475051471e-03
-4.104156729294045070e-02
-5.002420564935359387e-02
-4.452345277473118701e-02
-4.985228725465559729e-02
-4.261734627050364071e-02
-5.908641287506689876e-02
-1.690642447949939481e-02
-1.954545463928738028e-02
-4.190928972996336294e-02
-3.218725764738579465e-02
-5.309482381864968209e-02
-5.738581768234454067e-02
-1.723987070472434921e-02
-5.775584498546688927e-02
-4.065454062484441522e-02
-9.141831259383793526e-03
-1.034457784109603026e-02
-3.923704898068734043e-02
-1.423715222876572283e-02
2.027955313208140709e-02
2.503320893124017649e-02
-2.170591913949810811e-02
8.705291564910667274e-03
1.013142708357209730e-02
-1.713068129946308804e-02
-3.224246188899954763e-02
-2.471622135092324535e-02
1.075541749317510815e-02
1.368440032236021913e-04
1.679137508879915280e-02
-1.221664683646238704e-03
-2.289609425277442170e-02
1.182691492949233814e-02
9.606686661295915294e-03
1.300368182368565398e-02
2.268356177314376568e-02
-4.764673926315121655e-02
6.631972022920227215e-03
9.501229863033441511e-03
-4.450460403789651721e-03
7.976238700365803624e-02
8.562789980330849648e-02
1.278885264923060490e-02
4.653929322755886305e-02
6.463491843185259489e-02
-6.218775869100400325e-03
9.698998500143730592e-03
3.677917260508264865e-03
-1.517378042615737110e-02
1.583336933244752082e-02
5.836225980820803488e-03
-3.467724842543630503e-02
-1.307418898933979459e-02
-4.118506893655082303e-03
3.728297077536080889e-02
-1.770011851625868937e-02
1.292620701573073691e-03
-1.355779918480244997e-02
-4.040531236912062174e-02
1.625801755493095149e-02
5.858367648237224057e-03
-3.111111548032263838e-03
5.769410458524112766e-03
-6.300455458293270639e-02
-8.652564258143199266e-03
1.062157398382864923e-02
-3.657824867522550816e-03
3.621653972220435086e-02
1.893969414244388305e-02
-1.215522868354848920e-02
-8.658015153350675716e-03
-2.195754404133115623e-02
7.302574140729772498e-03
8.708650583500445949e-03
3.119930419212423815e-03
-2.086850706615644372e-03
1.089728441440511800e-02
-1.105987893815253177e-02
-1.334904300672134017e-02
4.913881532073034221e-03
1.961983915013970278e-02
-3.014414414833666359e-02
-1.292721199039824700e-02
-7.934402260375597593e-02
1.287664100971084961e-02
-2.631115219626701390e-02
-2.929644801629143966e-02
2.258488746152321341e-02
-1.803391539025350418e-02
1.492467287663005321e-03
-6.001551960172687300e-02
-6.030949653924911474e-02
-4.585230783794136400e-02
-6.487086900596379137e-03
2.064011783405449857e-02
1.763106146350794379e-02
2.439527941376241644e-03
3.912532966093699993e-02
9.686517697900640447e-03
4.408995367480916805e-02
7.014826953782326603e-03
3.116662558379171971e-02
5.862803737503267942e-02
1.449278501326735705e-02
2.677257429885306420e-02
1.171354122481379524e-03
-8.046833255121464733e-04
-2.340129938758709824e-02
-9.520547770106910224e-02
-7.138784024837149800e-02
1.671462561038687331e-02
-6.601278512646986674e-02
-9.329998565146163658e-02
-1.833196411372481696e-02
9.716684961928146250e-03
-1.297033960436345112e-01
-7.254902839667275172e-02
-5.498098430663657388e-02
-2.512805778494156886e-02
-5.127242023440618801e-02
-1.290585900962306840e-02
5.972073977683438600e-04
-3.080563322140305108e-02
2.193440941524868546e-03
-7.177674905924158466e-02
-3.088524196198077706e-02
-1.982989578728784619e-02
-3.612419128917028054e-03
6.674457873171123906e-03
-2.053851981080613565e-02
4.089974352007931285e-04
8.859040673038335451e-03
-1.252949981991352719e-02
-6.563993679391399647e-03
-1.478329205727726622e-02
-3.730331878146847264e-03
1.127130430710327445e-02
3.918204737255275016e-02
2.565457548306996835e-02
1.161622199044873467e-02
1.729039799086098256e-02
-2.808118676905927563e-02
-3.443465409488184747e-02
-3.732423481673604465e-02
2.943022608704644674e-02
1.672671143010054373e-02
5.638315191006433406e-03
-7.973267660640734333e-02
5.171682931991971460e-02
2.713622561041783079e-02
4.759601090163608633e-02
3.430481146155555522e-02
4.205922308703502477e-02
4.478373234039993017e-03
5.552452258934106877e-02
-2.307164410864670848e-02
5.776682987337056208e-02
1.428622702532742622e-02
5.922028937780728780e-02
5.926722364824334177e-02
4.951456177544612258e-02
7.341553198663080572e-03
-1.466317482900392904e-02
-3.993669585051880244e-02
-1.156426974251052592e-01
-7.883386135166507713e-02
-8.776495712402607174e-02
-3.783593404567005269e-02
-2.344948077465890471e-02
9.879804273472590770e-03
-3.409660481586489211e-02
-4.163037624895533223e-02
1.423482622165451669e-02
4.845854653841357058e-03
1.508156583908216303e-02
-1.326631363379251159e-02
5.941827410663746284e-02
-3.293286121807980499e-02
2.478290877710581305e-02
2.154886679191645935e-02
-1.743185352311859421e-02
-1.370351460827201329e-01
-1.264488775335051440e-01
-1.004966177237872765e-01
-6.678630312256932100e-02
-1.502293308770824842e-01
1.147496948622161485e-02
-1.215700115851162527e-01
-5.094174487186174660e-02
4.384156750345701015e-02
-1.252381300767195678e-02
3.354201261139929356e-03
1.230859487553066095e-02
3.465466299866185040e-02
1.014831555041726188e-02
-1.491182763485792350e-03
1.389382646690045381e-02
3.003098825729496549e-03
8.296155675749329605e-02
1.323537479195398825e-01
-2.437388123000069212e-02
-2.335285208232334292e-02
-8.786621140917434680e-02
4.579824589324549972e-02
-3.774837525782567815e-02
-4.468929948890023457e-02
7.158833510892741170e-02
-3.207474767142239058e-02
-3.583203952252064783e-02
1.977756122701479144e-02
1.256680996882759103e-03
2.649322902933324078e-02
1.115749592924867098e-02
-1.421585895201094192e-03
-3.870339935974352694e-03
-1.447532780902348326e-02
2.318831898576358130e-02
-6.178408998176732753e-02
3.652064585220552578e-02
-1.357258518622430146e-02
7.419763727758503513e-02
-7.407990980033381245e-02
-1.060159031372651106e-02
-4.743211521293547173e-02
7.672257354547257213e-02
3.573334597958814640e-02
1.433045143519531273e-01
1.021588487693201180e-01
4.912804700610385461e-02
-1.042681132441432117e-02
-4.315784523839562986e-02
1.055447885560117649e-01
6.171901005457036682e-02
4.238766356785243772e-02
1.396175718612800709e-02
-5.812207657094338453e-02
-2.461726460262643468e-02
3.345917005693476581e-02
-1.675734969612291750e-02
-1.459975508613002224e-02
-1.413210999187515353e-02
4.252023270699836072e-02
-1.579262822307821862e-02
9.101693600028300246e-02
2.046042152952169332e-02
6.298604822743088250e-02
8.372852799762663112e-02
-2.479270380613401645e-02
-5.149395001313373209e-03
5.831360886094984208e-02
-3.172407335187772681e-02
-1.657994096080834742e-02
4.579017595888196929e-02
1.933733695103822398e-02
-1.556474438743113767e-02
4.282366223906734076e-02
3.957221726498967238e-03
-7.055282510729032897e-02
-2.017839954507447825e-02
4.114209258995464580e-02
-6.330114407765583852e-03
2.503442582488100976e-03
4.475039415503288126e-03
6.198645586626790743e-02
-4.546396932946082658e-02
1.377325521495283978e-01
-9.449806592579325717e-03
1.771580352014527279e-02
-3.903001533366135672e-02
4.040687478720825926e-02
-2.779259664576535366e-02
-5.879730201380895666e-02
-1.841092602943978501e-02
-2.415519068697166705e-02
-5.439864394227868910e-02
-1.158351945985682148e-02
-4.512505547730638611e-02
-3.054927452879244165e-02
-1.339888745116125587e-02
-3.585019044228222179e-02
-3.335640529059365200e-02
7.117043531224521991e-02
6.069178343121296726e-02
-2.429830921857543263e-02
-3.715750168106175116e-02
-2.514435996769291345e-02
-2.565514236978800461e-02
-6.109809000697072334e-02
-6.467788294935813975e-03
4.516267231953427497e-02
4.184376978031607852e-02
2.966515538758552478e-02
6.727327324442636258e-02
6.583473390050260943e-02
4.158809050874590421e-03
1.906021535867631969e-02
3.402992285495289038e-02
7.234006701470369061e-03
-2.492364332798117227e-02
-1.104217629852500063e-02
4.821714028986046757e-02
6.602918547428481000e-02
7.429093092855484914e-02
6.924891009975393807e-02
1.087618195019922768e-01
1.015700135343459570e-01
-1.114908577211768358e-02
-1.081620130517270233e-02
-3.705967726726747818e-02
1.780157111216973745e-02
1.845595933048288430e-04
-3.844981825096722289e-02
2.834633478153452887e-02
2.247835101317426781e-02
-2.234067254093089275e-02
-1.476602472106706455e-02
-7.923539057934636531e-04
-1.939876467361143809e-03
-4.194740312670112645e-03
-2.225653202597330151e-03
9.782608262766228843e-03
5.745766910307828490e-03
9.822214106454540614e-03
-1.730954983250671030e-03
3.629043139132943213e-02
4.566275636822505340e-02
-8.489754540389492232e-03
2.738850876735107048e-02
5.040266674705263725e-03
-5.705798325651951358e-02
1.841575254285822069e-02
-1.268116160063156687e-02
-4.463887670425257387e-02
-1.683916253455235851e-02
7.360606393782053412e-03
7.788010518034188187e-03
-1.722275211659464456e-02
1.833721581965227707e-02
2.340044240010560536e-02
-8.264538986277564919e-03
3.293296556460477420e-02
5.370436480920643546e-02
-2.150236620455498252e-02
-5.604648211761037446e-02
-3.766926107955912567e-02
2.132463902179754928e-02
7.383617904597442397e-03
2.392746061383792255e-02
4.397674772584069663e-02
5.892462301673020986e-02
3.359648796347310378e-03
-2.386599705496428303e-02
-6.749306315718114034e-03
-6.334688204192217599e-03
-1.797899468650838994e-02
4.065566138061301382e-04
-1.878423112406811188e-02
-1.660820267570158049e-02
1.201962185674044191e-02
7.762328842268479551e-03
-1.317041193073143109e-02
-1.869662044015864538e-03
-3.384130675207385613e-03
-1.851675712544095451e-02
-1.391766083307719240e-02
-1.427377176225251391e-02
-7.870422221417051542e-03
-2.584103589370941034e-02
-6.157694616322153050e-03
-4.162680518226833520e-02
-2.294171015260785748e-02
-1.561359738711707960e-02
4.404488648799343049e-03
6.275811840695498522e-02
9.413803908886593519e-02
3.165623779847694802e-02
8.680668197886699800e-02
1.375647905456320597e-01
-1.288018486481892245e-02
2.765696050218086847e-03
1.286248022843102662e-02
-1.968616475204326352e-02
3.098012777783811997e-04
1.105599257254671420e-03
-2.550343587782475871e-02
-5.504321938896299636e-03
-3.531194244054530751e-02
1.349281396155351323e-02
2.792318410249925928e-02
3.230949354902416110e-02
2.109719951510836272e-02
1.443091462877116836e-02
3.831007975796499321e-02
1.720286869251823857e-03
3.724523386712748178e-03
5.002244947670327763e-02
-5.417414656309688104e-02
-5.092101999324060053e-03
4.829939893445369010e-03
6.717660281838945535e-02
-1.383606627962587210e-02
-2.630034943005304243e-02
1.138161301988526858e-01
-2.531127182201878961e-02
-3.488363209116437241e-02
-1.685886697184744987e-02
-3.034602110373179826e-02
6.720246055358257940e-03
1.144179105220334385e-02
4.695957832791010367e-02
5.682142796978537080e-02
3.677569801096464835e-02
8.820353998518726257e-02
7.975464461414874529e-02
-4.453975650119468277e-02
-1.837292284613905105e-02
-1.940133739949622196e-02
-2.420733237442548175e-02
8.069129749576608654e-03
8.770516216562683487e-03
-4.243346264104985721e-02
-4.370104451720690023e-03
1.438383023225489089e-02
3.684821274900463520e-03
4.316598026218341024e-04
-1.708444551784298743e-02
-3.607503836413263054e-03
-1.673540373014303223e-02
-3.666138567755199140e-02
-1.311326830982752732e-02
-2.039985948759907505e-02
-1.685501875604904221e-02
-2.213139967777211572e-02
-4.073496854328571837e-02
-1.879484756663300088e-02
-3.732264717002650029e-02
-5.151185541423641823e-02
-5.527125286709694968e-02
4.283689798144571514e-02
4.840876657171372388e-02
2.255821972188470914e-02
-4.056797626659610495e-02
4.229039523199891459e-02
3.247558490365583944e-02
-9.868575281979947988e-02
-7.950863200277820397e-02
-5.931798604062170355e-02
-1.024654174889871039e-01
-1.176439260771953432e-01
-1.385861639545571677e-01
-4.584901030257045734e-02
-9.146128445496896908e-02
-1.036091731930889326e-01
-5.276037071624514047e-02
-7.570890552823979214e-02
-6.669847773600805219e-02
3.110776827602554709e-02
2.019194826774617368e-02
1.703361619726057735e-02
-1.330915846676337987e-03
3.134828467286443140e-03
-3.380792568627469241e-02
-5.352002843578602259e-02
-4.602320565749523640e-02
-4.857028464588526023e-02
-8.580610801975108171e-02
-5.988539278042208369e-02
-3.326006722438438340e-02
-8.212121038917719051e-02
-1.665422212405661406e-01
-1.518500984560777201e-01
-4.614707532322944589e-02
-7.012457533874365267e-02
-3.394791395131822181e-02
1.108186670977480415e-02
1.391536870939107801e-02
1.006702761909458038e-01
-3.951922998606001436e-02
-4.630869267937286204e-02
-2.567115665131390612e-02
-7.251166314121920697e-02
-7.353312399707170877e-02
-5.326998850138316838e-02
-7.106620664217808137e-02
-7.421990874925815662e-02
-6.469081139486662635e-02
4.287421430880470480e-02
2.110626538896033175e-02
-2.400657251569150111e-03
-4.179367931028153682e-02
-3.806542147672301729e-02
-2.677676822182231686e-02
-7.570498902562523835e-02
-6.666982290481587858e-02
-7.194445496536258124e-03
-6.638824896203654458e-03
-4.669005185091664595e-02
-6.058335188971859797e-02
-9.573714672551044899e-03
-3.672388102117948167e-02
-5.742522659961579734e-02
7.381474929259512936e-03
-1.307366231418496776e-02
-2.177863713764389281e-02
3.023199447040206961e-02
-8.490199845465193004e-03
-1.639449089979248472e-02
-2.671718602933696035e-02
-5.194604355006846724e-02
-7.949921733303168259e-02
-4.230468225010299704e-02
-6.220920030813586327e-02
-4.393236841205479248e-02
7.176576795708963178e-04
2.078740456106193887e-02
3.218050518918556206e-03
-2.755351818870012404e-02
-5.175147416510893217e-02
-4.626873339745229269e-02
-5.328850972441180611e-02
-6.094654862273898854e-02
-4.299044542503402400e-02
-8.723012645990029304e-03
-3.845842608121582268e-02
-2.591114651135024635e-02
-1.849459286496677639e-03
-6.170379344801173865e-02
-6.348710033500584715e-02
2.046161795974636710e-02
-1.550931817259732469e-02
-2.295367008640185336e-02
-4.783601229949730610e-02
-2.135902701879900667e-02
-9.147901142222263429e-03
1.867467187495569850e-02
3.539887204100760493e-02
-1.249078812787009565e-02
1.243790507202474811e-02
-2.351376419544638254e-03
-7.000121646163715017e-02
5.247421268517830917e-02
-9.951452448582873145e-02
-1.018414405663169986e-01
-4.903012108091988480e-02
-5.349113395845484648e-02
6.757112518657242169e-03
-8.884278064660731944e-02
-1.190408508095721837e-02
3.380250762942346721e-02
-4.906884104995017093e-02
-8.414051257742208301e-03
3.708940711467098583e-02
-7.145256414747820639e-02
-2.801293832415613361e-02
-1.775238617726807369e-03
-4.511520697791169404e-02
-4.936674174182813235e-02
-7.595113984554370881e-03
-7.307027829123446949e-02
-6.918293034124413377e-02
-3.620413921372347965e-02
-4.993312142674708604e-02
-5.941272842991827952e-02
-3.383189988602051945e-02
-2.557484149864222220e-02
-5.498476617846806414e-02
-4.496480848458987711e-02
-2.720984713838240851e-02
-1.174380084204991632e-02
-3.343608457466883815e-02
3.776813290955438607e-02
2.194075638127269620e-02
-3.516621398341824439e-02
5.705150186935737527e-02
3.810746088713011515e-02
-1.481028887211436121e-02
-2.098587016101370953e-02
-1.853534171290118155e-03
4.082313375159846852e-02
7.032589108242180524e-03
-4.265816131420686191e-02
-6.519290743958959522e-02
9.055391181805254319e-02
2.685699425215521546e-02
-1.745821189186061093e-02
-5.924204855779757750e-02
-2.041516441839684795e-02
4.269956325169498024e-02
-1.810478008422898252e-04
4.370524048143960283e-02
-3.861528139463701187e-02
-2.397926718315410502e-02
-1.453225419791133108e-03
-5.744836253744621535e-02
-6.318618529432371012e-02
-7.372019064184136272e-02
-2.140238184576382860e-03
-6.096199401418247316e-02
-4.202905640290341416e-02
-4.243950541304093022e-02
-5.791573505945776107e-02
-4.488809114788726122e-03
4.961097808609655352e-02
9.847887338080762651e-03
-1.114738132747517723e-03
5.786157060305661612e-03
-6.130842307279483171e-04
4.575260358428207691e-02
-5.090340985980410654e-03
6.078820069724517883e-02
6.581851144066513948e-02
3.792370164313669384e-02
8.685818670645510664e-02
3.758642346861917199e-02
-1.852444842638988065e-02
7.894412648290881351e-02
7.352352061796057353e-03
1.095402398201878250e-02
-2.310446943890746146e-02
-3.708973208168296794e-03
-8.727089751799633338e-03
-6.579132352081019409e-03
2.534002710153673149e-02
6.749870676913178984e-03
-1.225421452974491399e-02
-3.922473973727222223e-03
-7.282894828276056942e-03
-9.047435116698495858e-03
-2.591640999587450922e-02
-2.926932171002652808e-02
-9.443957993137634677e-02
-1.709517515129021226e-01
-1.014044032752034613e-01
-1.847676739804448437e-02
3.841533794923204098e-02
4.499449244623111854e-02
6.204347430503471400e-02
8.367453262738676345e-02
4.051272642197275425e-02
7.067052338290971680e-02
6.687425027744664519e-02
3.323605834202038485e-03
3.211033250488364715e-02
1.828123582426943727e-02
-1.268308005901113214e-02
-2.309568998548373539e-02
-4.680357925050623868e-02
-5.240330831153400953e-02
-2.848562211915688785e-02
-7.715356591576551237e-03
-3.143820706389931913e-02
-1.261122583942854078e-03
-2.862457846022376656e-02
2.002913621994392712e-02
8.133125805696340971e-03
9.011678724093701021e-02
3.726460949301803327e-02
-5.242248681716142611e-02
-9.767330165700469080e-02
-9.817061108847220663e-02
-7.896853622213437229e-02
-6.223866061940545175e-02
6.806379978160755073e-02
-1.774192855570053823e-02
1.753704880674249178e-02
1.041371515920124780e-01
2.070448676626758869e-02
7.216006103274896777e-02
3.431375185188430960e-02
1.770217037508481014e-02
4.077848758361451303e-02
-5.124843372270681098e-04
-1.557627535327737144e-02
-4.637895749281011754e-02
-4.966938631406779547e-02
-1.116788349525028590e-01
-2.336695717902503161e-02
-4.083319056415939813e-02
-7.858618408007946032e-02
1.864115013139333241e-02
-1.562813774478742992e-03
-3.842834204906936391e-02
1.387743400380394253e-02
-7.559411072008677054e-03
5.667468654176041620e-02
1.276618087720680639e-01
1.174811255922026260e-01
1.893684014979359620e-01
1.528019377246231381e-01
8.289508184102314936e-02
8.531809220868417920e-02
1.014797714906473525e-01
6.316726145525398961e-03
-8.144781078706356259e-02
-5.946231298528442677e-02
-1.083287718800831322e-02
4.542429410157898528e-02
-1.482995235774479080e-02
7.480317779370888875e-02
4.109970565960239380e-02
3.869816881634955547e-02
4.395689231051538165e-02
-4.945823552694995039e-03
4.537965296653095199e-02
4.008940416833190606e-02
3.787299380712733088e-02
6.168232390884818145e-02
2.512746608577330967e-02
7.237822873913037081e-02
3.248103843321321210e-02
8.539764883340301982e-03
6.011049775667120371e-02
7.789815154181754797e-02
1.019689325988558729e-02
6.340166239316079484e-03
7.127127877274723813e-03
-2.671425414986158126e-02
-3.118056000155229601e-02
-5.093523412023113345e-02
-5.250399018149520813e-02
1.696815941325913873e-02
-6.896588726123051814e-03
-5.548670471680543052e-03
1.166759091620088451e-02
9.211199813847860407e-03
2.324465445489890328e-02
-9.661897036145493736e-03
-5.829884805322046483e-03
-6.731807089435015191e-03
9.137438591574830252e-03
2.346957557404272688e-03
-5.897853713942589719e-03
4.817454967852659309e-02
2.141698576303501314e-02
1.979862226119895319e-02
1.746804489812882680e-02
9.953651338881663174e-03
1.557231333060937056e-02
-6.523869061762369373e-03
-5.254862815216173114e-03
-6.139696439954427098e-03
2.208014825194557548e-03
7.917892067924077112e-03
1.123928569032229749e-02
-4.514268879254278860e-03
-5.783957256869504994e-03
-1.735216846282093550e-02
-4.824429990050852260e-04
1.477231685736447950e-03
1.496437213594515800e-02
2.091321456725424646e-02
1.240290848713775920e-03
1.697164895451022497e-03
2.006322647129222744e-02
5.376717758116311523e-03
-7.914056820791066232e-03
-1.469177376735412988e-02
-3.445837879152224142e-02
-3.327701304634748253e-02
-1.180143419663052390e-02
6.916970872070851879e-03
-5.997518515535945824e-03
1.024861966224155027e-02
-3.916174037755867574e-03
-4.932523982711494934e-03
-1.145651601368018538e-02
-1.026020370950309762e-02
-4.219189477578305170e-04
-1.034794107812668680e-02
1.803539697401210402e-03
-7.095896287659571484e-03
-1.552355372012916533e-02
-9.820580676295516745e-03
-1.535396410348264032e-02
5.903870504400957064e-02
7.205381456473240742e-02
3.218806272002736751e-02
5.299056091829182358e-02
3.056407395704552679e-02
1.509248052702148735e-02
1.862632317481670990e-02
-7.824506236417659924e-03
3.562650040515011156e-03
-2.098357093461639469e-02
-1.628958343038827694e-02
-8.699247685586154050e-04
-1.991640007885742136e-02
6.750414882542543973e-03
1.288251275361577963e-02
-2.237508525296045755e-02
5.405181649119198718e-03
-5.634392769442051092e-03
6.147299649183026946e-03
-1.939573917859707328e-02
4.920662384670584574e-03
5.226696486490847032e-03
1.673307883350813596e-02
1.997952330469678528e-04
-4.268782378444368336e-03
-2.885144469782574463e-03
-8.110094097491544335e-03
-2.866549089604363346e-04
1.895041141829434048e-02
2.183592792793037987e-02
1.315686169326661312e-02
1.224882633148655304e-03
-2.073142489722771490e-03
2.645625629752844724e-02
-9.354055228987962281e-03
-1.071359117321072849e-02
-1.879380491365298389e-02
-3.905487491687439222e-02
-3.226583552263492805e-02
-1.550365359026840799e-02
-1.104233716539950241e-02
-5.785428246997954653e-03
-1.523156217963174061e-02
1.172172636915367987e-02
7.339922877170468665e-03
-3.664867033182965094e-03
-1.517508335123772534e-02
-2.121133310646098127e-02
-6.705771840256979574e-03
-2.965312503713644562e-02
-2.830642313375835231e-02
-1.712686509505934995e-03
-1.159816203827698441e-02
-5.056540747460503668e-05
-2.383339853233472708e-02
3.910691641305916871e-02
-3.224165003194254947e-02
-4.471417069072684825e-02
5.656621193614952414e-02
3.175686713775680015e-02
-5.225989993597923711e-02
5.444682606432872662e-02
4.477816340166184544e-02
1.486658029457450271e-02
5.127338527869869725e-03
-7.491261427416481475e-03
6.512727007591468525e-03
9.428822246561757020e-03
-1.397046192498254021e-02
3.644234772509853670e-02
9.522035225127212319e-04
4.127182989339023972e-03
-8.034553882030833621e-03
-1.826371714763254731e-02
-1.193343409905219150e-02
-7.042862337172837821e-03
-1.299990310226564923e-02
-5.195033075949894753e-03
8.917871273253403369e-03
4.669686004850528115e-03
-1.315897537151112118e-03
-1.757462671757777095e-02
-1.510197467781899602e-02
-9.619298066893313673e-04
-7.517657753627231439e-03
4.130986914127028099e-03
7.601055527358862099e-03
-2.364878637099705749e-02
-7.045392486597246151e-03
1.418200782276518622e-03
4.868604944233368564e-02
1.232555195779600106e-02
1.219662717816926735e-02
2.014831855812479824e-02
-1.588509499926202620e-02
-1.421697402297700122e-03
1.961415537435981515e-02
6.423572537500629731e-02
8.190713053568032809e-02
1.504675482975142975e-01
1.231427117519759279e-01
9.381895524844552359e-02
9.849197671987354463e-02
7.310011678379807476e-02
8.248048578196641445e-02
8.750134720572056574e-03
2.182245920664995995e-02
9.411272393337578868e-02
3.174822877312408198e-02
-5.116824022441433112e-03
8.106489539049979709e-03
-5.388077704674198304e-02
-6.881241672044671742e-02
1.332352916982387607e-02
1.304777881593500825e-02
-9.806145533067623461e-05
4.598336126670351381e-02
1.119982261782289656e-01
4.126594267822050743e-02
-8.912398701763672715e-02
1.385545735362226083e-01
6.015178732924096605e-02
-6.471875479739951087e-02
6.968777452896722513e-02
3.450471969066867123e-02
-3.659864161326038118e-03
8.430264364308541480e-02
2.767698465920788789e-02
5.437576534638366432e-02
-1.005332188252913567e-01
-1.566351265427240180e-01
-3.824887806918160493e-02
-1.371009013492085482e-01
-1.541936512758116107e-01
2.974287324483989095e-03
1.981055961292958398e-02
5.270944900599400240e-02
4.568324199934386404e-02
-1.592703018067417875e-02
2.034441268140793971e-02
2.233233304004977188e-02
2.877360294379078393e-02
3.297367419170411235e-02
2.709620924919773147e-02
3.175308393081852087e-02
-5.321587359794050648e-02
-4.936532126470685039e-02
-3.112700094866990841e-02
-2.368988666660701292e-02
-1.503637817335310226e-02
-1.268313658230658947e-01
-6.840605267918936638e-02
-8.334482138798174344e-02
1.883294151467512778e-02
8.642172106894198402e-02
5.171209112041318112e-02
-1.374785819867683535e-02
4.860475945568441120e-02
2.800820225134551672e-02
5.926875077690317573e-03
3.156575440691896522e-02
-1.201669521483877089e-02
2.288261769808839705e-02
2.202683783830444372e-02
-5.325142203187528678e-02
7.011789810263650835e-02
1.088668302905588300e-03
-5.448705695273022009e-02
6.142063803843447745e-02
2.805631171057801701e-02
-1.414205270128109961e-02
-4.702511355696070705e-02
-3.616443048504053986e-02
-1.112203612019893872e-01
1.885332594398215350e-02
-2.367277698239668091e-02
-1.712534638849457225e-01
3.428691930557398876e-02
1.892831688339546153e-02
-7.696304660471084413e-02
3.856668746977204298e-02
2.821881031251855659e-02
1.059449023609234514e-02
-1.394025173342304524e-02
1.412074154261899230e-02
2.219801243526095536e-02
-2.375892031848798880e-02
1.547423473841167199e-02
2.362357985934548238e-02
-6.219714682537393069e-02
-1.134924303427926467e-01
-4.209053741711126645e-02
-3.639406678622048030e-02
-4.763203539255099483e-02
4.490718708375683599e-02
1.054186828299523773e-02
4.956115138313956642e-02
7.772208405695994748e-02
-6.847280431654133304e-02
-1.130643717933643294e-01
9.471956078110327359e-02
-1.051513146300644685e-01
-2.045444483995778329e-01
7.569086871110104753e-02
-5.042915774152721686e-02
-1.335906856249665653e-01
6.308548698200140692e-02
2.640330320372734699e-02
-2.296626474174128310e-03
-9.041128190131186848e-02
7.429807134113844413e-02
5.424393289689747460e-02
-4.221741977565202086e-02
1.030892559230160016e-01
1.390247282015266705e-01
2.932666055688506329e-02
-3.326879364117731053e-02
2.569295927623600415e-02
7.023840908384527959e-02
4.805632644810355070e-02
1.053047321884513915e-01
1.103081466889225676e-01
4.549890061253557272e-02
1.180143632849251500e-01
1.046101824415492654e-01
-5.577455074416939190e-02
-1.060782338516493874e-02
-8.419131858406946056e-03
-2.619424119835644243e-02
1.220554909551166585e-02
3.178234597528414168e-02
1.151027695177566854e-02
2.560315061252957033e-02
2.581351455962858921e-02
2.087553058142056425e-02
5.023208110746596455e-02
1.260150969581618451e-02
6.221561683609531934e-02
9.819589103477098513e-02
7.611894330733023906e-02
1.899100523891369659e-03
3.391901257198867356e-03
4.376594779949789793e-03
-3.157595065077371463e-03
-1.976132960940205768e-02
-5.807646310298153480e-02
7.358367708473721736e-03
3.638799178992780953e-03
-7.366452070366555360e-02
4.425014170248978140e-02
4.793136188433907291e-02
-2.771908641517427732e-02
-9.700835966526671905e-02
-6.974972708472898519e-02
-2.143022137945237160e-02
-8.822427927784791402e-02
-5.269071360151669076e-02
-2.296848142135865870e-02
-4.565520614053467097e-02
7.101928471734482613e-03
5.674931433133761222e-02
-2.333687952439728736e-02
-3.505644099867216701e-02
-1.011747012983444174e-02
-4.007171045897649220e-02
-7.895745887288023891e-04
-2.474100753428343236e-02
-3.315956449165780202e-03
2.605502370826669710e-03
-5.658360691052359732e-03
-4.059382001520942668e-02
5.072617612370520362e-02
9.504837032215032733e-02
-5.063440293508620488e-02
1.346054529629759494e-02
9.372267866501203526e-02
-7.792802240907197031e-02
3.522743439498912665e-02
9.472331673387648920e-02
-3.176070631196151878e-02
-2.001039851071950357e-02
-1.471548819151188327e-02
-3.139940003769402938e-02
-2.872586051027542497e-02
-1.737815062150734752e-02
-1.466676082936566039e-02
-1.230329123241543157e-02
-4.245892819693859038e-03
-6.251839796497295210e-02
-5.453734993054908109e-02
-1.600625995825142450e-02
4.246958975443209522e-02
6.788103948708960889e-02
1.029720702045079997e-02
5.528975381078241047e-02
8.088601652048918456e-02
-9.389862221431984415e-03
1.915603536384393943e-02
-1.041908475984192929e-02
-8.888622904154102819e-03
-1.251549957670170313e-02
-3.603319853495747654e-02
-3.297674384624283556e-02
-3.251717477476316620e-03
-1.623517950884290767e-02
-2.003636340321749212e-02
-4.177099658816875449e-02
-3.765748968488524806e-02
-4.401632124211234814e-02
-4.962816082805109746e-02
-6.385246096694410789e-02
6.788098620755644971e-05
-4.153361285719418816e-02
-6.185737655678204619e-03
5.993941023455471098e-03
-6.689761232197025120e-02
-1.394489096523243987e-01
-7.833097632569935298e-02
2.310324069879202136e-02
3.044761445715218201e-02
7.972286780280089802e-02
-3.836277992701486728e-02
2.887031585548000337e-02
5.398849001233673589e-02
1.104468496566290460e-02
3.608012246563246928e-02
2.430801364813623897e-02
-4.587328653518875365e-02
-8.768037597075164710e-03
-3.029094276080433745e-02
-4.314246989508151164e-02
-3.434000726145355203e-02
-2.243965864394634885e-02
5.613172381533647337e-02
5.225155301303794492e-02
1.203077530017509014e-02
5.529742283449622098e-03
8.250171836385749441e-03
8.923344207201949763e-03
-1.388620921030569869e-03
-2.449587889662357965e-02
-2.940845690033741522e-02
-8.475315805513077005e-03
5.976977143000529458e-02
2.498642194398483646e-02
6.546869883470674001e-02
1.068339564397415009e-01
4.670006541466423244e-02
7.239472008408784354e-02
1.397648088480809292e-01
5.497114220242817206e-02
-9.248723123534389676e-03
-3.326092073085643443e-04
-3.333745597298892055e-02
7.563301459044771691e-02
3.521885073928924387e-02
5.803675774178535668e-02
3.971153839295299415e-02
2.126922839005821256e-02
2.658701984696521317e-02
-5.086226496767084354e-02
-3.702944023506977989e-02
-3.925543168386368825e-02
-6.455706664779907455e-02
-4.596155376907205131e-02
-3.823813972455546162e-02
-5.681042030502356927e-02
-5.148471522290957308e-02
-2.973502491897831931e-02
3.678415740966999026e-02
2.601011309813298575e-02
-3.517974114014579129e-02
-2.324262964475156193e-02
-6.208570841797734878e-03
-3.800203308784565887e-02
3.317595036990441532e-02
1.358005936185356123e-02
-2.488587377770593717e-02
2.801323695346757264e-02
6.695838486757357821e-02
9.318921089202449048e-02
5.776788539341107948e-02
6.708953338476773831e-02
5.888212246308727887e-02
1.523867254196136986e-02
2.504564372342947196e-03
-1.635937047333626757e-02
-1.177231125171818854e-01
-1.446041444917349483e-01
-3.073809665577922207e-02
-1.782280796275957646e-02
-4.826671307390241472e-02
5.987442711653493538e-02
3.192900632323566329e-02
1.618486944335721146e-04
4.902184590293812844e-02
5.894958113967981028e-02
-1.439573062984899135e-02
-9.688845747343723114e-02
3.627592159327372445e-02
-5.005533419015913491e-03
-9.755700080513189654e-02
-2.493200318233649085e-02
4.184436260127733301e-03
-5.541404895730283470e-02
-2.448504517317235188e-02
-4.473892782218574088e-02
-1.695067555488537561e-02
-1.988509692482540864e-02
-2.961974634520374988e-02
8.652632737746406011e-03
-1.238930937538689457e-02
1.058561182527760838e-02
2.657580857395951124e-02
7.799862207078224474e-02
3.434192127979588272e-03
-7.851295156542285880e-02
7.116095306522665642e-02
1.537033330696227496e-02
-7.235597270391552760e-02
3.795664261353985658e-02
4.623169422326758177e-02
2.165884432657436132e-02
4.669763591817190085e-02
2.951723139051769251e-02
3.801773742855030138e-03
5.974533630967936160e-02
5.880745090142019960e-02
3.295016578664837492e-02
3.763901627668937017e-02
3.721247297745744476e-02
2.048680826607409897e-02
8.883330621792254189e-02
2.353812240573546419e-02
-4.891784542961250676e-02
3.792834691660642438e-02
5.192552041569498816e-02
1.251831953046013066e-02
-1.632695281639195278e-02
4.739295673149193644e-02
7.787339927981206094e-04
7.356017792667937649e-03
-2.268903896938689619e-03
-5.744797355943134093e-02
1.970153782777856952e-02
3.044271822207571948e-02
-2.108773488727841428e-02
3.959392175012715898e-02
3.977991456920051266e-02
-5.758986293223289192e-03
2.075927505425973277e-02
3.434376864156701847e-02
8.268867579822460068e-02
-5.774031665240763472e-02
-5.956130856038379523e-02
3.650670121899086268e-03
-1.265394912607435973e-01
-1.244265943951492481e-01
-1.911393073943857407e-02
4.963907944262014454e-02
9.741077585408517564e-04
-3.538278157587822909e-02
7.367962103654493444e-02
4.373845772072077615e-02
2.594995074301201699e-04
2.590662874711773585e-03
2.231154830215110324e-02
5.634015266600685135e-02
-1.775656451234687572e-02
-4.602300228702171231e-02
-6.474124557330658558e-02
1.371580667773297096e-02
-2.243536295659720459e-02
-6.684802271244376370e-02
5.354777543309935384e-02
3.739215533950727977e-02
-3.290817236538478435e-02
5.243321684618273970e-02
1.268799235238837406e-02
3.526169164380842797e-02
1.155677590275199472e-02
-4.378617959830831408e-02
-1.323098919609456969e-02
1.921708545893858686e-02
1.226606691263981870e-02
2.900346972802028689e-02
-9.911225598919189139e-02
-2.085538037202777362e-01
-5.437909912899916570e-02
-1.473416948609864718e-01
-3.687633378689339492e-01
-1.679351574799806956e-01
-9.930261599328998878e-02
-2.830220139069725693e-01
-5.940198314415180009e-02
1.257540355413264838e-02
3.290905626532365791e-02
3.696318376769360675e-02
3.237364177904623885e-02
4.678701117167047285e-02
4.176053815220376331e-02
4.385746160533927213e-02
5.958744409741729975e-02
6.494250882646569745e-02
3.281647891808845557e-02
8.738254413699379428e-03
-2.536842523501593380e-02
2.199652462011445278e-02
3.103154816581819853e-02
8.293458744213078396e-03
-3.498660149291889232e-02
-2.212125805094584258e-02
-4.696907712085510167e-02
2.632928877201894460e-02
4.685882722428718478e-02
2.478372815017383310e-02
3.846079690493841435e-02
6.002964256153451444e-02
6.800983997414393467e-02
2.024282681549929505e-02
3.938798069359240872e-02
6.087469013909929672e-02
-7.463285453818982451e-02
-2.696344046515464915e-02
-6.761352192098288305e-02
-6.543009114707028229e-02
1.363790046042778672e-03
1.557550564559087407e-02
-2.600496997923442549e-02
-5.478336889091752621e-02
-5.938585006320044879e-02
1.313912361614992252e-01
8.941710931098574566e-02
2.950038605596029193e-02
2.061203444885678637e-02
9.771879203676493708e-02
4.712986294719393593e-02
-2.521306691183014884e-02
-2.260128309128518753e-02
-3.287878718263739786e-02
-1.674367542696870992e-02
-2.472320926950676359e-02
-1.927110360353463669e-02
6.368477650868833648e-03
5.319405655905259933e-02
5.402940988894261443e-02
-1.145442011091143833e-03
1.057738471506939615e-01
1.102483428426585116e-01
-1.124414023004992455e-03
3.851165541499892292e-02
6.238530408826131052e-02
-1.284570214276118116e-01
-2.946454730117013462e-02
4.236589420325921618e-02
-1.657994042794695144e-01
-1.355091246205769040e-01
-1.057233791860775346e-01
-7.458622042026332756e-03
6.613923159989598677e-02
1.062316503093133635e-01
-3.954980821798478180e-02
-9.292108544195891787e-03
3.851828752910044923e-02
-3.580015632675342258e-02
6.776060722890557553e-02
9.177792710351248551e-02
-1.055093007122887699e-02
1.692094346413384326e-02
2.814106817004769986e-02
-2.199343441035923798e-03
1.591076231846322298e-02
1.964373477323327205e-02
1.148603171922193272e-02
4.461340199585735883e-02
3.179332052511363305e-02
-6.262594076381843011e-02
-7.215839293666927515e-03
1.341702682388516178e-02
-1.235294598013860802e-02
-2.010075463731344006e-02
-9.078671248215612610e-02
7.044106758248390443e-02
2.566673216005663921e-02
2.315258253353484619e-02
-1.785887312490075374e-02
-2.009213619402170845e-02
-5.597343676731131312e-02
3.996292723242513001e-02
2.015326511680431976e-02
2.136307069357068142e-02
9.763042627728264755e-02
1.067448349257207468e-01
1.194479884791423002e-01
7.130879929002240103e-02
5.226105912001866721e-02
4.876614210437053842e-02
-9.154737300407780887e-02
-6.459380249078953973e-02
1.349296893706795897e-02
-1.236582462031250024e-01
-1.119108221555763921e-01
-5.611668933022417871e-02
2.821664893216316999e-02
1.215003413567427096e-02
1.135586270897845883e-02
-6.015027612764688864e-02
8.014915400093634845e-02
4.099629764216934646e-02
-5.925617680899446238e-02
7.846282331421480793e-02
3.851149897642709014e-02
-5.710759878619745683e-02
-2.161337681521901047e-02
-3.921667888935329721e-02
-1.589224527962295255e-02
-1.314309296949008922e-02
-4.500229616694581547e-02
4.355950508280091726e-02
1.930670770046704135e-02
1.712239448080771567e-02
1.002335090285296285e-02
1.011873766950617754e-03
6.107047865419326475e-03
4.997237933934706167e-02
2.009846093937998901e-02
4.680709271638582025e-02
4.449612043922844540e-02
5.296837629230648908e-03
7.995991841302621528e-02
1.212024360454148908e-01
-1.154768724508436761e-01
-1.891235690792595348e-01
1.826602103328957005e-01
7.068588733731734353e-02
-1.434301978094941199e-01
7.309458965466514302e-02
2.094308600885114169e-01
1.808512736697026335e-01
7.753382056716295878e-02
-2.236310977239435241e-02
7.220399147531746109e-03
1.048247872160453786e-01
4.651757449553224621e-02
4.196614517830990487e-02
1.497439043333411435e-01
1.905658115267229447e-01
1.330563264562145409e-01
-4.478629195637142540e-02
-2.895240156908130899e-02
-3.635178957806832305e-03
-8.254037265536200152e-02
-5.574453849304186748e-02
-5.124891257707941267e-02
-4.046671121268163862e-02
2.978614314100944474e-02
3.385198382623122448e-02
4.400115761139900689e-03
-1.309404837554130167e-02
-6.464079795978336374e-02
2.889782323607405917e-02
-1.210157783888997016e-02
-2.874961531614646584e-02
1.102022705815745018e-01
6.467065899844147425e-02
4.201851243938995589e-02
