9.711727710124760937e-02
1.073403818601281617e-01
1.039344278741698158e-01
1.189522066629268987e-01
1.377671376601848074e-01
1.715682085824616343e-01
7.610247141114152847e-02
7.238836747509559688e-02
7.707303486497341094e-03
9.552210592410881329e-02
2.489138114865226958e-01
1.497086436173763191e-01
2.383187443996020449e-01
3.823629505842502385e-01
1.604876235545137642e-01
-1.706517093535039539e-02
1.181300202388702036e-01
1.881546564773407815e-01
2.662315897924293073e-02
-7.423393252372873820e-03
-4.911235899528065135e-02
9.342984231449225074e-02
1.450459844690819844e-02
-1.047309649025381037e-05
6.266061753464527602e-03
4.302074274568096213e-02
6.762899074702154179e-02
-7.188364475069292971e-03
7.433315858214342708e-02
-5.240843078574766029e-02
-6.560779416923237517e-02
1.674489916843254975e-02
-1.171312608860043958e-01
-4.934295927651732860e-02
-8.654547422362382503e-02
-5.031649326683100554e-02
-6.011532406627622532e-02
-1.159204158291670117e-01
-1.091683737311492652e-02
-4.331083671955840431e-02
-8.492077052126069392e-02
6.136815531718790850e-02
-1.482375136552355477e-01
-1.037388771579847851e-01
-7.188636524589600563e-02
-4.528259541226173010e-03
-5.806791809251543590e-02
3.750056760813667584e-03
-1.925257121859736548e-02
-5.051584299728308775e-02
-1.457965576881955702e-02
3.141666115667494236e-02
-9.328218544969035797e-02
-1.123798428450830528e-01
8.566873271024713979e-03
4.320267139736336248e-02
-9.848788355575781306e-02
1.833169223433817746e-02
-2.257290853574011810e-02
-9.489306659362230223e-02
-3.975475426260985379e-02
-8.667686688266913048e-03
-5.341263112901960958e-02
-1.023475138205486717e-01
-8.983439275944421487e-02
-7.443134760299659203e-02
-9.603368346679316825e-02
-1.143968809022504890e-01
-1.245033535033781280e-01
1.122128221844795604e-01
4.089540916049130836e-02
5.714761984929070220e-03
-4.353759996181744141e-02
-2.280733779010674089e-02
1.304050651301833300e-02
2.654034576863532197e-02
-5.711954493797228444e-02
-9.740585584802128119e-03
-1.427659306410324937e-02
-1.104646649217365661e-01
2.540817844706298040e-02
-7.502275399263928779e-02
-3.569589986413824328e-02
-6.262125965465745181e-02
-3.404080865669449618e-03
5.232156736733031832e-02
1.178930225881428748e-02
3.454511195701673136e-03
5.664306881221765899e-02
1.247064285032040143e-02
1.221812420408889821e-01
8.865056137882063036e-02
1.768469717460583734e-01
8.595175869701079940e-02
1.273692644178522071e-01
2.161635200257257527e-01
1.262093609505648799e-02
8.070548937700855463e-02
8.021425620675341761e-02
-1.301540444270962542e-02
-6.730884572913899133e-02
-4.639977293201419384e-02
1.554427699742389479e-01
1.359489987982621662e-01
-5.672267296770432815e-02
9.477413682153863761e-02
6.631375864150493293e-02
-3.588486423954362348e-02
8.754586979130893343e-02
1.865691182268846005e-01
-5.818993247521267453e-02
9.728785825747900129e-02
2.707179986458225773e-01
5.875653638317554495e-02
-9.000890889708963727e-03
2.099242526726439462e-01
2.392693160737756342e-01
-1.214981684443911525e-01
-5.142852247122248199e-02
2.743247461489714545e-02
-1.120989324149448962e-01
-9.534275603916272934e-02
-1.430130912598627860e-02
-4.530143377569881974e-02
-1.193019418192316494e-01
-1.461409809076573696e-01
-9.342958305510186412e-02
-9.065474708380889812e-02
1.546161473339468552e-02
-4.047830689192589287e-02
-7.372767844052686981e-02
-1.691346213434282569e-02
2.497631913399705333e-02
-2.394413375599535945e-02
-1.165323140810254482e-02
-6.817769884346433495e-02
3.912360168002575189e-02
2.055415706206824289e-02
-7.966210284107842765e-02
2.129098261990785071e-02
1.384887844449155664e-02
-6.446180774602071339e-02
-3.901568985590130739e-02
9.357991893360437241e-02
8.863942690506330935e-02
4.274265229848100284e-02
-4.841951975859634660e-02
1.374970300897759715e-03
-6.136989618247326583e-02
-8.497190892246686555e-02
-9.038829864186179175e-02
4.951893053603172862e-02
8.372424532092861971e-02
-9.002013861278410078e-02
-3.487616254729947185e-02
-6.783472418319386188e-02
-1.314424982468633818e-01
-2.665492387740782121e-01
-2.546357505696407175e-01
-1.233773403659981921e-01
-2.265952736892824504e-01
-2.519131281684379164e-01
4.927568234682520865e-02
8.511741593733498923e-02
3.700777600537487333e-02
5.217452307717897197e-03
-5.266275846810735545e-02
-8.100175780158296035e-02
-1.560954815144769206e-02
-8.598539192821881560e-02
-8.112764753491844005e-02
1.057632246200146814e-01
-1.509452426024844932e-02
1.168567339001388844e-01
1.457454667227190727e-02
-9.831917521099339807e-03
1.809257059653247568e-01
-3.699155806778956640e-02
-3.334544776280572859e-02
2.212257875299733778e-01
-1.006191999078692723e-01
3.778596403428267914e-02
-6.717598688467923962e-02
1.206778502032957723e-01
3.269921754506853462e-02
1.453608205980781998e-01
-5.744272259619042503e-02
-1.247478700992409040e-02
4.312905831021036918e-02
-6.166403176376058365e-02
-5.534014727507469839e-02
2.830372772783214599e-02
-9.434818910718430554e-03
3.677858924977573524e-02
6.883820023973474811e-02
-8.551004899480256407e-04
-9.554570234964686326e-02
-8.815108392979649488e-02
6.829484634132583498e-02
1.543528817840356948e-01
9.004750517815701683e-02
-4.015017001485013393e-02
-8.026613784449561362e-02
7.004971389782169156e-02
-9.953993630497676159e-02
-1.552234221359416466e-01
-1.513714532136992141e-01
1.975288436543318760e-01
-7.679499018280216104e-03
1.982852418403651881e-02
-9.602304603061077859e-02
-1.224976954887349034e-01
6.854917571739138626e-02
1.559920720906656233e-01
5.647026776105652790e-02
1.985797820672239311e-01
-2.921550017887828560e-02
-1.257051218221908739e-01
-1.001220382283233984e-01
-2.003738472548479976e-01
-2.563625113162857488e-02
1.338766982768707925e-01
2.998280773797637813e-02
-1.303331431439363336e-02
-1.798210315839879336e-01
-5.441092368089221060e-02
-3.258574336553599071e-02
-1.835655365980227646e-02
-6.218838016620317766e-02
2.656883713782132519e-02
-6.727563406811800165e-03
3.874250602174623970e-02
1.303977098043626048e-01
6.694874788732672888e-02
-1.437533821229147746e-01
-2.291480091799381891e-01
-8.243167248390663102e-03
-1.869761367574855615e-02
-2.549811123533881063e-01
-6.286255180294254841e-02
-4.091031438389199082e-02
-5.308696190882885441e-02
-1.017402688577948300e-01
-5.688244102470979557e-02
-1.728090055519297952e-01
-4.146569845936912829e-02
1.274628973672973231e-01
1.784620246151127632e-01
2.810889249092236863e-03
-1.499885127438627423e-03
-7.803076009486571707e-02
3.833071974056406067e-02
-7.846996111351264847e-02
-1.590330156747309931e-01
1.777047593314263763e-01
-9.562614010859721292e-02
-6.151871583152341422e-02
6.382717064447086808e-02
1.372228762921828653e-02
-1.672047687604143185e-01
-4.852868574738222057e-02
-1.271572213585421274e-01
-5.795608936743045642e-02
-2.922017447752291858e-02
-8.508823649557259450e-02
-7.747820693265222713e-02
-6.619901993027654807e-02
5.811089359602322757e-02
2.447551888702038242e-02
-4.766606649311072585e-02
1.692129348102104081e-01
-1.028940562924964414e-01
-1.006442413669428465e-01
-3.565677202669031293e-02
1.027645921899466158e-01
1.913882106202052236e-01
1.392004530636621051e-01
6.573772076736733583e-02
2.955274014794184376e-02
-8.043294655837430682e-03
-9.109521766663232489e-02
-2.521315083181014868e-02
7.821846425644714274e-02
7.211109405173434135e-03
-2.269249474284547319e-02
3.192912242758944030e-02
-6.675624739113468487e-02
7.928710109588030241e-02
1.091403835948682316e-02
-6.058772627902353491e-02
-1.355378818705369470e-01
7.047133892558721940e-03
-8.723320670324037629e-02
-1.385207802982481029e-01
4.502396419017443141e-02
-6.876080329283142112e-03
-7.162251498827612584e-02
2.362822271898674942e-02
6.936418684392532674e-02
-6.247461304172483715e-02
-2.986914315598965253e-02
3.193045531603864312e-02
-8.125504015724675788e-02
5.003971543078732098e-02
6.754903532511142422e-03
-2.445338501315910337e-02
-6.229082879824677892e-03
-3.387276752666493196e-02
-5.726870812644670530e-03
-8.488752997771832620e-02
-5.448548391483273856e-02
-2.887385987132327914e-02
-3.144115948903068725e-02
-3.211904171516017509e-02
1.223626369955174882e-02
8.082876361292985756e-02
-7.827558506020494689e-03
-5.794683289552857858e-02
1.544360494654517801e-01
1.078543059213205452e-01
4.109419463553263402e-02
6.861833317297670598e-02
9.043084915434289328e-02
4.748386500931391085e-02
8.304204110849539022e-02
4.669827520503454232e-02
3.878392625885367789e-02
-6.660419025979100183e-02
-7.956685841290120353e-02
-1.145147360516757667e-01
-3.010834992518844622e-02
7.403814246495964146e-03
8.786495414280949892e-03
-9.822216161296989587e-03
-1.082058237144240161e-02
-2.742305657038688477e-02
-7.085514415339956226e-03
5.779327593276630849e-03
-7.346871492719880131e-03
2.892412081027833509e-02
5.468805598347338537e-02
2.321268527527217684e-02
3.615223684466406279e-04
1.506537528443330394e-02
3.259167513356010099e-02
-4.003347150899182888e-02
1.188966007992118233e-02
-1.980096116707395423e-02
2.110045955065329576e-02
1.065045845874413276e-02
3.315016680896607643e-02
-8.944533090219700111e-02
-1.119628822315421601e-01
-2.660528550481956397e-02
4.255073811967532982e-02
-9.768179734456704233e-02
-9.055192094657565915e-02
-2.641580588526697831e-02
-5.304647755243555723e-02
-1.098303842020039410e-02
1.024593188062672272e-01
-8.850059785470600071e-02
-2.542052162653251624e-01
-1.280478340586030384e-01
-2.233782018315566276e-01
-2.644090469753184736e-01
-2.996409141633546089e-02
-9.090556123402947220e-02
-1.931353652485122419e-01
-7.803990928780282950e-03
2.290968386518918432e-02
1.759367906055217881e-02
1.329404124421305899e-02
-3.235880759943794704e-02
1.154447519045181947e-02
5.600432002687742196e-03
-3.357481763365437969e-03
-1.660592337402229434e-03
4.966964066665664757e-02
-3.238827608111797401e-02
-1.717188128127559998e-01
5.833914173769542272e-02
1.804258710268264246e-02
-5.331783149053944543e-02
1.297841201551704349e-01
1.270364007251396643e-01
6.883820956109129585e-02
9.106638474468228828e-02
3.553929476348302000e-04
6.612974507475884167e-02
1.557673375349501784e-03
4.182202220255866465e-02
6.737753602828158717e-02
1.122165100786926550e-01
4.884635832388225379e-02
3.477218108258007395e-02
-3.740682192305767872e-02
-1.334276802593921396e-01
-3.137255587402642404e-02
-1.998369828736401566e-02
-3.577362924413643452e-02
-1.283213134132615008e-01
3.572491804749958894e-02
-4.849431258587842686e-02
-9.652094586362117146e-02
-4.097415730360277203e-02
-4.488116386123996299e-02
-1.512126146656101247e-02
-2.884968252746383105e-02
-6.175433839860541840e-02
-7.821319989583516707e-02
-1.207074031040402881e-02
-4.478640164789778749e-02
-7.769827438945775544e-02
-6.599615163733396628e-02
-2.840013744480784572e-02
-3.546462562653311668e-02
-4.124001652365698323e-02
1.841478825743598016e-02
-6.755128542238047866e-03
-2.560323439512053947e-02
2.067422489126391830e-02
5.449380537845592565e-02
-4.483501446365836633e-03
1.742437823538306799e-02
8.450492577585089551e-03
3.031237725154337179e-03
2.248302061584379202e-02
8.300284071260967400e-02
5.636131890107742848e-02
4.593579419192883595e-02
4.035426232445352840e-02
-4.657347211335344933e-02
2.391856344637551327e-02
-3.159333020148542143e-02
8.156715008463777394e-02
7.191989963842541911e-02
8.644782177227505401e-03
1.734187336924722378e-02
9.182640305579088669e-02
-4.374756733680662708e-03
4.789244385730987569e-02
9.494702999461882009e-02
1.180245015347022169e-01
-5.416675245636055902e-02
-1.549082462272060035e-01
4.167646728694078540e-02
-3.484136529828574247e-02
-6.743107672566156507e-02
1.035693165778016345e-02
5.746353654415171236e-02
3.236134771034848701e-02
4.167631077110618698e-02
9.087010553513975852e-02
8.200093087446989892e-02
4.672352668972023365e-02
7.474109613409343766e-02
8.154537019481855609e-02
-4.934623834118472170e-03
-5.742160168345057658e-02
-5.005495342319171703e-02
1.149659815019120346e-02
-5.036466126519949238e-02
-1.295309680082645243e-01
1.628452638004038340e-03
8.150735961295202392e-02
-1.151264315754382400e-01
6.187603664448312196e-02
-1.093223264238006864e-01
-1.154602798506251631e-02
-1.426556033180624919e-02
-7.574448642363117157e-02
5.061317141588140417e-02
-5.511514735023596845e-02
6.727681898770035071e-03
5.034333953991425997e-02
-1.809922147824033489e-02
7.479143874085467797e-03
4.457563854853181795e-02
-8.074235005385559105e-02
-4.410407056761527639e-02
3.510364457379816505e-02
-7.814201447525299937e-02
-2.792685144377186901e-02
5.277051453635046158e-02
-1.487990063416732255e-02
-1.710909875142681003e-01
-5.230604099135464924e-02
-4.833493831051514922e-02
-2.457635539016206003e-02
2.595531396203308930e-02
-3.854195597071322782e-02
-3.390710947575897166e-02
1.203194419939756718e-02
-5.239277210678754126e-02
-3.984513953557287935e-02
-3.748847776836328194e-02
-6.646606696450849117e-02
-4.076225118272680872e-03
-2.649982401335487445e-02
-3.440421941800987649e-02
1.972338131376285275e-01
4.252922389152374166e-02
9.958941343844432761e-03
1.116038292872387205e-02
-8.216079614792320962e-02
-3.844131913481235729e-02
-1.069400273628847431e-01
-1.384271288445606540e-01
-1.682408427035564924e-01
-1.624172129129890785e-01
-2.720414526902347752e-01
-2.930378384702053141e-01
-3.204247230904722771e-02
-8.388526484752956147e-02
-1.664965505620633057e-02
-5.571447209257468502e-02
-1.012476318310099044e-01
-9.879026919869438039e-02
-7.040514792846147563e-02
-1.136293291601314925e-01
-8.855048395162221087e-02
-5.642340345100765875e-02
-6.482747850334332970e-03
8.590996222105225233e-02
-1.167926934590306637e-01
-1.290938761970951698e-01
-2.197189775362478822e-02
-7.217085997335431768e-02
2.524322809809744633e-02
-8.410535172264937964e-02
3.736596428739998033e-02
5.314617815105573961e-02
1.603749743830221730e-01
-6.580368626102592322e-02
8.302494852813575854e-02
2.605852904059107189e-01
-6.881366931063760684e-02
2.719862168293357002e-02
2.571499385811406579e-01
-6.002454538500595627e-02
3.856160297656831965e-02
1.793419047080983542e-01
-4.323191311389890101e-02
-8.338036753107204435e-02
-3.451534139195724937e-02
-9.305139557830152675e-02
-1.433806131213218316e-01
1.055786298676550522e-01
-1.118429001102234366e-01
7.812947044254598891e-03
2.250939162694313642e-02
-7.790102135324522559e-02
-6.649062429895613580e-02
-7.588239110261985054e-02
6.343828664163236875e-02
-4.197811171772457273e-02
-1.324141319685903651e-01
-1.044894873980862504e-01
-6.131039268687760169e-02
-7.327620325467472384e-02
-8.423297473417652725e-02
-6.056647434792818835e-02
-1.399046596661871478e-01
7.765532421897232765e-03
-1.035632409176769769e-01
-1.458072203921398358e-01
-3.405928413024887635e-02
-6.224007682416303477e-02
-1.858969870628254806e-01
3.203442597227792316e-02
-1.242150286303664863e-01
-9.415181572518838138e-02
4.507594425955086664e-02
-1.324589808695573745e-01
-2.654640027998730889e-02
-1.356719172784036920e-01
-2.216056331723613160e-01
-7.274541624502219028e-02
2.469129912079190761e-02
-3.184527545793328085e-02
2.866229032519787001e-01
-1.042401286105476832e-01
-6.929949284345418570e-02
2.489710618478929993e-01
-1.059933306140585230e-01
1.280826971202767527e-02
1.142301240754035885e-01
5.908746120202429918e-03
-7.088871494777798654e-02
1.015533520192988814e-01
4.600112406300903289e-02
-1.897311794625415604e-01
-2.354193681813794015e-01
-1.489131318278663352e-01
2.073548623661164089e-02
8.890138053909020510e-02
8.044982013254144138e-02
-6.017006816775781475e-02
-1.991728677258705268e-02
2.415352048333792578e-01
-6.719946556604090848e-02
-9.972368986094111432e-02
5.840184733928882599e-02
1.703377558344187914e-01
-2.031302173938639433e-01
-2.401535442409958587e-01
7.523552203648165015e-02
-7.716879232063768301e-02
1.290926811996590540e-01
6.681671445222730566e-04
-2.617762988981394146e-01
5.119771818437115346e-02
2.605327049150040278e-02
1.635703341041182535e-01
2.837652171612717322e-01
-2.146758827879965970e-01
-1.692097490098818519e-02
2.768414337763281871e-02
-4.204759477577704740e-02
6.064536781787650821e-02
-1.839649189087056158e-01
-1.886790548570585757e-01
1.306361187801224066e-01
-3.659149059562713524e-01
-2.655059925268965504e-01
5.503165979641161387e-01
-3.008860208683466486e-01
-5.868857291996480707e-02
4.907921572573122893e-01
-2.246016860987022634e-02
1.544093387475222179e-01
9.829919446893943535e-02
3.951871287015463752e-01
9.014084453300361122e-02
8.250632021323379972e-02
1.175641493500907270e-01
9.026473295117416751e-03
8.277347853920417886e-02
1.010988430464086207e-01
-9.194960342923820529e-02
1.231111095402948226e-02
9.357248278784416340e-02
2.036331810290348959e-02
-7.944984672671635828e-02
-7.912936631818279221e-02
-1.335817805839931982e-01
-7.461599550695784122e-02
8.460728006885850222e-03
2.289957619554620072e-01
2.286602101823527189e-01
1.571981604109473352e-01
3.770837966180861089e-01
3.995375028549983387e-01
1.987281311218435653e-01
2.736736325930632097e-01
1.334568770253550807e-01
1.394927333681325078e-02
9.874165310526284225e-03
3.100039149744069321e-03
-1.526763194628082132e-01
-1.926414802273898330e-01
-2.004508639000082415e-01
-8.214876559886274965e-02
3.218445058823823923e-02
-4.506228613144201700e-02
-1.526981046399401680e-02
3.508199548451259031e-01
5.428528386598561184e-01
5.341695410116367171e-01
5.332048385769184717e-01
3.193327181166111250e-01
3.249497661566199125e-01
4.236725331457903421e-01
4.199271526883662786e-01
-3.021292208043505068e-01
8.227759837032723803e-03
1.885415230260605868e-01
-5.234312688080486886e-01
2.020896984146136055e-01
4.972517155929496724e-01
-1.961767585070821607e-01
-1.048911620228641373e-01
-4.804488516286169880e-02
-1.074553655627959320e-01
6.783854621536591911e-02
2.532684648083703971e-01
7.885889424347725107e-02
-2.281193823706662294e-01
-5.529575956607492120e-03
9.421835793556666838e-02
-2.377642488407004373e-02
5.520961711028044699e-02
-7.738771177204231688e-02
-2.191258288987704417e-01
2.717152934056786887e-02
1.662097743763741586e-01
-1.013519357661962911e-01
-1.190162693224314505e-01
1.474887452679295996e-01
1.835384473274351280e-01
9.626792841598785788e-02
1.621647492216028719e-01
8.236029009909796254e-04
-1.872326954784986341e-01
1.033597147336904609e-01
-1.691600990713020558e-01
-2.045640329387351034e-02
6.702530611595457211e-02
6.301354041550405460e-02
-3.375327230963537373e-02
7.302764405915336543e-02
-1.457317829289344890e-01
-6.867678016140928154e-02
-8.285446648323452346e-02
7.778090325842802744e-02
-2.536841657680442147e-02
-3.964191452046728070e-02
-9.852037687672833728e-04
-2.459719691293941191e-01
-9.403360721586584425e-02
-9.676754102495527254e-02
-9.652980701530736174e-02
-8.563302380299697703e-02
-8.790687802269615825e-02
-1.198569620108863032e-01
-2.723033687466004660e-02
-4.689709688902610890e-02
-1.082576822723047005e-01
-5.853227160560271758e-02
-7.574350513674676932e-02
1.661993559465494222e-02
-1.213630926615213816e-02
-3.666661925620217505e-02
2.304409979141408896e-02
-8.170381030055667154e-03
-2.575145579789739347e-02
1.467980176273990696e-02
7.071292166965564494e-03
7.417958560632517510e-03
9.337729642452382434e-03
2.193213433880536814e-03
-5.260336639379299684e-02
-5.820994406906208722e-03
-3.869390226656643089e-02
-4.424898916106578817e-02
-4.211006944922401213e-02
6.004958870819369909e-02
8.949830415251813776e-02
1.020301192384845540e-01
5.456385878940255008e-02
1.046784557581080244e-01
1.214657860429234487e-01
4.281783207807396407e-02
1.403729343696611398e-01
1.696449486578332222e-01
-6.869857658444736281e-02
-3.303960643901577426e-02
-1.909957087768410916e-02
-4.383637069842913347e-02
-6.072399448613734207e-02
-2.787454799455663795e-02
-7.308906036650786309e-02
-4.636925212975428340e-02
-6.852843250000287267e-02
-7.296930399494222508e-02
-5.653741470218742737e-02
-2.962171504344139963e-02
-7.302641428839165560e-02
-8.217147993167438214e-03
-4.124489328821637907e-02
-6.982226980035120822e-02
-3.104896027578406270e-02
-6.179430135800267204e-02
4.661096614075953271e-02
9.034373315904171975e-02
8.924497823442166869e-03
1.950989558219995076e-02
2.578936024820196321e-02
1.948374226114758540e-03
-8.094313156755461591e-03
4.634116722291597296e-02
1.741196560057992147e-03
-5.162773448572233193e-02
-6.086601082615553798e-02
-4.683760910944297778e-02
-1.225176532803201046e-01
-1.660233324031526181e-01
-5.938869818926241495e-02
-8.430939685452444599e-02
-1.205520505551790772e-01
-6.853126172797362192e-02
-3.733414570694647272e-02
2.816122589565168977e-02
5.748466476104844430e-02
2.433410994270771011e-02
-8.377831785735900816e-02
7.528017767932128346e-02
5.575906546413751663e-02
-6.885551890313709733e-02
3.430705675874085731e-02
-4.585628953798446400e-02
2.293593293456415091e-02
8.183987805733285853e-03
5.720786968622010131e-03
2.467237695630858374e-02
4.080818841814810860e-02
5.626367667341144324e-03
4.701472695849671923e-02
-5.964605473495658040e-03
1.930511828144320929e-01
1.021551173730902567e-01
7.100306844179672672e-02
5.525062905297196264e-02
1.183906664227602212e-01
1.087753550515908468e-01
-9.305275301638600560e-02
7.224323608587687739e-02
-5.373894022529456665e-02
-3.401450231943815850e-02
8.909438950889678188e-02
7.041272753596668210e-02
-2.220612647236469561e-02
8.353700982985817758e-02
6.916574482106919997e-02
-7.218859382164487248e-02
-7.725755684683469071e-02
7.580864163645594130e-03
3.255111481938798099e-03
2.481931475103844528e-02
3.758890960498541267e-02
6.402685040705943798e-02
6.309139431503861528e-02
7.504130944717306295e-02
1.167058874528821427e-01
7.219011747676332136e-02
2.056608844240254141e-02
5.351393190002574907e-02
1.998442604246762015e-03
1.566109017958896774e-02
3.348941084877654194e-03
5.304660302244892239e-02
1.322822185967156838e-02
2.965205281797562292e-02
2.888835695576456170e-02
-1.197616873208597228e-02
-5.241211992935333741e-03
1.348646339099044550e-02
1.023414803524985185e-02
2.640603069334408054e-03
1.021293369337697605e-02
2.104318039571599283e-02
3.638953210691022681e-03
-2.190307000893244871e-02
4.502253864209719743e-03
1.898478171916279100e-02
2.389462841807214050e-02
-1.470535925188652671e-02
9.235920273093486954e-03
1.252319694212710166e-01
4.079480946055209778e-02
-1.715997543636364753e-02
9.838011334594194690e-02
1.119505744319193585e-01
-9.897095145763014357e-03
-5.821861561927623580e-02
-3.479972695302152585e-02
-4.323019956334927041e-03
-2.924098602528480556e-02
-3.075989114341167591e-02
3.679376540252694838e-02
4.038877287155294427e-02
1.396978993257493203e-02
-2.673435433048472129e-02
-8.633685229456693200e-02
9.686640445381221320e-03
-2.803980231334534876e-02
-1.166979099984552792e-01
-2.838935126523753696e-02
3.443695600409542312e-02
-3.466931090284662911e-03
-1.406124955286746497e-02
3.227136503629092490e-02
1.698509890483916943e-02
1.840532799871248681e-02
1.626454997446644471e-02
-1.425294391752340156e-02
-7.929444995917786509e-03
-2.076087089184826262e-02
-1.552972157661869010e-02
-1.377702652461395595e-02
5.898793187492346046e-02
1.532075615916320133e-02
8.294088217235705274e-02
5.537290262800381030e-02
-2.764436333947192792e-02
5.721681499346266409e-02
3.362910066497111494e-02
-5.256613666366181242e-03
1.334121416833139798e-02
3.122489966546414253e-02
2.965386964491664376e-02
5.727340195823023977e-02
2.036137345925726969e-02
1.850652618399761806e-02
1.324549935063456738e-02
3.381983882174528083e-02
2.468405584961759491e-02
1.109230581330935932e-02
-2.449028487919117925e-02
-1.584756522118130687e-02
-2.672688549342935177e-02
-1.598158766507672829e-02
-2.860967834185105824e-03
-7.791370603040748133e-03
-2.398652100576702945e-02
-1.288597531334332094e-02
-7.368212450155801375e-03
1.824214121442294806e-02
1.597072508567545096e-02
2.817046790339862092e-02
-1.384697797730252353e-02
-3.014728665468815322e-02
-2.613635117951414177e-02
-2.762717257341585145e-03
-3.545459698740587029e-02
-1.616859791305915936e-02
-3.120228556605137565e-02
-6.294601118733759992e-02
-4.025110063569728447e-02
-6.470582065744001632e-02
-8.438296589644808665e-02
-4.224412862952128117e-02
2.282488466307409578e-02
-6.253164117799542981e-03
1.146753856677033140e-02
1.508261989157763314e-02
-2.412358421965865585e-02
3.549595840307257812e-03
-3.166029322873342711e-02
-8.516341090736684327e-02
-6.279800149078125504e-02
-1.860456208421533419e-02
-5.838893924408731367e-02
-1.649620833147018989e-02
-1.948762657276997086e-03
-1.684503397936708974e-02
-8.068720073427008976e-03
-6.093185910033113196e-03
4.640797273921175130e-03
-3.151932417326723176e-03
-9.659793570988011932e-03
2.681369282242417225e-03
-5.566770108397247306e-03
1.841560614848556862e-02
-1.519097083007219309e-02
-5.893164869783389624e-03
4.790226382237887902e-03
4.285584128441860541e-02
-4.528873213689878913e-02
-3.037919455157027035e-02
-1.696623875316196142e-02
-5.032611048170194251e-02
-7.060165234905404347e-03
3.687748060694189672e-02
6.079303536451496903e-02
-4.481781783772477434e-02
1.572432868646366291e-02
2.971367531246326896e-02
-4.105531558581328178e-02
-4.213884449996675718e-02
9.990195219516866815e-03
-2.994455684097606721e-02
-5.726805963492102467e-04
8.682980204995748019e-02
4.281188248410481428e-02
-6.006208604599395928e-02
3.222236408382595646e-02
4.990222974812570655e-02
-1.989583403207225570e-02
-2.509137798482964296e-02
4.285729223223315974e-03
-8.481137161981885941e-03
-2.335330162987373209e-03
1.462613767702165141e-02
-2.091026860877157750e-02
-1.970858654037936641e-02
1.706825861178573947e-02
9.241209592569285536e-03
-2.430534328063527899e-02
-1.312097316489332054e-02
-4.153753440312970419e-02
-2.850637389533164021e-02
-2.493778221151765964e-02
-3.121434521356485775e-02
3.962129814787773707e-03
-2.435961711922591394e-02
-2.958259382261270096e-02
9.866720356132775011e-03
-6.571877173764499591e-03
-2.806961473411924424e-02
-1.208379212415009243e-02
-2.491886419552082760e-02
-1.563421224169038448e-02
-3.861095457857578045e-02
-4.615507673029829033e-02
-3.024997629281157493e-02
4.335220141814695276e-03
1.135354283593738162e-01
-1.075089307962710516e-01
-4.013268643022502302e-02
-5.007048286004534780e-04
-7.732242029433152031e-02
-1.007489797819120965e-02
2.181717235121218360e-02
7.840385186107901028e-02
2.260519837910084096e-02
-9.537277340427095795e-02
-1.346217506098277283e-01
-1.011525451250032681e-01
-7.725719273214379235e-02
5.261622143000105117e-04
2.336805370045214915e-03
2.907682746301907054e-02
4.543788794731323279e-03
-1.823849723891857524e-02
4.557923388881801596e-02
9.664113773098553795e-02
-1.647515234862452146e-02
5.454852181193226707e-02
2.843106309338124318e-02
4.953306296671865228e-02
-6.817953157277036047e-02
-4.574904527650926894e-02
9.952751027609736678e-02
6.029380690375340385e-02
1.281812938584068751e-01
6.668268901552697192e-02
-1.261801076488953954e-02
1.391059902065152065e-01
-3.645481020430578478e-02
6.532364687339221876e-02
5.528829094778121150e-02
4.090954784627889862e-02
-1.606909639403182599e-02
-6.307643311304905742e-02
-1.630446435771656377e-01
1.228946171990595582e-01
-1.339875937552247043e-01
8.703961296740039821e-02
3.136320882141876987e-02
-3.214199485319646499e-02
-2.418032896614248639e-03
1.482969563580402161e-01
2.032003759289657124e-02
1.110054617449312275e-01
1.434418353736287011e-01
4.945128117843071436e-02
1.721586596116758683e-01
1.259880487157870321e-01
-8.353650174262534922e-02
6.794677846356274309e-02
1.265445997265596256e-02
-2.588050205533574608e-02
-4.106746872104647533e-02
-9.244623011411444435e-02
-1.697227495313509138e-01
-3.756394795461111963e-02
-9.906032792790949587e-03
-1.335660143310700987e-01
-7.744918264137680419e-02
6.767276288168229403e-02
-9.908098907459191289e-04
9.301041516549864163e-02
-1.364601325053919727e-02
9.169140341986205256e-02
4.119494431480350688e-02
7.036978337999666433e-02
1.139514743695227289e-01
6.873714325042719342e-02
1.138928224818581969e-02
-8.173603696257623376e-05
7.793275240796614101e-02
6.523637193502584974e-02
2.259416031103750055e-01
2.369748395024412133e-03
8.339404106553398310e-02
6.901112432036998756e-02
-1.648002313342704084e-01
-1.083297397137481383e-01
-3.537550227212264004e-02
-4.017577803559412714e-02
-8.782775058388751777e-02
3.058752656323512897e-02
1.555165546141967260e-02
-1.179844657796425139e-01
-2.209160897873215304e-02
-8.644659894408633638e-02
1.539123592236511517e-01
-1.297224175324708795e-01
-7.285939978731870159e-02
1.116156949243445190e-01
1.312754558778149450e-01
-1.209717891936195888e-01
-9.135407683873222884e-02
6.520488784469156973e-02
-5.872154886032344284e-02
1.636699423677678289e-01
3.756025632767883739e-03
1.067568236427066802e-02
1.035212144467766854e-01
2.504990440193881063e-01
-1.371679550909419010e-01
4.632854902662524206e-03
-1.629499083082739108e-01
-7.263589012541582512e-02
-2.013251697959124453e-01
1.441752646665285000e-02
2.683596504960427537e-02
-3.205834596908081757e-02
-8.059050522360473867e-02
1.312217380468386485e-01
7.600275282187930748e-02
-4.865724202060280751e-02
-6.416397789435501764e-02
-7.049901333058501696e-02
-1.006493265619030492e-01
4.125385849319430226e-02
-6.591468336267805594e-02
-1.366388077090736342e-01
-3.907000404881325398e-03
1.184412427786242332e-02
-3.988114962374401246e-02
-1.634375619874870178e-01
1.240247336058738076e-01
-6.926911715999027608e-02
1.198989119858214630e-02
-1.037060948968506098e-02
1.140357939356270028e-01
2.791508776772194667e-01
2.224026684943032281e-02
4.031615534204842366e-02
-4.672884493882156938e-03
4.435132100424112045e-02
-5.515091617990381528e-02
2.387819995983974514e-02
2.329253237765672654e-02
8.949199099398141843e-02
2.891875013413407539e-02
-3.075891859767146408e-02
2.077209680999941854e-02
1.608544124771019157e-01
-9.211265118650734107e-02
-2.025147669568558642e-02
1.680782773761961904e-02
-4.733992379312293615e-03
5.871020424378882961e-03
7.373007188655117394e-02
-3.952715459190292435e-02
4.784429461419872215e-02
4.450779887679109231e-02
-1.151223090874219784e-01
-5.251359137879653416e-02
4.997777687214223497e-02
-9.140431702832063632e-02
-1.139885006822147079e-01
-8.741080097980524766e-02
-2.404305339749232551e-02
6.835635951629852672e-03
-8.703606149991949259e-02
-3.669031112242263776e-02
-3.994794041132124218e-02
-1.181732905183122302e-02
-1.681837614184411578e-02
-3.211675892254964998e-02
-3.470638100205421239e-02
-2.804275187755074505e-02
1.086888090105719157e-02
5.775714353715864779e-02
-1.805638881146204300e-02
-4.066196271894063213e-02
-2.903031079765852965e-02
-1.377070695897383290e-01
-1.747495461160714636e-01
-1.585866326830188966e-01
-1.148448081762018652e-01
-1.741967646579644924e-01
-2.227497951042996804e-01
-4.287202746268453657e-03
1.636886951925859215e-02
1.646298842024794193e-02
-1.081847751493095026e-02
-1.476444317812419457e-02
-2.931384128116858862e-02
-4.182639764705440438e-02
1.251938482303134939e-02
1.472597397134904791e-03
-4.782181649366702703e-03
4.507766375113257673e-02
5.092130563279295002e-02
-2.318317212111349265e-02
-3.197777304137460613e-02
7.443536001728572049e-02
-8.899966691843121114e-02
-7.676424884144976424e-02
-1.220253994843444306e-03
-7.020182258434366773e-02
-3.043985609598995681e-02
-1.476525879939435612e-02
9.471384705456921405e-03
-6.403717069237979675e-02
-8.844243357404800096e-03
-2.898346445750940928e-02
-1.147079712506579065e-02
-3.104486409365056487e-02
9.296561697638486971e-03
6.210381355380526630e-02
5.129247579333090501e-02
3.595032394123563041e-02
1.781767621465492613e-01
1.363361050742791791e-01
7.018775841729799070e-02
1.221724411597336496e-01
9.568600958903136777e-02
4.510519292158222254e-02
1.381205527535982018e-02
-1.752732620008710246e-02
1.051793279236658968e-01
1.305127700422999970e-01
4.291559234981649068e-02
-2.470294009853583189e-02
8.738469217307230641e-02
5.629610698575376881e-02
1.686798064311476747e-02
2.436551389705875897e-02
2.865786866961308327e-02
1.237125695433637963e-02
5.673116227223651276e-02
1.468626961717845771e-02
2.603479830770509193e-02
2.588211534484400125e-02
1.464766651908673036e-02
-5.625931253619683575e-02
-4.317176437430553237e-02
-7.898487537854982643e-02
-6.073440664066233688e-03
-8.072410126569420918e-02
-1.061999635777736012e-01
2.669959100974025890e-02
-6.920455431226193999e-02
-1.050132982280637950e-01
-1.567556019831400360e-01
-4.093535428250273667e-02
4.947780438081607335e-02
-1.695908587372011167e-01
-5.996712459882968908e-03
9.646770614685473699e-02
-1.242717275754228329e-01
5.036168232840881193e-02
3.004196457594571559e-02
-1.030766986881061220e-01
3.252317262489416022e-02
5.978429823756272604e-02
-8.985565642054146873e-02
-2.082710782272774730e-01
-1.149584528941923478e-01
-1.145102137760704436e-01
-1.327205374342035893e-01
-1.549830371581673860e-01
4.954060945014045897e-02
7.076990670417462881e-02
4.764289306427835213e-02
-1.762627076727815711e-02
-5.816799573664775506e-03
1.573406624061522707e-02
-1.742629515987935071e-02
-1.429279985786424331e-02
-1.883331995417617671e-02
-5.999373438223882388e-02
4.631365019882626929e-03
-4.553575615439374447e-02
-2.744238432977057565e-02
5.060800106775859919e-04
6.068997369149456422e-02
-2.970324967054657067e-02
-1.834908192407000427e-02
-2.989081690018140225e-02
-2.529254947902885922e-02
-6.778629492074314533e-02
-9.102215104340861951e-02
-3.782082691700301008e-02
-5.828931019555628340e-02
-6.958595042210362347e-02
-3.904806803020214462e-02
3.376105028743453529e-02
-7.376033578714195904e-02
-1.426227484460689465e-04
-1.474587066606128025e-02
5.495124072246662531e-04
-3.348045165289477432e-02
-2.956557006987195479e-02
-3.162061451095172365e-02
2.421203793179428632e-02
-4.446327664690379912e-03
-1.521657539136213148e-02
-1.148264730385034973e-02
2.645126273928587873e-02
4.824228806481224967e-04
-5.147406791714208285e-02
-4.627156251419236449e-02
-7.364299875444584378e-03
1.119651369459189090e-03
-3.023901413029200097e-02
-2.225329524845686552e-02
-2.317826480966182767e-02
-2.815130622475291861e-02
-2.657417225262748497e-02
-2.351072428215900470e-02
-1.546882813074187957e-02
-1.299483599254908951e-02
-1.965397080354668036e-03
-4.012538036595317335e-04
1.593031983190113703e-03
1.408100343257442238e-02
1.805179790099302808e-02
4.147677831291167461e-02
-1.991643947898098441e-02
9.573904914108132339e-03
1.797546261179232968e-02
-4.137625988231524027e-02
-1.602401780599147299e-02
-5.904953428259976204e-03
-1.391587001670127437e-02
-1.759828980109295893e-02
-1.220791066476655494e-02
-1.396157898350551367e-02
-2.013375745339265888e-02
5.346330764410722920e-03
-1.276434542201702221e-04
1.781183939043735063e-04
2.263928851283952826e-02
2.167897340793090155e-02
7.803326568252887639e-03
-1.436842108954715022e-02
1.951124704286153616e-02
1.873295243851296268e-02
-1.497688854830357512e-02
2.687653526359724820e-02
1.515676666295805511e-02
-2.970222683256512793e-03
1.291366276407327797e-02
-1.613668516335923717e-02
-3.176899740421762052e-03
-2.224036809991430247e-02
5.573436780360712002e-03
1.024642581486973764e-02
-3.892292758386318476e-03
1.028975605232922272e-03
3.280053272907152567e-02
-1.794833774111812691e-02
-1.631529743857673860e-03
1.195551262333405598e-02
-1.410048883843015820e-02
-2.016194386663268390e-02
-5.666088871003692462e-03
5.781200871679986232e-03
1.764206832633924762e-02
2.496893598950309517e-02
6.666178500983230629e-03
-2.176132981026481297e-02
5.655482185318563317e-03
-2.559324501366461516e-02
5.851920728165424697e-03
2.814513361875267683e-02
-2.102163566126769717e-02
-1.067762003512033597e-02
-2.399491515011512380e-02
3.690107319062185722e-03
2.286131696858530789e-03
4.004606511009170706e-03
-5.063531454889029677e-03
-9.991049263438658151e-03
1.627462014711794159e-03
-2.018892853357177539e-02
-1.967105162430391602e-02
-1.258451974720112623e-02
-5.184103025427008390e-03
7.566945984184074783e-03
3.645159676747863897e-02
3.383540745197984034e-02
2.196814816366180964e-02
6.841510008799189801e-02
5.360591851347319518e-03
4.834210948255415058e-02
3.958523910355006559e-02
3.727586872863866002e-02
-3.448665198073177715e-03
-1.228059337354351493e-02
2.369907798572496241e-02
1.573375055362335670e-02
-4.373966149924760072e-02
9.087368820037466715e-04
-3.352704663447179240e-02
-4.284896355755192510e-02
4.564666536267447672e-02
2.959735079704840094e-02
2.943305751108926671e-02
-2.422170288537814006e-02
1.189913688352964294e-02
4.159191143518962269e-02
-4.127258195144398872e-03
-3.389720270343590802e-02
1.554684768559161032e-02
-2.661053054071384118e-03
-1.276034105767610317e-02
4.346492772823288414e-03
-5.167020383842043686e-03
-1.836244130814175188e-02
9.080271233551057836e-03
-6.808835983539051478e-03
-3.287747726723024705e-02
-3.937739890163173204e-03
-9.534347431702477893e-03
-3.602090327485343163e-02
5.014024241442756151e-03
-1.200080753391279294e-02
-6.453773483949087723e-03
1.601660885796345885e-02
9.493014642261356217e-03
1.115493327257967120e-02
2.282811781660821701e-02
-3.117331361277874031e-03
1.087850613177728009e-03
1.899983844201704949e-02
-7.479221781706004053e-03
-1.690401401479458415e-02
-1.007812852873522964e-02
-1.347864703584100536e-02
-2.566311017361421268e-02
-2.418013338833228942e-02
8.552017710061660116e-02
1.285892620886677495e-01
-1.556136220328808648e-02
-1.404059883349484117e-01
5.977258501899185283e-02
-9.554727016667383110e-02
4.549065239923893306e-02
3.778342248171522727e-02
-7.503228425199978679e-02
-1.329802983984543219e-01
-1.943631450228045510e-01
-2.147846638012846088e-01
-2.081018308168626485e-01
-3.935120643079652036e-01
-1.569878354046086166e-01
-3.515744247966600677e-01
-5.184290153653097200e-01
-1.270330097377382061e-01
-8.774326159109493983e-02
-1.514813997222891166e-02
9.703445985773449800e-02
-1.784854870146504457e-01
4.068161791639537950e-02
6.560859101057183937e-03
1.202273018632025042e-01
1.140614584430356959e-01
-1.381836199516002506e-01
1.070133558827898318e-01
1.894945448246517783e-01
-1.587889698715708522e-02
6.327971021669540064e-02
-6.616533588733139459e-02
-3.737826498095537381e-02
-3.545175493231370045e-02
-2.994634604910678677e-01
-1.728534654652244540e-01
-4.654338103110189362e-02
2.736645644486171980e-01
1.411636599900839006e-01
-9.519679066589029071e-02
3.726692926684661011e-01
1.372638959051553642e-01
1.706761966753707060e-01
-5.101240292293492302e-03
-3.542534611380945136e-02
1.303904439172126895e-01
7.314884672111367225e-02
-4.292614015365950331e-02
-6.643575536874696263e-02
8.446322571004159785e-02
-2.044591757141523969e-01
-3.397078855321763458e-01
-1.705557088090241952e-02
9.164032796027381245e-02
-3.145438051993804801e-02
-6.029193887345453418e-02
2.149504103960433662e-02
8.954168129213777028e-03
2.026209097663663750e-01
1.376569136850417929e-01
-7.047900421010973304e-02
1.667457157623770392e-01
-1.098543953594876971e-01
-6.377470127302575786e-02
1.260329490802824803e-01
8.492527962731062641e-02
-1.644707873890301902e-02
2.032918832027049705e-01
2.171944969067467757e-01
-1.317019808648805801e-01
9.512654017752769642e-02
3.883267287894590775e-02
1.258891043758198491e-01
2.148449456237239985e-01
1.302515892291015720e-01
2.279302878569815782e-01
4.899912645481730999e-01
3.742676324162314550e-01
1.897821054100721216e-01
4.556626611322459053e-01
4.646188311408365190e-01
1.410282437528756205e-01
1.652863159535716553e-01
2.970449696882911453e-02
1.456478546385453765e-01
1.816247358550191968e-02
-6.133263387438929806e-03
8.686064439745079524e-02
-9.811109851099932000e-02
-8.580490925231909483e-02
1.775327898343413979e-01
4.446731068219935690e-01
1.040056850969687113e-01
3.150205658353043559e-01
1.548226457128024369e-01
3.867773988074545422e-01
8.013638518388735421e-02
2.024161296496232998e-01
-1.321915272336656455e-01
2.117160405530132961e-01
2.641477659134869316e-02
-2.576741574567270043e-01
2.036766013388419672e-01
-3.938807458122056127e-01
-5.503860538345828335e-02
-2.148484787977921751e-01
-4.589677986521214365e-02
4.366397677796718946e-01
2.430360373182455791e-01
-1.852357723651300581e-01
-1.543932011924425696e-01
-3.978751838064548824e-02
-2.519542233375241524e-01
-3.050258320969996828e-01
-3.366517752140499864e-01
-4.586389198219680829e-01
-1.971383443217192832e-01
1.670995067850218063e-01
-1.092681821059825371e-02
-3.254902794140240169e-02
-5.688314389925488990e-02
3.240879787293017133e-03
2.610047944527192978e-02
-2.383562772225679138e-01
-1.789661218280378108e-01
1.655034517600051380e-01
1.512488732959468493e-02
2.107463216198878497e-01
2.374502312012019833e-01
2.111658296802007562e-01
3.687363489531729766e-01
-1.614697207022984526e-02
9.434889519574299332e-02
-3.372132562490778862e-02
-3.410003073450731947e-01
-1.235141199228961123e-01
5.896671253392785084e-02
-5.299789140326054138e-02
7.110921826839104731e-02
-1.229909259913094521e-01
1.392054479924572652e-01
2.583226322468277353e-02
-1.335466368374022272e-01
4.292565327658951629e-02
-4.301700802174072968e-02
-2.965788802507679511e-01
-1.130990741397787935e-01
-1.629136984290466827e-01
-1.013730583215685793e-01
2.063129121730354343e-01
8.954095473158454888e-02
1.143353352307462101e-01
1.842770743327958594e-01
-6.013461605585402464e-03
2.709065802656923649e-03
-3.675340161784882397e-03
-6.053143264237731414e-01
-2.849556682933313545e-01
-9.605016764386674344e-02
6.977922194636383690e-02
-2.563316468794402114e-02
-1.674794610102542658e-01
1.221169388802388067e-01
1.245860181453953552e-01
1.289262398640417251e-01
-5.209648750120921858e-03
-2.246784108040522920e-01
-1.008071457152911465e-01
8.327785184598991697e-02
-2.929084968732735272e-01
-1.128421450949406019e-01
7.537987584266034324e-02
-1.179976645238978161e-01
8.222640405425774013e-02
-1.892971385061321399e-01
-5.426002170487766174e-02
-1.463976070450206599e-02
-2.646990719836748163e-01
-9.405443532959188724e-02
1.617191454370367765e-01
8.728067876243203460e-02
6.169736459433168563e-02
-7.831886135033390428e-04
9.317298679876993839e-02
-2.160468572266939502e-01
-2.461916275695121004e-03
-4.353013291810705135e-03
-7.383344306374521604e-02
-3.904034859786174178e-02
-2.119820423493475603e-01
-2.350008450760629197e-01
-1.102139275468825702e-01
-2.863680812854554336e-01
-2.184841993802271731e-01
4.329322093399907145e-01
-1.870539203235065395e-01
-5.151883275990283562e-02
3.800229704293335842e-01
1.093611928094867236e-01
3.912655402213400246e-01
1.892407488736646409e-02
2.871033063360183268e-01
1.199598333685149287e-01
3.078173644776429838e-02
1.000320433406324122e-01
-1.809789853173821017e-01
-6.222828488736217856e-02
1.237116409548710688e-01
-1.509965024552370194e-01
1.221478323778728420e-01
2.250433511488964256e-01
-1.001284869702825583e-02
2.939691758337890648e-01
2.021724900482089471e-01
5.726644332976852519e-02
3.268865520132355207e-01
-2.579940743734693981e-02
1.106859273654777071e-01
2.370544400346661362e-01
4.357219215482448921e-02
2.177979216083519506e-02
-1.419788320551724492e-01
-1.070171958813445484e-01
-6.924640683447781664e-02
-1.209096146324695198e-01
1.438919697013857357e-01
-6.759018277420761334e-02
6.171017780994914742e-02
-7.418765714380927412e-02
-1.745435135431010476e-01
-1.086295453889308399e-02
-1.408547826668487268e-01
-2.867600084443026193e-02
2.110807887654994955e-02
-3.875358830232367713e-01
-2.501732338398204303e-01
-6.528057305399022070e-01
-5.887319671733159954e-01
-5.201150112123562597e-01
-9.638905975048130959e-01
-7.057273365666326681e-01
-4.306779490894424578e-01
-8.455069089115795355e-01
-1.609797906530708589e-01
-8.984898204994166970e-02
2.177792605135626391e-01
-1.181671978095416992e-01
2.372151330407311354e-01
2.142602859714238250e-01
-1.311027948742045923e-01
-2.100064176407598904e-01
-1.065816923056474019e-01
-1.346004803093884539e-01
2.924704580387813557e-01
1.526426473159073986e-03
-1.836256806619019077e-01
-3.350588748193445432e-01
-5.987636417127869398e-02
-4.361631404982987958e-01
-2.883481669894839006e-01
-4.409566788566151585e-01
-1.028250460851275472e-01
2.394483691939546313e-02
6.607425039530848143e-02
-4.060354323588347830e-02
-1.736626657007740715e-01
-7.438072549302350567e-02
-4.446961193268979089e-03
-1.199373738023602337e-01
-1.797056802969477021e-02
4.519014440767472884e-02
-9.382787417995461232e-02
-2.109938214385405908e-01
-3.197638219314477004e-01
-1.932131990612515338e-01
8.840493132480550798e-02
-3.440378869396118477e-02
-1.846514446036459645e-01
5.831853597826738150e-02
1.879822534747281615e-01
-4.611879777886607884e-02
3.573416353824707681e-01
-5.858536092437786197e-02
1.710232691631511370e-01
-1.184935880868542152e-01
-1.142255704503541552e-01
-5.725132894719597854e-03
-2.153388530819740632e-01
9.529557582385630998e-02
4.406034354577641893e-02
-1.802972144476261071e-02
1.249433370543333449e-01
2.365597686497954502e-02
3.617419677522625866e-03
1.145167789589573160e-01
7.155199213512558609e-02
-7.286180151429554053e-02
-1.950169402166472207e-02
4.774522745869038548e-02
8.204047140997375309e-02
-1.269603843193651826e-01
-2.368818823565968512e-02
-1.229369359712906423e-01
-4.847372962363363097e-02
-7.403785657197962944e-02
-5.578008576438968358e-02
5.953033225967804820e-02
-2.106396355422819958e-02
-6.153436016893269744e-02
1.032708339662058300e-01
4.869603763110899597e-02
5.917393893014620543e-02
1.523283683538262101e-01
2.050869806065194201e-01
1.950206815261270876e-01
-1.227459887633321617e-01
-6.873212806188927493e-02
-1.500430702021188743e-02
-5.505429379199727052e-02
-5.128706395834072007e-02
4.700812930923170541e-02
-7.440593923681401711e-02
-9.515623461395142368e-02
-2.390209885896197803e-02
8.030668039081824416e-02
-4.803171045861410332e-02
2.219373871394935208e-02
8.821157182398503549e-02
1.078590535424251984e-01
6.177176782061989668e-02
1.108253201710726610e-01
6.168241772719687543e-02
5.188282185505446037e-02
2.921957187111666118e-02
-8.980767663608869855e-03
-8.304029975780304051e-02
1.349840387572654454e-01
-4.281083143721856228e-03
-1.163152655441858363e-01
1.387173841628122628e-01
-1.401937871322003412e-02
-1.101947139324662844e-01
-1.000411209743168051e-01
1.901487744002576009e-03
-1.468808412053522298e-02
-2.982054954652566328e-02
-4.998234596976590394e-02
-1.365351776433682864e-02
-6.456561324294250725e-02
-6.606188627688727721e-02
-4.268106517109249154e-02
-9.905931309997695333e-02
-5.251229466746452912e-02
-1.165016890776793823e-01
-1.707412580651865991e-02
-3.902765239121894214e-02
-4.185601214576748635e-02
4.046054383105278374e-02
8.664799032552352245e-04
-1.230059205023331104e-01
6.017586963311486251e-03
1.423633353873987248e-02
-2.901882704626823628e-02
-7.578977639208402117e-02
-8.001963870205262841e-02
-6.141680481476589556e-03
-6.012168283364257432e-02
2.016887181119495984e-02
4.034768768195655386e-02
1.784741636079304741e-03
-2.297952604431216864e-02
7.489968676979507451e-04
9.237069931201508631e-05
2.912258870392904833e-02
-1.502497650129819458e-02
3.178366177312525603e-02
2.184003250723161316e-02
3.442182258161129160e-02
-6.231821967172974756e-03
-5.454794917972458079e-02
-3.771678280719101967e-02
-1.010840385752148074e-01
-1.578633097439011701e-01
-4.819038310487441107e-02
5.542815793346492215e-02
-8.783249592807837458e-03
-2.164393974494825679e-02
5.653778920088461252e-02
3.282652019513335184e-02
2.671963489485170221e-02
1.098402123213470527e-01
6.086541804605792583e-02
-4.061199865880981558e-02
8.953838259609974565e-03
5.232123612295048326e-02
-4.098146450481653796e-02
3.410065473401618225e-02
1.083290442617250160e-01
6.372653181161599956e-02
-1.323869882196486991e-01
-5.123496647459136605e-02
5.276376783733843084e-02
-2.689132789992122394e-02
-2.765335039234655123e-02
-7.840993277559314689e-02
8.772487059102977713e-02
1.943086491471515964e-01
1.234162358308807522e-01
1.002551880706161191e-01
1.503704397967687012e-01
1.071093472803225227e-01
7.635005604278895242e-02
1.000566178192133782e-01
5.231255989587246802e-02
-1.943604557516116424e-02
4.260594509310942912e-02
2.288244457998540871e-02
5.945614098935674691e-02
5.757293230050148508e-02
9.076150493189201474e-02
7.362200952177472280e-02
7.861302670146085025e-02
9.750539180301696918e-02
5.193118505054815370e-02
-1.175642711215674624e-01
-8.410891002420430029e-02
1.182793276421198747e-01
-1.517757578860390311e-01
-1.332067362085557205e-01
1.032213243050994073e-01
-9.337557190793401019e-02
-1.125958723142061052e-01
4.172405694149704941e-02
5.952041857404519187e-02
8.038865128992635223e-03
6.342125346045016099e-03
3.894894251776377658e-02
2.642008815477094735e-02
-1.063735959810806209e-01
-1.365989288105054211e-01
-8.743955834720938680e-02
-7.881319113541560006e-02
-2.651795504437095153e-03
-5.229562577613759006e-02
1.335383237524357947e-01
8.637896389108194739e-02
-8.327597943302251365e-03
2.686690841758429885e-02
1.344684608085080502e-01
-5.250293274414485206e-02
1.465108121295408648e-02
1.695299231772284462e-02
-2.033763382571021367e-03
-2.624711748643521886e-02
-5.699647865691096296e-05
-2.167255833511222071e-02
1.049824568755302993e-02
2.761438585855121794e-02
8.647393702502708529e-03
2.740840565367215487e-02
8.907852800280830277e-03
-4.295397002895980088e-02
7.681933755794186081e-02
-2.200566665399359897e-02
-4.123135286357573065e-02
3.344807439334032684e-02
6.746524489640963462e-02
-1.290791434803364446e-01
3.755778048956093067e-03
9.752042746066547779e-03
-4.735234750678125187e-02
6.926965742125476555e-02
1.343633650312075004e-02
-1.175031122641676841e-02
-3.249036872152824551e-02
-6.082343383422509492e-02
-4.175164572917106770e-02
7.508519304905558744e-02
6.140766806368216230e-02
5.905925148146894121e-02
-2.884839201484898363e-02
-4.827161647483796392e-02
-1.834470540649241546e-02
-7.384346379266881755e-02
-6.876371780376502874e-02
-1.544071983025877004e-03
-8.659267636511103206e-02
-1.446868016536922430e-01
-9.919338315780532045e-02
-4.389988703903087430e-02
-1.540676863114967023e-02
-5.470133431916784222e-02
-2.062174451636451106e-02
4.113251497041473664e-02
1.937880127629996313e-02
-2.111418177461042364e-02
1.444775820195581990e-02
-8.984094001034885479e-02
9.100440674648184458e-02
1.064803330203020204e-01
-1.289654929691132386e-02
3.778723715825087898e-02
4.779929430263654688e-02
5.228902313530404446e-03
7.752970597518771267e-02
-9.569154821342035211e-02
-1.506318741078227774e-01
-4.177582179233704091e-02
-1.547492317854565480e-01
-1.414898618274598174e-01
-9.545770048141255515e-02
-7.295646716865020198e-02
-2.285776766561904011e-02
-6.534946573015085192e-02
-3.498196385904238370e-02
-5.608001450461731069e-02
2.421947133460786161e-02
-1.194827217053618523e-02
-3.102977306191847043e-02
-3.341451563004246145e-02
-4.530629813260002303e-02
-7.591027558860186097e-02
-2.469456714776490855e-02
-2.228679006457072800e-02
-5.153534924290633507e-02
1.723756879667646957e-02
2.094435792801344898e-01
4.117170078645464304e-02
5.242185073763038633e-02
3.051539607448700703e-02
3.958082835729159754e-02
1.783607008506563063e-02
6.453586377189564349e-02
3.587285091564768047e-02
-3.013679637630891500e-02
-1.039289867798078998e-01
7.322651435352683924e-03
1.514260064819286378e-01
6.315607504697001717e-02
-4.718637191509030687e-02
-4.322394661206665351e-02
5.328389559592154601e-02
1.949801190611984494e-02
1.398623718362458634e-01
2.139139733138494814e-01
7.991691227000519149e-02
1.487614773523228406e-01
2.704620390420495735e-01
5.878840658828441562e-02
1.972337550597477729e-02
-1.688067043209765666e-02
-5.884974760644360453e-02
6.593626271216031232e-02
7.822400102848245385e-02
1.457300665845101366e-02
-1.917657946952904132e-04
5.450666231723283461e-02
6.740707637336001978e-02
-1.139943235039124654e-02
1.019299022530277543e-02
2.374973300379915227e-03
1.707004088295648384e-02
3.611700742294940598e-03
-5.053095838005399604e-02
1.951023334754053290e-02
4.467435911251834563e-02
7.944078585439056858e-03
-6.670963174760823067e-02
-9.993670793104065240e-05
3.679984298379340713e-02
-9.853414509237753971e-02
1.158828383239688710e-02
1.685855557384680903e-01
-9.724634588894429110e-02
3.320218493350763495e-02
9.330403475505902322e-02
2.729278026114511160e-02
1.195143510981035335e-02
6.926347770948304561e-02
1.094561637430602370e-02
7.179599915984798131e-02
1.236216932335926361e-01
-6.417074755975339662e-02
4.861002726355168058e-02
1.840555721884986479e-02
-2.766362697240638130e-02
-5.677860537486867365e-02
-1.130880584749392737e-01
-1.433562491104313219e-01
-8.189855983175751974e-02
6.592513694718159234e-02
2.835162520971746744e-02
-6.911037730145005997e-02
-1.407146044468485582e-02
9.259178589413821769e-02
-1.777565127446023574e-02
1.045874474956530117e-02
2.286334348582578016e-02
7.241880396646455109e-02
9.951817113609134208e-03
3.210292856328381128e-02
4.274832938806731597e-02
2.262536436941638140e-02
-1.980251757360457499e-01
-2.642070762437738751e-01
-2.654437111689922912e-01
-3.594577587580057854e-01
-4.276753595454463319e-01
-3.432564892226130926e-01
-4.514933678804070039e-01
-5.264262621511449636e-01
-4.740251113266051308e-01
7.957963534437138831e-02
-2.822529286399424672e-02
2.530795948828104894e-02
-6.387764783052011890e-03
2.708694820802497356e-03
-4.566781314062930835e-03
-9.381146710145562076e-03
2.833902118723462260e-02
1.351651639253541835e-02
-2.266547975659055983e-02
1.896599956742276924e-02
-2.144887728938455473e-01
9.872097168469524953e-02
-4.223702911526144854e-02
-2.487468761239660653e-01
5.030668989153413290e-02
-3.943920530353430681e-02
-2.348106447121519336e-01
-1.129273353939230957e-02
-7.896380014465378960e-02
2.648754366156948897e-02
-8.670337807463730784e-02
-3.764009388948062057e-02
6.795068487872731045e-02
9.594277962064311216e-02
4.194948427131608287e-03
2.156450363372688570e-02
1.218896151530422019e-03
-1.561353147158485964e-02
6.288016968186301014e-02
3.510168872664248818e-02
2.913481815244984424e-02
-2.780859846653372172e-02
5.593455034371472984e-02
3.445013983574701788e-02
-5.188421460672132390e-02
9.881934454309788951e-02
1.264209822380801818e-01
1.608433705888191734e-01
1.599146861461780977e-01
1.476051031721729578e-01
1.386595721874998577e-01
7.683350775445500769e-02
2.385716629972571001e-01
1.496599580177844779e-01
1.021021410408065322e-01
6.088218511558676077e-02
1.139477565035394435e-01
6.619043472025747110e-02
1.152387565037699957e-01
8.025607110019113144e-02
5.897172364002802036e-02
1.525703844931782308e-02
3.473922022617614846e-02
1.786002374191422437e-01
2.368047751179310767e-01
2.349218647722116637e-01
9.425063798410092397e-02
9.643208976661263310e-02
-1.213643634310082771e-02
-6.444272587769095395e-02
3.040089916975199577e-02
9.698896242843940696e-02
1.574438633817711597e-01
1.555325209552416710e-01
5.318111667257027081e-02
3.381405805798938513e-02
-7.447336210289493214e-04
-8.407980361195670216e-02
-2.368079716240576726e-01
-9.289743152756112232e-02
3.254673055624073691e-02
-5.516411436634205412e-02
1.038898597399621863e-02
3.619527312026703941e-02
-1.307546431250461161e-01
-1.820698230523719874e-01
-7.163004696187165454e-02
-5.804718547877887880e-02
-1.450538385722476287e-01
5.572402447370346235e-03
1.428742496339761858e-01
1.690080333624882913e-01
1.426570554545333880e-01
5.370178622601319215e-03
2.872734009274949957e-02
6.984121636800115496e-02
-2.603159647476033234e-02
-2.607083702867881575e-02
6.614276701382346135e-02
5.343786646825791214e-02
3.344723680324732801e-02
1.043666836294640660e-01
3.250928096341040158e-02
9.094162860672555526e-02
1.174990533981656315e-01
4.744059390900108586e-02
1.054507702704350069e-01
9.847037478094407270e-02
8.060791312957255039e-03
-2.564444911168228813e-01
-1.416337146653975920e-01
-2.204620487157214759e-02
-3.311540123158924209e-01
-3.221496227944847246e-01
-1.871831240190405948e-02
-2.803180941875257348e-01
-3.013394043703331304e-01
1.408877392733809408e-01
2.504768510841491880e-01
5.739482457833038065e-02
-2.413001617142329983e-02
1.268638276732492187e-01
1.757074258659518939e-01
3.574769363299654893e-03
6.415060132538420723e-02
-1.447863246155112193e-01
1.544973154500108303e-01
3.580403359242441685e-01
4.711614399115768292e-01
4.247631354219950084e-01
5.155340981141487422e-01
1.751547197957035729e-01
2.249843088085179965e-01
-3.877918793430756156e-02
-4.088874438820299106e-01
8.982934922411436873e-02
1.110108521453139069e-01
2.497720945374608953e-02
3.522160161153612551e-02
-6.509049757108554927e-03
-8.231004983904732786e-02
5.435574668320739683e-02
8.377433440530687725e-02
2.943061021009889255e-02
7.210827724668454619e-02
4.661870775528070832e-02
1.556347289656178079e-01
-5.775130177833499856e-02
-9.668836792788298995e-02
9.499747375692361995e-02
-3.539500436663056693e-01
-3.070859063994198501e-01
-1.683884755257595289e-01
-3.431012742374343200e-02
-1.842770800368486242e-02
2.102149218238079029e-02
-9.319104278090170612e-02
-5.404225219576111461e-02
-1.038838289271687698e-01
-1.193563788607844289e-01
-4.456092101553572882e-02
-1.808868890884392788e-01
1.445318917593422792e-01
1.341001137502772222e-01
8.120101974867550629e-03
-8.395623634857571349e-02
9.197133780742982115e-03
8.862238723800305862e-02
-7.923185443035168918e-02
-1.948661413179818974e-02
-3.789586730734256087e-02
-1.529770231653156953e-01
-1.585914207528257291e-01
-2.336173978293345013e-02
6.808752573271570352e-02
-3.752612364725117777e-02
2.623890041679948285e-02
1.399569815866007483e-01
2.365600872040251323e-01
7.282123164669376814e-02
2.274220498239656607e-01
3.350040203983399856e-01
-2.129669010056671474e-01
2.330516030092975865e-01
1.614688711317431580e-01
-1.236693884815656119e-01
-1.626942609031235311e-03
-2.345912116307527148e-02
-4.198633727557923162e-02
9.220118289853697358e-02
-3.710914381724692013e-02
1.214457304264289078e-01
5.744356549087686198e-02
2.140431010500816814e-02
2.019928361584021059e-01
9.419776389362423397e-02
1.048122860382408456e-01
4.262470164118975502e-01
-6.730078292628330350e-02
-8.385405872201638633e-02
-1.533229014913401189e-01
5.546267129287239112e-02
-1.445379957217584384e-03
-1.581734268151415990e-01
5.194435701436769109e-02
-8.230241022785876603e-03
-8.783187195100143618e-02
3.894803589719399856e-02
8.022975956697696309e-02
8.874859245585814405e-02
3.579509785503924568e-02
1.162051116817594369e-02
1.744315238739442206e-02
-7.422626334994203261e-03
-5.157522568215160141e-02
-4.776974121993713546e-02
8.660202783236423119e-02
6.799591993726512851e-02
-4.865256155378005348e-02
-9.394010714085006264e-02
-1.528961360051332360e-02
4.999203167843123408e-02
3.129407460203836172e-02
-4.204794866330890252e-02
-1.267792221182404422e-01
-2.283853748545232321e-02
1.264639331431091918e-01
4.496196873098034508e-01
4.333757491258459216e-01
5.437373405599830178e-01
3.802652687245449137e-01
3.536874573843903358e-01
1.035424339229063517e-01
-8.654289279900720389e-02
-7.610075350690410911e-02
-1.297180482255790857e-01
-1.529633471988896265e-01
-4.798019850383827140e-02
-3.653075088237514589e-02
-2.243687744213241075e-01
2.015361303502172241e-02
-6.483713870324046835e-02
-2.736286589875413511e-01
-2.091122873725373421e-02
3.722179862486486857e-02
5.164284445061362999e-02
-9.612062215783333252e-02
-7.224390497361114771e-02
-2.328800159898586006e-02
1.701443401954111020e-02
-1.913937400403220232e-02
9.922860915271390636e-02
-9.800842127082301861e-03
1.430894153372847810e-01
9.434797159153728019e-02
-9.820910835159095409e-02
9.757730960884515581e-02
2.060272868184011286e-01
4.748462822609231249e-02
1.083271755302380041e-01
5.801884076899558457e-02
