1.281574866276347646e-01
1.665626731743861944e-01
1.722342536422059589e-01
1.039624618275372114e-01
1.571481386255924040e-01
1.435446034395972126e-01
2.214829517109281887e-02
1.778926066648744697e-01
1.381836541112554106e-01
5.137157767181973339e-02
1.050875393543371922e-01
1.377468682412655021e-01
2.261707169828584482e-02
1.111109374212865819e-01
1.172654744734426130e-01
-6.326191982041021178e-02
-7.654731946688562993e-02
-8.644030707521166423e-02
1.457244480601076753e-01
2.077085214726942242e-01
1.698912115462337113e-01
8.933503833283354401e-02
1.532567333848213476e-01
1.514268188350354205e-01
-1.218788298365285488e-01
-6.320972818537795579e-02
-7.445784321803190775e-02
8.319840920642081195e-02
3.113958834083476596e-02
-8.968286557894429578e-02
-2.416072929375605027e-01
-1.982026334983572891e-01
-2.521379023874409375e-01
-4.283434568086895433e-02
-1.090020904121756506e-01
-1.122683963826548170e-01
1.589262936073950472e-01
5.934441655017567291e-02
-7.739092079490841880e-02
4.824296984775489072e-02
1.359895498034971451e-01
-2.214754015973078476e-04
-1.100538846486480982e-01
7.134199243164865423e-02
8.309925203062788757e-02
1.976209798232768378e-02
1.640084490917790780e-02
3.978845436526240453e-02
2.848329763435406004e-02
2.319761202653358029e-02
-6.732118237239313741e-03
9.769458754244505355e-03
-1.667226854456644106e-02
7.326406555581298566e-03
-1.366834819260489831e-01
-9.133932806535513538e-02
-5.866979472798682094e-02
-8.825052054726946829e-03
1.289949815063408042e-02
-5.416904812984319785e-03
5.824650173683015852e-02
5.058720639529597218e-02
-2.553901875609860140e-03
-3.010707343746241507e-02
5.068697259392584281e-02
5.274213711549082667e-02
-7.251745516981195072e-02
-4.224048058178655335e-02
3.194540960812446151e-02
3.111554889703808599e-02
-7.253498411524264555e-02
-1.030636812609284914e-01
5.463093812762078588e-02
4.516939822301403035e-02
-5.029462474619166013e-02
-5.160396486038053981e-02
1.495721452212484155e-02
1.910989793310708881e-02
-2.668057971454864882e-02
-5.705411170291527223e-02
1.436172378920355045e-03
-7.238133782843690633e-02
-7.912167521963829261e-03
-4.434032201592102290e-02
-2.955455553287240564e-02
-2.383708305607236400e-02
2.550210872798973002e-02
-7.607481212182942709e-02
-6.158830147035499608e-02
1.721410274345733932e-02
1.981809711606457788e-02
-3.835668738916162696e-02
-1.316142383156610474e-01
3.291762535211208152e-02
2.556905700110769994e-02
2.627159949737618849e-02
9.027266216953479250e-02
1.593029882410511022e-01
2.103996061109858762e-01
1.029735517795855315e-01
1.087550070454233464e-01
-4.446053987974633685e-03
3.880411420053522797e-02
1.118871466120899098e-02
2.813526688908714671e-02
1.170392217521983302e-01
5.251813320738542984e-02
-8.097908722424426720e-03
2.807838002714723585e-02
2.984143330707760000e-02
1.569994810173760275e-02
5.999880642727247609e-02
2.898370648327953936e-02
-1.075597886681639928e-02
-1.882535597530319432e-02
-2.103976301046868100e-02
-2.651178158839738105e-02
4.269210271996676763e-03
1.607370526931324595e-02
5.381552585662273402e-02
2.489845060067436347e-03
1.566354534688760292e-02
3.109001860072770768e-02
-3.137785193618797264e-02
-3.143733562431644257e-02
-2.317703944154968915e-02
4.189279342567461990e-03
6.171850111525377380e-02
1.142121318445306621e-01
-6.792690203463842662e-03
6.403953580972794601e-02
1.019321522210251546e-01
-3.813918955552751851e-03
1.653219476669853805e-02
6.925457034456702909e-02
-8.084502846853600100e-02
-1.125982213266020215e-01
-9.009992972636417241e-02
6.534551671320840138e-02
2.958656536028587969e-02
8.677083836767920944e-03
1.530628871668819335e-01
2.238392802373143364e-01
1.517664928432151394e-01
-6.640896936409859674e-02
-1.405191613214049062e-01
6.965308959028611302e-02
-2.030152923337815926e-02
-1.128979838546262937e-01
-8.407972194722110326e-02
-1.442311251378560442e-02
-6.846235662992071480e-02
-1.021531454310582870e-01
3.775682336494218944e-02
-1.413323914558419631e-02
4.068458062366489547e-02
3.435349321624519420e-02
3.037799715286636920e-02
1.135891101939250081e-02
8.231602157250430532e-04
-2.399833773957170749e-02
2.291941081651813379e-03
2.085238046413456434e-02
5.777298986478259478e-03
8.567137081253656250e-02
4.189814893589770967e-02
1.295327048762907017e-02
6.328836312210804615e-02
1.208293262212672969e-02
3.745041334859790932e-02
2.398172579690324713e-02
-7.238582065768337306e-03
-2.569466499500583020e-02
-1.267841872912578265e-02
-2.021989870864771555e-01
-2.040997164608901737e-01
-1.771992905626364190e-01
-6.577280451004238748e-02
-3.223183914845352549e-02
-1.186322882596202617e-02
1.611617536450761154e-02
5.468743146523475512e-02
4.891115493619273974e-02
-4.805310415210412717e-02
-4.152210626081600381e-02
1.593093394307264904e-02
-3.455392442860832480e-03
2.768527351498038108e-02
-5.106616166407068613e-02
-1.866786180066241224e-02
-9.712972690067588413e-03
6.555125212772145576e-04
3.624905752694038835e-02
-7.773938105371295225e-03
-2.656162868059987192e-02
-4.588165295910061163e-03
-2.592932073584031105e-02
-4.195224488593954359e-03
-8.456938265403880772e-02
-5.816725874086636078e-02
-1.657632202466964230e-02
1.502000740246899925e-02
1.815802075361316881e-02
1.722865901692241519e-02
-1.431149436094416270e-02
-1.529871888501754817e-02
3.729607645963692493e-03
4.351829501992983407e-02
-2.866786707388661176e-02
1.121279249271494791e-02
1.542495684219159606e-02
2.872928770352500480e-02
-1.102386093583908148e-02
4.429678271214943126e-03
1.750062636177729392e-02
-7.444684996600895582e-03
-3.193344131405625314e-02
-3.866996652008413554e-02
6.165334601742897876e-04
-1.195255979922980709e-02
2.200811132172232620e-02
1.570647533280150332e-01
2.554543194898017608e-02
-7.472010576204466802e-04
7.971266761067965015e-03
-3.986489064114481264e-03
-3.239276043812398809e-02
-3.581699009532494926e-02
-2.532266992843977549e-02
-7.208799210619451503e-02
6.486831670690713231e-03
2.438857026613430214e-03
-3.408852966964418668e-03
2.881208564524561852e-02
-2.654280293814173866e-02
-3.370633887988910837e-02
1.844377192246049457e-02
-5.467796968774841365e-02
-2.700329088657394891e-02
3.627473014541682944e-02
-8.274381410465303510e-02
-6.364827799128394692e-02
-8.546228002604380758e-02
1.103020749029016805e-02
-3.874752551093565978e-02
-3.625694374888665389e-02
1.813920627014951187e-02
-5.622997985562182971e-02
-2.218442717528307240e-02
2.919107254738391184e-03
1.220265021412240275e-02
-2.317960477158244673e-02
1.221488311162519623e-02
2.906289170997486751e-02
-9.821898535853940126e-03
1.621218292150218565e-02
-1.996237383896238074e-02
-4.235236843915304861e-02
-7.836377674010151784e-03
1.366863321992082929e-02
2.434868809293663523e-03
-3.708814394220132094e-02
-3.024280618401905749e-02
-3.399142295331348401e-02
1.405502079986842116e-02
3.297064944043756607e-02
2.286156421394006794e-02
-1.038240998387440078e-02
-3.552658685069581823e-02
-4.247547639586158469e-02
-5.934704655122264444e-02
-1.012079458075695881e-01
-1.396628866436955621e-02
-2.406077378977479128e-02
-3.655934485950880497e-02
5.227146517066783710e-02
-2.763592674954774842e-02
-4.395879684578529040e-02
2.304211274573822812e-02
-1.382386097682006092e-02
1.656005207395852552e-02
-2.562937830813778392e-02
-3.200297193815620361e-02
-6.365411155779902852e-02
-3.240038981425866910e-02
-4.118902861235809038e-02
-2.465931249165230141e-02
-8.774180138125316220e-02
-2.580321881138275888e-02
2.249143915601980667e-02
8.372021851052555141e-02
-3.780451507581214510e-02
3.509007164081400995e-03
-1.828667569096664725e-03
7.010450219052297670e-03
6.406534355634080358e-02
-6.533054037545169002e-02
-2.341988459938155673e-02
1.068116717074789161e-02
-2.538241019239704035e-02
-2.170064280156806802e-02
-5.194764967050930632e-02
-2.920779077080160741e-02
-1.323546883646713190e-02
-3.560830939493494357e-02
-5.433494341228153196e-02
-9.975757756899455986e-02
-1.062215691460795669e-01
-1.228653933126518660e-01
-7.827036668463610569e-02
-3.508762971143336573e-02
-3.383416164517270147e-02
-4.701809483769612413e-02
-6.713577007957343204e-03
3.220467492581729335e-05
-4.671719892253771433e-02
-1.224075366158240280e-01
-9.338180929625780613e-02
-1.158396223152756699e-01
-1.986462879119540725e-01
-1.957422244084332241e-01
-1.150910818681577935e-01
-1.784238020643303391e-01
-1.421255848500347918e-01
5.050911838653115993e-02
6.416597696448171628e-02
3.526921530584135878e-02
7.669108429200403518e-03
9.647472748745078430e-02
4.925238935238697435e-02
-5.257297493716652642e-02
1.179910916879141174e-02
4.051517918975806182e-02
1.598875231241011705e-02
3.583642731031852404e-03
-4.815878160583313833e-02
2.989067652458006485e-02
2.452892955124054419e-02
2.039189925424424871e-02
7.624340736297151311e-02
3.016427891810797429e-02
3.515743527975646182e-02
-5.838986231524091047e-02
-7.578136030722720795e-02
-4.767974633491172537e-02
-5.899967950799568650e-02
-8.804226950408097774e-02
-9.047773566865159600e-02
1.073533507687637716e-02
-8.287058907142708097e-03
-1.079858580615512993e-02
5.934979771360080619e-02
5.416401847972186073e-02
3.192614817718678749e-02
9.511410104005657562e-02
4.193501432536460294e-02
-3.001628098917767662e-02
9.974522213526265668e-02
7.995446778228287865e-02
2.901793278627369521e-02
-4.609942521112520009e-03
9.775671004003226236e-03
-1.671188231776814855e-03
-2.362062192600083640e-02
-1.649167637506687711e-02
-3.875371286927522391e-02
-3.178867221013585015e-02
-3.319956575358243029e-03
-6.053209649724495059e-03
-5.063878159693598058e-02
-7.246436573551280624e-02
-4.657669484156574946e-02
-3.454810201828027727e-02
-3.189839299726542760e-02
-5.547187110753699218e-02
6.438479894471892118e-02
4.447792943231763940e-02
4.271244283755182974e-02
-1.515988433508977558e-02
-2.055608255838529963e-02
-1.169333272530486273e-01
-6.178803888995929895e-03
-1.044515753085265876e-02
-7.673090839404257679e-02
4.900164410629967437e-02
5.907891768661707038e-02
3.270990727992838937e-02
1.167576440003857130e-01
6.909861761850229211e-02
1.685094270417260981e-02
1.293342080039862063e-01
7.070883921589075916e-02
6.413031487392071607e-03
1.247293386620305644e-01
8.206876151360407989e-02
3.217732369690044086e-02
-4.913227416685313903e-02
-4.588204591304696073e-02
-4.175786308032942290e-02
-3.963515218446813509e-02
-1.499739074078964077e-02
-2.298450640920312107e-02
1.388910914496423350e-02
3.090785653859902393e-03
4.306275137596108152e-03
-5.100158426904610742e-02
-3.023304676768515803e-02
5.591690261307380970e-03
-7.962895312883710996e-02
-9.514927616211338313e-02
-5.535899464301128475e-02
-4.692157180819758050e-02
-2.089095895353205307e-02
1.854291122852625914e-02
-2.060497075401625244e-02
1.080082069799085352e-03
2.139106345842550772e-02
-1.497490008523782480e-02
-3.484350156751517356e-03
-3.361048820324725322e-02
4.797944254595899738e-02
7.939568509124816931e-02
9.127100837437408451e-03
-1.151546368262005779e-02
-5.386722079430343590e-02
-3.805049693975352809e-02
5.953994828419463883e-03
-1.721461402280370992e-02
-5.741319889069679966e-02
7.170052374583313348e-02
5.055385064513576165e-02
6.177286288605555314e-02
3.284426193790292159e-02
-3.733349800307426275e-02
-8.176602487980572445e-03
2.652666740318445140e-02
-5.269035365239317648e-02
-4.714770190101193192e-02
-3.795003168172006447e-02
-4.388821767134563900e-02
-5.195311554076444821e-02
3.309398453944320528e-02
-1.461404748633546996e-02
-3.429869418145823495e-02
7.526816391706284137e-02
8.321668084945109400e-02
7.845485814757524601e-03
2.359261429177200026e-02
2.827296844422458322e-02
1.843680181801612278e-02
1.422566184884393146e-02
1.279307935461409390e-02
-1.093606588999571951e-02
7.273880517480814378e-02
6.002922041662565183e-02
2.167504853063049672e-03
6.270872628371534918e-02
6.385534013230893813e-02
-9.880921436572162944e-03
4.000657669362628170e-03
6.884171322177283676e-03
3.855965723435143822e-02
-3.052680120369445638e-02
-3.476670788454862965e-02
-1.482176527340467974e-02
4.660204136645324652e-02
4.010339775626789449e-02
2.015458672078931923e-02
-2.646275729666618809e-02
-2.391068095005907668e-02
-6.642841983290252196e-03
2.084705171820287403e-02
-6.876087962664563513e-02
-4.841408794849770547e-02
3.804602591520873239e-02
-2.458373881556843304e-02
-3.394268427022615470e-02
-4.093125192488745318e-02
-4.377169787751077068e-02
6.167800232399886853e-03
4.392742893938090154e-04
-3.935520952328473016e-02
-2.833116080624173763e-02
-9.252435974079027334e-03
-2.858439900960022678e-02
5.010486583399990836e-04
7.703111515127433013e-04
-1.110720374547133349e-02
-1.498649046919034444e-02
2.195587505633621317e-02
-7.634274516725333450e-03
-9.798658247527869750e-03
2.635864940763476150e-03
-3.789224200443540996e-03
2.593889286221313407e-03
-4.276687323646728386e-04
-3.576563489841270288e-02
-1.397640946693642916e-02
-4.074002717033380766e-02
8.341134546574787215e-03
4.127535549631724393e-02
-6.129013739952349910e-02
-7.762891262884766101e-03
4.176229853767155636e-02
1.572614027104302092e-02
-5.374361975195478952e-02
-9.214618323425198543e-02
-4.005047816581076489e-03
-4.056897830944640460e-02
-3.826160489090377204e-02
-6.536946944070629040e-02
-3.758301799991371067e-02
2.843067821555613373e-03
2.042577910894509408e-02
4.655242530560411984e-02
3.081453396191272120e-03
1.165000572336310526e-02
-1.858896489118277637e-02
-1.038153871731455416e-02
-1.112684567160827746e-02
-4.109364243285883178e-02
-2.044257699526284833e-03
-1.608586712645955832e-02
1.296934986251084207e-02
7.225732551753613619e-02
-2.693923621548116251e-02
-3.263763859491859015e-02
3.749027175331130779e-02
2.348304428099285559e-05
4.486815096788197149e-03
2.622408580324710539e-02
-3.796225865450685022e-02
-7.022655359084442606e-02
-3.260279247987699774e-02
-3.865626370011365776e-02
-3.179101477336007675e-02
5.037022371170549184e-02
-4.129887278962901531e-02
-2.669155607129882618e-02
2.945366785127253792e-02
-9.849888834310753516e-03
4.856769197659272994e-03
-1.827917599193445378e-03
-4.634029629032889591e-03
-4.497696862724867377e-04
-4.543366045144947747e-03
-2.176359688357169114e-02
1.744882050733543438e-02
2.708002439170565864e-02
-5.593606518057379212e-02
-2.676279024307715027e-02
1.121269199737105760e-02
-3.262250004741234360e-02
1.374964494448693321e-02
2.505906837874409543e-02
-2.716351709463538794e-02
8.325027157274827528e-04
7.414586641957309279e-04
-2.072767652353756443e-02
-2.213206161898308502e-02
-3.972156679110707897e-03
-3.005952533516877048e-03
-3.063762849971990183e-03
-1.590099443953580521e-02
-2.427026516166755701e-02
-3.263550840530701769e-02
-5.687855573982793234e-02
2.371926368948127500e-02
5.305712559712656706e-02
4.234435722764363919e-02
-3.171804047335682886e-02
-3.483449272707443700e-02
6.755647610076738474e-02
1.345096963892174723e-02
1.404382381426164290e-02
5.353477406893420582e-02
1.100618644601091128e-01
-2.673023550955643257e-01
7.285106807095821993e-03
1.346798976487310028e-02
-1.637843122264722173e-01
-5.671252468677168840e-02
2.218171544409632684e-02
-1.634136813770257490e-01
-8.439105308938459060e-02
4.741848971271472868e-02
-6.375858713847367375e-03
-2.321550271469580151e-02
-3.739105561891022805e-02
-2.833639032131844010e-02
4.618829631253167783e-02
2.769794732689904657e-02
1.814596409953284778e-02
2.045246462629005113e-02
2.092537328493487836e-03
-5.773308432422065428e-02
-6.594410977372805460e-02
5.282776778586024957e-02
-1.622208661920781364e-02
-4.333487540754496492e-02
5.661421501073723994e-02
5.113743085552726469e-02
1.441956565707822047e-02
-5.129989541463847447e-02
-1.858900593211187599e-02
9.273453046538496225e-02
-2.744024757185391933e-02
-3.871658925845744559e-02
9.454411207062149436e-02
3.926448951943190685e-02
-2.037597497921995668e-02
-5.551943513465546626e-02
-2.899420912518319710e-02
-6.231166876010793207e-03
-2.020545421613293910e-02
-1.373059520489249875e-02
-1.904240081382085198e-02
-4.610512935248445993e-02
-4.683956322841065917e-03
9.839371077864447063e-03
-2.155060040479669925e-02
-1.062934862730488261e-01
-9.142497283411125941e-02
-1.421185011280563237e-01
-1.072096766395686379e-01
-7.143363632415325459e-02
-1.520991948149271467e-01
-9.624147280047021247e-02
-8.437419126710964112e-02
-1.553121676230929393e-01
8.177904628822207575e-03
-1.749223650210477224e-02
-1.943435783132822087e-02
-2.953821650798854614e-02
5.186176331621240691e-03
3.880933398440682136e-02
6.999141746343226327e-03
4.176167993179179250e-02
6.237097910289372132e-02
-1.244355763081612595e-02
-6.316287330298327174e-02
-3.951281532418583070e-02
-4.858709709042514230e-02
-5.097064697327634286e-02
9.748097743844880494e-03
-7.978431858200062468e-03
-8.825154809353130073e-04
-8.459947806876452585e-04
-3.311304825526809742e-02
2.312154293414270170e-03
-4.935806256289513444e-02
-5.180203123189320441e-02
-5.299206198203281620e-02
3.440455017513041613e-02
6.964340230773903573e-02
6.478504175051619240e-02
-1.098422844955607679e-02
-5.323457590624993546e-02
2.544931083599610150e-02
5.457093999380043881e-04
4.306833475842188758e-02
-8.868910885398820915e-03
-6.260878958993514043e-02
5.699984198571229899e-02
-3.074367218034591495e-02
-3.855565253252214719e-02
7.921837750383253079e-03
-1.266991446442847224e-02
1.784368281521769373e-03
-3.852284605822152430e-02
-5.189323714997991915e-02
5.508336379597086191e-02
2.610164464820777588e-02
6.771376233296754268e-03
2.123164857131841152e-02
-2.097524069368421687e-02
-1.645799299809925370e-02
-2.535226324893714508e-02
-5.126211897505550397e-02
-4.829438338123159119e-02
-2.258993537954493216e-02
-5.351114585124404355e-02
-4.381877051152607144e-02
-7.039996585557698437e-03
-5.696335428791548389e-02
-1.076168218396225847e-02
-1.647603067966812648e-02
-1.032005295034833965e-02
2.186957575546086708e-03
-4.939286015893348120e-02
-3.134828335116037618e-02
-3.990412561908153466e-02
-4.375309955386632449e-02
-2.170524785132187107e-02
-1.985083308292640882e-03
-1.740455189065027867e-03
-5.588823634704059157e-02
-6.180525751846048174e-03
2.740471937524094695e-02
4.972112401411349358e-03
9.204312206492983386e-03
3.188512975086569765e-03
1.923647403856527244e-02
-1.407068271722606290e-01
-6.959356939086231396e-03
-4.104489491996127920e-02
-2.161361627217075754e-01
-5.686394792711289836e-02
2.867558104496383334e-02
-1.749273271472681079e-01
-7.485441090627317773e-02
-3.419562192797268724e-02
-2.671730027341701758e-02
-2.285946035955600494e-04
7.254578364200636731e-02
-1.715987281751992638e-02
2.249959724561713739e-02
-4.617349381183349921e-02
-6.216181725168960781e-03
-2.024890300094981744e-04
1.706203087050981726e-01
9.989556720946796142e-02
-1.645191347643001345e-01
2.230107631547130764e-01
4.474781111454464999e-01
1.553213170804915999e-01
1.488908459715618526e-01
4.064517888279792768e-01
3.760659469260724808e-01
-6.577013952614274572e-02
-1.523910836368795874e-01
-1.103573333376310778e-01
1.889319911571640809e-02
-9.802231393158458705e-02
-1.884536486689956658e-01
-3.438486215615040031e-02
-1.555063217073269222e-01
-2.678257541137794573e-01
-4.117152198455117235e-02
-8.039516120750750394e-02
-3.917014331840364127e-02
2.249444821453237819e-02
-9.436471796145502744e-02
-4.558911249263713356e-02
2.301975284989175516e-02
-9.568388725032514475e-02
-8.918211395304366518e-02
7.998480061716335687e-02
8.394641331552278596e-02
6.764629980944569798e-02
2.405041761174083956e-02
4.011220570723833881e-03
4.229253157145831249e-02
-1.815131732297371736e-01
-2.666997098036305580e-01
-1.593983921814591531e-01
2.292295657425192160e-02
2.291103610082354247e-01
1.549643158004695986e-01
-1.663012691831523143e-02
7.036124673603240398e-02
1.259866553431390201e-01
-6.310056289859858336e-02
2.629265656216967645e-02
6.219862944301073754e-02
3.494965828501402517e-03
-9.243667813866100064e-03
-1.052378201028651289e-01
2.689794850237377591e-02
-2.877063263762982132e-02
-1.317819107437278314e-01
-8.096877992269876922e-02
-1.133574154668850059e-01
-1.621425177371429160e-01
1.900891719470480454e-02
-2.075017666566627769e-02
-2.661052972436488487e-02
-1.046811075505176408e-01
-9.570608731520711954e-02
-7.748183392673924086e-02
-8.576965384173271256e-02
-1.364123500871860795e-01
-1.271623989387142828e-01
-1.304397323318409047e-02
7.673442882369934000e-03
-1.523012711790791007e-01
1.003119011705869285e-01
1.988713491481388929e-01
-1.001498181063642523e-01
5.436292067029413477e-02
2.545292163970840904e-01
-1.110457945277686966e-02
3.751547933599219675e-02
-8.019915549148796605e-03
1.024352357189183688e-01
-2.453017507604119546e-02
-1.380472954665707200e-02
-3.557732978892871878e-02
-5.734630327925821502e-02
-7.318767206683592097e-02
-1.402819700736803454e-01
2.458930286579231322e-02
4.260057958069775330e-02
3.748639001850741920e-02
4.047237492268446028e-03
5.209609388276067315e-02
6.853557728420983652e-02
4.564069958037816899e-02
1.754443616143331122e-02
5.014331299215465249e-02
-8.722828058637910331e-02
-3.779726798001074167e-02
7.794213546922539038e-02
-1.138637772843988233e-01
5.389707480301377321e-03
1.333648557502635779e-01
-1.080300828663642854e-01
-7.558126530516028063e-02
1.848833206513204180e-02
4.063413401341158665e-02
8.464736412171609825e-02
-8.820929684783623825e-02
4.909118717523507786e-02
2.564026763175213386e-01
-3.955288210363748502e-02
-4.170105753864170040e-02
2.689054614580234093e-01
2.766784086842144150e-02
-4.424625636322165878e-02
-1.478010866929152338e-02
-4.456524241815430776e-02
-4.058439269899118129e-02
-3.851380453815244492e-02
-5.121443591437040144e-02
-8.049869262943873394e-02
-6.541458124158201770e-02
-5.314482585841328460e-02
7.111325926754152871e-02
-2.655036521942798558e-02
-7.385864043942158563e-02
5.439237599026849153e-04
-3.393383150926141539e-02
-6.229291623746607137e-02
-7.175070776618968325e-03
-4.748871094493751360e-02
-7.885907152446960944e-02
-9.418624709198146483e-02
-1.730408285189234674e-01
-1.525896601263665442e-01
-7.679687515276981125e-02
-1.510057624626330759e-02
-7.337203400030437028e-02
-1.169375152256694750e-01
-2.114048417223954313e-02
-1.550343641238331044e-02
4.520330909325614294e-02
7.125809993696829991e-02
-6.065517592997924506e-02
1.727796183211010098e-02
1.429076264024755905e-01
4.551328168017999137e-02
-3.559962091663106121e-02
9.443822842320076516e-02
5.953582648833581625e-02
-2.021082368065646104e-02
-2.432447676047818849e-02
2.243995608461443921e-03
-3.987928835271456127e-03
-1.826804027364129640e-02
-3.105726258284502439e-02
-1.632529145524009434e-02
3.616170829865179848e-02
4.025523080514811086e-02
7.804046483310981761e-03
5.035530287910722214e-02
5.429365788159647849e-02
2.549774461119265478e-02
9.155938285496910412e-02
8.282055761056160426e-02
-1.636990241827426806e-02
2.232111616695327261e-02
4.585844612334175063e-02
1.529633982543546211e-02
5.113805514015762332e-02
4.828585417869987739e-02
2.725284840978806425e-02
8.353387621086193204e-02
4.841065645778145493e-02
-2.002656894137427868e-02
2.233918036877222124e-02
-6.829081119990252843e-03
-3.118132299579267838e-02
-2.727438041833432983e-02
-3.700583328433306590e-02
-4.910027887574131000e-02
-2.782738437105694920e-02
-4.650717883604531949e-02
-1.910262178364632857e-02
-2.125034988464660768e-02
-5.043783250472948926e-02
2.933350322476342698e-02
-8.967150052364157619e-04
-1.840510719814919191e-02
6.064006026095679347e-02
3.554162330728389153e-03
-4.328544385742345846e-02
1.895343095358961380e-02
2.942518153877843670e-02
-2.695962641670898371e-02
3.167424294793220324e-02
3.210819110233410767e-02
3.063231283527175289e-02
2.860080486260278484e-02
6.683988444332528318e-03
-4.536597284140664842e-03
-1.210303609113430080e-02
-1.804212175977659705e-02
3.619315352323043255e-03
-1.718840976447395114e-02
6.188025290519831058e-04
1.926476545327610382e-02
-5.946841270789977700e-03
-1.595299750522404317e-02
-1.810645240725655344e-02
1.173973339168192520e-02
-9.198008178115762296e-03
-1.931004194895132378e-02
-2.789113715014159001e-02
4.656577433351725276e-02
5.068241276853708427e-02
-3.387208577607438154e-02
3.395400055926572208e-02
4.748760860401650408e-02
-6.498753893106583822e-03
-3.888096136244010171e-03
-4.775286749177418133e-03
4.544287883548316087e-02
7.461860729037336423e-03
-1.079477305461713126e-03
2.391999333432793043e-02
1.468128628468808559e-02
3.684396453454873849e-02
-1.997931075666124073e-02
-7.768426174485068038e-03
8.138883946184109763e-03
2.511772249137792651e-02
3.167662061696433244e-04
1.696623874802532725e-02
1.119031293863676467e-02
-3.533888393561650937e-02
5.847193263033977073e-03
9.352752269779489314e-03
6.090208093882120560e-03
1.996014508639425145e-02
8.557882663089814990e-03
-2.718304262326021528e-02
2.431045227022774619e-02
1.532867958313378041e-02
-4.653372977174843016e-03
2.637117867636273524e-02
3.211587573818762420e-02
1.960788569648211008e-02
4.516078483441298037e-03
-1.889646946994963730e-02
3.179465903295025609e-04
4.801965901294358643e-03
-2.421116684656292317e-02
1.287089556845275214e-02
2.157989827136073957e-02
-2.723561552741501218e-02
8.460061888319625814e-03
-1.184718053553076439e-02
2.225772537560440426e-02
2.180696775117276637e-02
3.392768816572785083e-03
-3.051492683210778149e-03
-5.300473703654858329e-03
-3.021685169867669926e-03
-1.659853315655785214e-02
-1.629929990091448511e-03
2.872321993096563046e-03
4.566424298305782337e-02
5.819999456195509846e-02
5.998595378962556096e-02
8.297827572667058893e-02
7.853386544771231992e-02
6.778674178695923147e-02
3.801307757709997126e-02
1.810595385413118000e-02
1.334868658011672746e-02
2.854611787850846322e-02
5.139116030459583290e-02
5.422808264036933779e-02
5.596116303355806731e-02
6.385291908560970786e-02
7.391686394864176168e-02
4.449587240299592711e-02
4.896557172960314119e-02
5.266814211427298109e-02
-2.426548230123487179e-02
-2.081522512101461123e-02
-1.900215557626351928e-02
-5.539494145945895835e-03
-4.267620955279734403e-03
3.009109048009081348e-03
6.594337142366729632e-02
7.893560623531763187e-02
4.999244446443762424e-02
3.912058950666339428e-03
1.063299558872863107e-02
6.106615788874947964e-02
-3.874286500639832656e-04
3.724305407067404761e-02
3.116991953897875131e-03
2.757544903612330414e-02
1.286621562249457007e-02
2.096259804489208900e-02
1.499232476171457641e-02
-3.987412096171457504e-02
-2.442542813749959407e-02
-2.910383413883486621e-04
4.797753301452629959e-02
4.923161506270549992e-02
1.199264353766785890e-02
9.805387982149639872e-03
5.650913845149258550e-04
-1.236389997440899731e-02
-1.959871049421055278e-02
9.052497535158576802e-03
1.686534666089319718e-03
-8.698523661884293573e-03
2.138930670097580547e-02
-1.461719990524884723e-02
4.075377212226806260e-03
-4.997157531790851273e-03
3.537617744819707144e-02
2.184575100873692097e-02
8.183060043631274622e-03
1.993879631607419975e-02
1.103478893722231041e-02
5.672023738080442246e-02
6.028512335282854712e-02
1.049873225020053341e-01
5.908803166940112400e-02
-2.483752372735824332e-02
2.216202730757006398e-02
-1.375054057187380819e-03
-2.892740169243206236e-03
1.643697247959346672e-02
2.902478560925671192e-02
3.136073494614914636e-02
5.843137278571353815e-02
-6.244125257963866957e-03
1.883853885310078635e-02
2.100327740255301945e-02
5.250239521410091613e-03
3.725203731468455792e-02
1.054487159033359704e-02
-1.485880424378035504e-02
9.795619457609648726e-04
-1.167468345128080259e-03
9.506914723413356985e-03
-2.058450829786911962e-02
-7.689146440652706166e-03
-1.863923602439372662e-02
8.387012007007935144e-03
-3.459316236173144449e-03
5.227437166314496605e-03
-1.073415067832858387e-02
-1.731945978122202690e-02
-9.593117067303398929e-03
3.418957793444871857e-02
-1.891087597350256042e-02
1.406877687612152587e-02
-1.063117163773137641e-02
3.780005811581974018e-02
-1.860036235539215543e-03
-5.747826137097775123e-03
1.903937754442481048e-02
-6.539083473213825985e-03
9.768285303365429706e-05
1.232679592594944362e-02
-3.470854107320085064e-02
2.572038905938123232e-02
-1.204860847214683610e-02
3.523995912639731748e-02
-8.880661262645474577e-03
-1.435111444621075226e-02
-4.879840957991567196e-02
2.374667639054363691e-02
2.297313078283497179e-02
2.290995131177060370e-02
3.950322201023772489e-02
-2.788913162641692284e-02
1.894548949563169479e-02
7.335091756533239880e-03
-1.233278505966208145e-02
2.901929321113481605e-02
2.293818579927304688e-02
-3.802745161611831987e-02
-1.119172405513005510e-04
1.195053606518354551e-02
-1.013189895169754398e-02
2.807053188528559409e-02
1.239827197711946931e-02
3.400249169667646232e-02
-9.818682051020247506e-03
2.653428119364268853e-02
2.530019868825065729e-02
-4.174858558558689793e-03
-1.094451317886480568e-03
1.016119539414857276e-02
3.267592460315854163e-03
-1.275170254584137922e-02
3.562785803166209492e-02
-2.779636945075502838e-02
2.258031976523491163e-03
8.955230497296452069e-03
-4.956515383643381916e-04
1.652395736466230267e-02
-5.210196149666350765e-03
-1.800197859192725902e-02
-1.806237442613799205e-02
-4.276408114657173284e-03
8.863833431392201256e-03
2.318225966244639308e-02
3.966023702587377110e-03
2.504689412638832439e-04
4.380139837510720058e-02
2.708780443718561762e-02
1.554930460926256044e-02
3.107576759940305564e-02
5.493135463789216785e-03
3.473718098460455705e-03
1.537586581659917788e-03
3.651743477286146372e-02
3.761904182260531609e-02
3.524481005990065530e-03
1.144219841117712425e-02
7.241234297156096122e-02
2.498710779770483420e-02
-1.733739294047639129e-02
4.353010175795079401e-02
-1.247430859062030606e-02
3.098277303549144129e-02
-2.521509482398499521e-02
1.355921244956701140e-02
-3.565207389171076019e-02
9.643852124767720094e-03
2.880328627851372163e-03
4.104356118277686233e-02
-2.466340237981603720e-02
-5.564755642494499666e-02
-6.619221939467138938e-02
-3.154346078660817676e-02
-9.158741774102412136e-02
-7.182805798427492616e-02
1.206383840217834826e-02
-7.195382456722422548e-02
-1.275131996238889065e-01
-4.359784388850302533e-02
3.740475713025909893e-02
5.704199279884728663e-02
4.382442367078905054e-02
5.091607368820046109e-02
7.495122413274325768e-02
7.341810965717304738e-02
-2.232263599920520161e-02
-5.765378006161815672e-03
4.357015480994447937e-02
4.538111494225941650e-02
2.840649707764756823e-02
-7.100865507375161458e-03
4.996078518251157591e-02
4.918199379456474757e-02
3.025384391929774805e-02
1.188997701289362142e-02
3.926088463496069103e-02
6.191533508441736389e-02
-7.796075078049083396e-02
-2.912125419383796571e-02
4.280327309077001409e-03
6.821449885120314804e-02
1.154490514894752767e-01
1.113747735772423475e-01
7.213635354271255920e-03
1.128928876168668188e-01
1.093995559399967288e-01
7.782596536296526590e-02
-2.397831048237870563e-02
-7.969907952302625331e-02
4.377474633484929045e-02
-3.714215008098496751e-02
-4.691629429939827428e-02
5.943666982242880314e-02
-1.896119125795506233e-02
-4.242567945137080965e-02
-1.573689398394022276e-02
-2.278974826351963870e-02
-5.524722833022205348e-02
-2.994757281882132194e-02
-5.289905047301247942e-02
-7.421802292626619724e-02
-2.124251611618752783e-03
-3.836912128208062878e-02
-2.922612286427669556e-03
2.074531667011709699e-02
6.825946738314246642e-02
5.602526259492704441e-02
5.617266673314986331e-02
1.132757101045133857e-01
1.144163987543479616e-01
4.326085521650071403e-02
6.445249221382494398e-02
8.229201358297554003e-02
3.606244863693067355e-03
-3.330505713907341153e-02
-1.970886520842143885e-02
9.725381330025375040e-03
-2.669580824982382972e-02
-4.250706200589361716e-02
2.018133633204496555e-02
-8.342679273841605014e-02
-6.175504237060445295e-02
-2.087598761992440904e-02
-2.646842218044909850e-02
-6.407589714678221804e-02
1.404804264436728019e-02
-3.983517627051686404e-03
1.347407986032018740e-03
-2.310313828902318956e-02
-3.159200953912972513e-03
2.700416061981785257e-02
-1.903581214473801936e-02
-7.566596376845476785e-03
-1.417043112477148030e-02
6.273033072920103891e-03
-6.588130285693049280e-03
2.843838584125894797e-02
4.813809455633288534e-03
2.568908562006695304e-02
3.300597160794987300e-02
-1.205342495314580369e-02
-3.285476546556891780e-02
-1.968538564768509969e-02
-6.468317335347004843e-04
-1.326452060182139537e-03
-2.989196304535896454e-03
-1.311740489150023045e-02
-1.057817086269477458e-02
1.393465770312031504e-02
-2.245029484399412370e-02
-2.804383067468875848e-02
-1.315700691642092759e-02
2.070887205669554032e-02
-4.272109298939794075e-02
-5.462534172077365691e-02
2.223422082951977477e-02
-1.416918891824050369e-02
-1.756694061414095995e-02
-8.806336412250842516e-03
-3.563187494361181977e-03
-1.281360072360687372e-03
-1.697669585653965169e-02
-7.256599858559048370e-03
1.255008359690063706e-03
6.623298059384835276e-03
1.291761612816988425e-02
2.992401568845992274e-02
2.802485670738580001e-02
1.607595846281047874e-02
-9.861096927533765689e-04
2.341212760396669049e-02
3.989229919793296384e-04
1.556091691044508406e-03
-4.215874598357190715e-03
-1.079107763290061174e-02
1.571786976026045418e-02
-2.137533279477833031e-02
-3.317273319148125732e-02
-4.186745346844261695e-02
-3.417220360755948705e-02
-9.246509510551026434e-02
-4.403742330603898497e-02
-2.015289450036431007e-02
-1.211236912795604359e-01
-3.832495575964024043e-02
2.049635422714495957e-03
3.050429220297536451e-02
9.331386631309531235e-03
6.308874937579007913e-02
9.476928006000848170e-02
7.944437911285913423e-02
9.001976839435085753e-02
1.207367608793751962e-01
7.748492121986094716e-02
5.444989807094260253e-02
-2.259178485625081521e-03
-4.819919817782472582e-02
7.706063699189676097e-02
-7.148696182319025719e-03
-7.386889723040722389e-02
4.313576283688572849e-02
2.296925637993373071e-02
-9.167487550806199814e-02
-3.807841094809646942e-02
-7.171138208696153926e-02
-5.417420526135028475e-02
-5.184389878439206109e-03
2.533873343286614267e-03
1.112882287696245016e-03
5.341363405805493389e-03
1.850578140400894675e-02
4.828489353405986118e-02
-9.749420299644777355e-02
-8.949772146795320626e-02
-6.019308991361425887e-02
-6.545671439676699344e-02
-4.978452753579299533e-02
-4.363328306245459892e-02
-2.711702533251131308e-02
-2.131312581704046527e-02
-4.256562097656276661e-02
9.724899238205676755e-02
5.062374493195374858e-02
8.714380980735873458e-03
-5.817973227522459101e-02
-1.174234321680068249e-01
-1.033044547625002058e-01
-1.052119496117492614e-01
-1.155172511088459475e-01
-9.937343625776526301e-02
-3.018591666013386784e-02
-5.774269773723311738e-02
-3.023107555173416144e-02
3.372020302546196308e-02
-3.489900646745218438e-02
-9.237587312632392078e-02
4.337892499581164074e-02
-4.729548425905874542e-02
-1.368890217972368040e-01
2.087786565071981723e-02
-4.096248296743356526e-02
-4.662892983760882903e-02
4.994813970487905347e-02
-2.513556259119364977e-02
-1.491417905845415781e-02
7.075575835867657648e-02
-1.159918917555341836e-03
2.825361080956417456e-02
-3.770230531307421085e-02
-3.870521491380913420e-02
-9.111876477487053025e-03
4.623087333738895577e-03
-3.335527744206948086e-02
-5.032142975183300643e-02
2.051265994311887719e-02
-2.328859118211072318e-02
-4.059314637157257488e-02
-1.103465810496914896e-02
-4.972016314724835018e-02
-3.209068501742404905e-02
-2.163718875343138490e-02
-3.883331548782178316e-02
-2.458077848397055218e-02
-2.345273264249092202e-02
-3.305748804228701709e-02
5.130104902552178742e-04
-1.819323451728760074e-02
1.370761689301440217e-03
-4.108809338069285139e-02
2.917195385646733155e-02
7.744153796074091343e-03
-2.028439118045131939e-02
3.068877283659540017e-02
2.903318591097999932e-02
-4.077532828400858705e-02
3.408718763504438309e-02
1.557496035403378547e-02
1.515320428870582138e-02
-2.923578819866605796e-02
-4.155938461770797288e-02
-4.215463119449197604e-02
-2.717590275980834302e-02
-3.020977478611467509e-02
-2.556029356051441048e-02
-3.382325777705200848e-03
-6.556752579523978178e-03
-2.726332944976313580e-02
9.629949967418335172e-03
-8.344941697833509545e-03
-3.469852512020160651e-02
2.043359167631135509e-02
-6.711806991794201302e-03
-5.938013321818180756e-02
-4.422259266713318704e-02
-4.344308929563596433e-02
-4.514723209078657512e-02
-1.203645324928444109e-02
-6.282047377653129927e-02
-4.412797637417854163e-02
1.183033468548304323e-02
-5.178630570016400786e-02
-7.949834052320203792e-02
-7.576873585465958294e-03
-2.241318566448633615e-02
-2.162369371306000279e-02
-7.872175089650384691e-03
-2.149783186755969619e-02
-1.005151877990614548e-02
-7.847527179513114418e-03
8.527919434840177879e-03
2.309752004512974355e-02
-3.111145837065816891e-02
-2.227664210152763280e-02
-1.503218383518567340e-02
1.580490684174499713e-02
1.695396577411790312e-02
-6.197722440389299807e-03
2.182080979455020345e-02
1.852717126573786427e-02
1.266486094496682528e-02
5.435532708109445076e-03
-1.568561696689273546e-02
-5.258875585014982645e-02
4.169633741872862814e-02
1.837498000979775892e-02
-2.973702705422591810e-02
4.458560343922472052e-02
2.555637559685486684e-02
-5.127409820747130809e-02
3.057019648567034942e-03
1.585685515890448288e-02
-2.238426189614825187e-02
-4.946884038874016509e-02
-6.923722088070900782e-02
-4.629809106659065615e-02
-5.910763125738988794e-02
-5.791787729950943070e-02
-7.423629787351755660e-02
1.058893512599038376e-02
-1.776741744432714168e-02
7.036841686132178260e-03
1.363420459778603381e-03
4.023791450270842833e-03
4.239509565444782302e-02
1.760258993759669177e-03
2.163169987418205042e-02
3.463249364578942918e-02
-1.244350502304579498e-02
1.796522868001150519e-02
1.473137327510784999e-03
2.475933534882775525e-02
8.340499103926420771e-03
-6.145017676025815202e-03
1.353551761428236841e-02
7.576961579410292427e-03
7.994204126675001632e-03
-5.043885463556110720e-03
1.784941792546712678e-03
-8.004106662446273598e-03
1.989566954029962226e-02
1.637463429593062625e-02
1.213271655323527702e-02
2.669122423742882957e-02
9.877340951224881926e-03
2.183268930659214291e-02
-1.602460023519147996e-03
-7.681698092648610830e-03
-8.322081948373163257e-03
-1.996187259973409428e-02
-2.249272601394284449e-02
-1.696616428447518532e-02
-3.174295726788489008e-02
-8.742724235362937801e-03
1.997457375199371971e-02
7.626233324195164261e-03
-2.394374927799457556e-02
-1.991622310722723777e-02
2.254343657628140110e-02
-1.408761343372161821e-02
-8.131234531475420302e-03
2.147233871069127720e-02
3.059064038136251329e-03
9.828452180115014591e-03
-1.468402318557325212e-02
-1.298462840430777933e-03
1.146558222870010203e-03
-1.715868563567645583e-02
-2.066645544758620359e-03
1.373931972170812192e-02
-1.402871741505085958e-02
9.358241464936443293e-03
1.488042469031215786e-02
-2.319085308909871537e-02
-1.890660802933296150e-02
-1.890543971723579811e-02
-1.779406611000896449e-02
-1.744907275847575392e-02
-2.846178910126053244e-02
-3.652970160184647406e-03
-7.196989157598719655e-03
-1.089800360770100916e-02
-3.559100403780365851e-02
1.615571781731591947e-04
1.044069425760203208e-02
-4.643325782829058751e-03
1.542648164510644236e-03
7.325213106981263815e-03
5.952395976026156679e-03
7.613624764305066111e-04
4.863857295365631335e-03
-1.652466932326985063e-02
-3.635191601115038678e-03
4.017282836902990976e-03
-2.813773035122272767e-02
-1.600274892076008690e-02
-1.827120089227624727e-02
-2.727599934598920473e-02
-7.839959297571558183e-03
5.477539159959942880e-03
-1.762684186676051479e-02
-2.921745675914372981e-02
-2.321587290471976289e-02
-2.567126838553264109e-02
6.541732834310313299e-03
2.364565953655965995e-04
-2.547435204782809871e-03
1.824045295394147170e-02
5.699037559831699774e-03
-1.063778366062553479e-02
-3.960304595268073109e-03
-1.557307184847784610e-02
2.039960666249553307e-03
-8.211231430085287955e-03
-2.915305658464259833e-02
-3.973501189421183542e-03
-1.806293883825551075e-02
-1.968639624186615394e-02
-3.128581468100642693e-02
-5.425904613033338993e-03
3.165283241228998568e-02
-1.685780309507483666e-03
7.549157690605008859e-03
1.313418301783443598e-02
9.616268766528320716e-03
-6.182667381716327147e-03
-1.666335039308721594e-02
-4.041043202387759568e-03
-7.825130459920044343e-03
-8.820342334196546634e-04
-1.523326900218294894e-02
-8.865966618309607805e-03
6.959434949985025994e-03
-5.254907836697698606e-03
1.484916046468133131e-03
4.436602167995189368e-03
-7.282667640349152656e-03
5.567784724978997943e-03
5.043908732842693372e-03
-2.087797714083570663e-02
-8.057935793963690377e-03
-6.182084679998155891e-03
-2.347139487978958799e-02
-1.955151873085142142e-02
-1.395401476391531538e-02
5.220368458980383835e-04
1.179744637005593171e-02
1.357823226801900540e-02
-7.660326707252981294e-03
2.117169613460754066e-02
1.211484864980072636e-02
-2.560013563078029908e-02
1.662367771379443665e-02
1.770302696536208559e-02
-9.605076724458934401e-03
-2.435307154183875833e-02
-1.984332818879307528e-02
7.533190112241365012e-03
7.407543236347834039e-04
-2.086560321291864792e-02
2.244921196325673496e-02
-3.440733905926339226e-03
-4.215320463354731151e-03
-1.026043699146313437e-01
-1.564918666738450148e-01
-2.805270763124639508e-02
-5.936405758838566443e-02
-6.476213692720629578e-02
-7.645802469394909207e-02
-2.732017651433107583e-02
-3.940644595173133959e-03
3.530657865209359952e-02
2.350043710327576890e-02
-2.184601876337579317e-03
-7.460726702260529232e-03
1.340363507083023979e-02
7.476641445214379789e-02
6.591840038148499836e-02
1.583690720428752863e-02
2.954658466399348246e-02
-6.815044492573632193e-03
-1.793421239828482325e-02
1.161682879962994304e-02
1.341423628958897211e-02
5.598147546566797222e-02
1.058038771441693893e-01
7.029341414077225347e-02
4.988551453810786962e-02
9.741518218567866982e-02
1.813578499756873796e-02
-8.410199971691509346e-02
-5.194528005266138559e-02
-5.786534487962628759e-02
-8.214096796878579687e-02
-9.289900949022179832e-02
-7.332715048526466939e-02
-3.978990804860624286e-02
-3.414991483852657106e-02
-5.119755834496116792e-02
-3.186897756929860104e-02
9.499438299677731568e-02
1.075383036901399747e-01
1.850359341526534168e-02
3.600796753579658949e-02
5.486425903432867041e-02
6.331752253665845487e-02
-1.056372612611788475e-04
3.428668827226154237e-02
8.140696364038789781e-03
1.727761947550456728e-02
4.372348879305511943e-02
3.904181088876237243e-02
2.796227347891652726e-02
2.803929928503527680e-02
1.625322920486977143e-02
4.468160391919788824e-03
3.202137516263300898e-02
2.358091946758186438e-02
2.985693414392249709e-02
2.672018184909722219e-02
2.148805420274274472e-04
-1.344931385165830905e-02
-3.890861762645123068e-03
6.283918082337448590e-04
-4.114921085624355379e-02
-2.633341540436348605e-02
2.980781909961754614e-02
8.459386969969930059e-03
4.463257005373481162e-02
-5.473114879583307335e-02
8.115562748855092295e-03
6.203888197826092771e-02
-1.586485117562754996e-02
-2.764310225734203930e-02
6.195702972099828565e-02
7.460519696213761820e-02
5.254012355138386325e-02
-3.197380897373146291e-02
2.878518801138554503e-02
-4.202705210010593273e-02
-3.696026361495622324e-03
-3.249976761269315895e-02
-9.396702785344059061e-02
-8.505913885198172764e-02
2.777188787753438401e-02
5.164893484544176572e-02
4.377328832259492347e-02
3.825629120530334160e-02
3.065765179806114252e-03
-9.435825452204298427e-03
2.305954558821213599e-02
-2.277619822056008853e-02
-9.339650664272653932e-03
4.270378567805146672e-03
-1.462166178646932303e-02
3.677864071606183616e-02
-7.648775644478392199e-02
-1.439350219398619242e-02
6.292372581972141554e-02
-3.969102945174822483e-02
-4.578746822749116090e-03
2.254241422581694868e-02
-1.505527119042249576e-02
-1.335752917859551504e-02
1.617810095417973344e-03
-5.382787735726812101e-02
8.316126608780087179e-03
7.091556693988922133e-02
-5.828600256835385351e-02
-1.691362923083635991e-02
7.122082705992510698e-02
-1.685637508514711835e-02
1.016006525740681919e-02
-1.113445120642345305e-02
-5.271394221161667532e-03
-3.136223525368908474e-04
-1.567364271598463768e-02
-3.262434669289770300e-02
-2.183146561099693836e-02
3.175390379348755256e-03
1.304649429094480347e-02
2.042585119655970782e-02
2.167984475158133729e-03
1.385032164821917329e-02
3.651911380357755060e-02
3.213788248299253442e-02
-3.049105897724158423e-02
-5.842227232427449866e-03
2.474629247939994382e-03
-6.393952312544692873e-02
-5.069500135214213832e-02
5.035414892238052748e-02
-1.061556619654650813e-02
-3.638079059195233750e-02
6.632348649236298466e-02
1.171484025885889332e-02
-4.062982585849964079e-02
5.154094115612333632e-02
5.818429839430665912e-02
4.610508782620172108e-02
2.178534034653858628e-02
4.629449466904722588e-02
-2.656936263074508725e-02
1.345288018577954492e-02
1.924684290676800455e-02
2.941764406601211218e-02
2.112775851786645800e-02
-6.463171650111651512e-02
-5.628400683471056209e-02
1.314250628110520958e-01
-1.140570999007872732e-01
-9.230712411623567815e-02
8.086866645954499111e-02
-1.416660668218544528e-01
-1.412747936134590987e-01
3.381960370020793000e-02
-2.228672634422263973e-02
-1.325381486180274640e-02
7.811238529260437422e-03
-4.459098576280989129e-02
-1.746074915672472805e-02
-7.118302620346528449e-03
1.289619384452656524e-02
1.699471893753262946e-03
2.043303608471191621e-02
-6.143352815062845702e-03
4.331542959053771152e-02
6.483185530968987864e-02
-5.112006621389423439e-02
2.540426091918064275e-02
4.170061547357559184e-02
1.369701655672168894e-02
7.764446537266411763e-02
9.958739277331632445e-02
4.072006394597686707e-02
4.726159947492591072e-03
1.016503926581592901e-02
-6.052165718928133320e-02
-8.401889663480585635e-02
-9.394147535000900440e-02
6.975874108786829508e-02
2.639946247689071643e-02
1.036112251727310148e-02
-5.512572236689064487e-02
-3.065180063516962164e-02
8.050484546785306728e-02
-3.281086388122214648e-02
-4.237151845183766141e-02
8.949347098119977972e-02
-4.520510992053729249e-03
-3.413606578968140376e-02
5.044656502471696335e-02
-7.896494864424709326e-02
-3.760521129639186194e-02
-4.055843991343002211e-04
-4.521388564589178677e-02
-1.461776329240944625e-02
2.579353110603743032e-02
-1.188290894302818437e-02
-3.396105050661396910e-03
3.568044133677854973e-02
-9.836776500519672783e-03
-2.684601479193686815e-02
-1.267408101169421181e-02
5.416329501940109203e-02
2.477376037587721361e-02
-6.199529810318721475e-03
5.321292459564777588e-02
2.557325080310402302e-02
-1.661105966116308355e-02
-7.946873612571360435e-02
-7.518423017657907548e-02
-5.772270104612576766e-03
-5.217064794814925410e-02
-8.818922014716176760e-02
1.941712132414964709e-02
-4.106355967986485139e-02
-5.950459390719465419e-02
1.687980246788641642e-02
-5.366864466472875961e-02
-5.230745779032074105e-02
-7.900981244726053287e-03
-2.020919383369081113e-02
-7.582754515737082958e-03
5.073795667590162706e-02
3.111631888958158940e-02
1.950449165355444547e-02
5.398658604992567084e-02
2.818396988340315934e-02
-6.517645260333327674e-03
6.118089425157947209e-03
1.318728636966087948e-02
-8.364884402054946141e-03
-2.075745513130648583e-03
-2.277013650157609648e-02
-1.366563384413474296e-02
-1.913294034632221849e-02
-3.984263025401759729e-03
2.354407972646797506e-02
5.612132514145325157e-02
-8.347686185521450628e-03
1.869024706359807830e-03
6.502423521729834566e-02
8.718934283071232486e-03
-2.239908339745845522e-02
1.058870486483169324e-02
-1.995399439278330161e-02
-2.677259619155657189e-02
7.220539412363269349e-02
8.717366168349907629e-03
-7.708060766320097568e-02
5.895237046554676480e-02
3.672734984397150321e-02
-5.598354849938521477e-02
4.590070458021210803e-02
-2.461382084156616898e-02
-7.715261536869529035e-03
-6.656060990822945493e-03
-1.183425910261627460e-02
-4.797438112114598210e-03
6.834149615398894470e-03
-8.413115159723949868e-03
1.143448019903815262e-02
1.461022388666921926e-02
-4.799761086227165990e-02
-4.824629997272481680e-02
-1.300529726389723639e-02
-6.211164792769589132e-02
-1.161574343919836820e-02
2.643467767819111108e-02
-3.762826646224582544e-02
-5.944118530996708380e-03
-9.782421723991722388e-04
-2.732890326529123851e-02
-5.925894812355417263e-02
-4.599406049334810870e-02
-5.431723773999269471e-03
-3.364076715841528981e-03
-9.790014829493891638e-03
-1.210380179077460983e-02
-2.023702582817830074e-03
-3.803297584111472920e-03
9.835289037532062018e-02
6.496870802999828165e-02
1.618587801373510063e-02
4.483892552677511828e-02
-2.716441252301947558e-03
-2.394631136156822465e-02
-3.848026320993650547e-03
-4.597408336517955219e-02
-4.303779365403737067e-02
-6.518464532825404834e-02
-4.532053965435752646e-02
2.390076544608833731e-02
-6.910714832400959018e-02
-2.861713645295545921e-02
2.680478982693957138e-02
-6.835881033659635397e-02
-2.617339286516711522e-02
3.801449316717227245e-02
-1.672285967814992474e-02
3.124924038524785203e-02
4.284006662468535682e-03
-1.566732790121071542e-02
-4.163857224658541745e-03
-4.494638057697964914e-03
-1.220341032618537649e-03
3.797474980111510950e-03
1.304829880830066929e-02
-1.317136044794402737e-02
-1.456385355375556558e-02
-3.236316334437754072e-02
8.070799517357800726e-03
4.065716086850519433e-03
7.205455888226224492e-04
9.143636567471781496e-03
2.741596451548030527e-03
2.514226613289778645e-02
-2.922265947387845883e-02
-2.193384436722479666e-02
-1.537888045134228748e-02
-1.517397455239745570e-02
-1.557666962506867869e-02
-1.086740830602541188e-02
1.897229632300691249e-02
1.582231756033909698e-02
1.524145996768574984e-02
1.809200078942728440e-02
-1.316682068867127938e-03
1.005104302394057864e-03
3.272146205364229871e-02
3.615533123330089138e-02
1.703910995474820778e-02
2.859452914272137686e-02
4.572632222396368767e-02
1.172406267212958327e-02
-3.742532825008873520e-02
-2.187917660653479479e-02
-1.343533567801240974e-02
-3.335531826494186891e-02
-1.513818364304647668e-02
-3.891554453644605039e-04
-3.420131545658642441e-02
-1.385235440772387104e-02
-6.148000983274913133e-04
5.209350094240896949e-03
9.371775145124357567e-03
1.186000786197510815e-02
1.008329412381353020e-02
7.168128907565510764e-03
1.166479629395755085e-02
-1.025343273443843697e-02
-5.924818970583667355e-03
8.523529186027191873e-04
-2.764083102453078825e-02
1.499881380108891542e-02
1.292884095444978530e-02
-5.785225851288705937e-03
5.211946253080920223e-03
1.522640122279258134e-03
-1.464883841033295768e-02
-5.769334518639401051e-04
-6.860092549978332767e-03
2.944456515909660288e-02
3.133996583652005202e-02
3.577652747549459056e-02
-1.438792124809486249e-03
-5.706497238500518425e-03
-1.613858447077913191e-02
1.269777002242479698e-02
9.513335536088384989e-03
-3.372030953646031537e-04
-1.776339924556298577e-02
-1.627307547899740567e-02
-9.147957847630710376e-03
-6.918048053467465257e-03
2.094318137431323140e-02
-4.457813930868759385e-03
-1.125623843183093907e-02
1.506341516412219861e-02
-1.322363293542134707e-02
1.242134628109244424e-02
3.831561944303665465e-03
-1.497327381660084732e-03
7.312819019832001409e-03
-9.260617578309074741e-03
-1.644909735149832977e-02
1.481186413431829357e-02
-6.043009453645472109e-03
-1.463799826361404134e-02
-1.670069060566976502e-02
6.834274908285589527e-03
1.218827928805688889e-02
-9.154287024418378011e-04
2.174038447069663940e-02
1.617201017578522373e-02
-4.175092681024389699e-03
9.369853936401688430e-04
-1.986009691803363678e-03
-2.648460500700315287e-02
-2.108694191073089488e-02
-1.178960384722200876e-02
-1.512779324981808164e-02
-8.459440913035725512e-03
-4.612525932792463086e-04
-1.125903163771944070e-02
-8.432158533623852065e-03
2.310742843838661451e-03
1.489291380779440843e-02
1.152097370051488254e-02
9.541066069582920112e-03
5.461420611718064040e-03
-3.948636296583728222e-03
-1.606521707314111655e-03
2.468316186425747582e-03
-5.060698568584207253e-03
-8.680642858795016570e-03
-2.064241528509915338e-02
-9.476234391817648793e-05
3.673842223909137839e-02
-1.989838034459524493e-02
-2.721050842023127903e-03
2.487711437840683243e-02
-2.131135866629085482e-02
2.117414930447197342e-03
2.146820555782746193e-02
1.345053772984992771e-03
7.103299149089672450e-03
1.981393160953286853e-02
-6.223269437096548215e-03
1.611901411619157121e-02
4.733569759478344768e-03
-2.224396955147847979e-03
-7.098259734801139198e-03
1.360452040178899979e-02
-9.765525093050546335e-02
-1.284830782869197663e-01
-7.783114147816634631e-02
-1.349905056423328364e-01
-2.925374446181409072e-01
-2.703653314068659719e-01
-5.245961373867222277e-02
-2.546951082068391048e-01
-2.903342372746366973e-01
-3.633740185897003233e-02
-1.695216971908324391e-02
-2.457274807046894854e-02
-6.448553248490299095e-02
-2.078184749856087227e-02
-2.404909251800026529e-02
-4.344222518150438889e-02
1.302265517782039313e-02
-2.382705897224739189e-02
-1.797901529500353646e-02
-3.570367480540582311e-02
-3.847751033629664974e-02
-2.861437737439274584e-02
3.452649415335436872e-02
4.131971218795474354e-02
-1.453956887769322637e-02
2.960924169390374144e-02
1.267529281249153011e-02
6.914871748081088954e-02
3.585719194545684829e-02
-6.849484086651293213e-02
1.077987412336582213e-01
7.608542329553615036e-02
1.831164958872648699e-02
6.163059711142739039e-02
4.875697364056949534e-02
-4.693277025289893656e-02
3.650583665159696199e-03
-1.091767710746009562e-01
-5.228310727294117194e-02
-1.088964150498866051e-01
-1.830289200114067205e-01
-8.191098582942230033e-02
-1.333034772517934508e-01
-2.057009213775725931e-01
-1.494885576041332653e-01
-7.917704129429971316e-02
-6.377463676081222832e-02
-8.063489525588334039e-02
-4.930706125647179444e-02
-5.166852921388022379e-02
-4.933699003557408258e-02
-4.639994635407613394e-02
-8.168965004696174259e-02
-2.971542151897646478e-02
5.584306794311048872e-02
8.308436696286693179e-02
3.446825329953275008e-02
-6.445436089721968270e-03
-1.611542514428353223e-02
-1.921639317116412282e-02
-6.660092697633648862e-02
-2.641014313396781651e-02
-6.710962932979740170e-02
-1.778977399092046899e-02
-7.110269825817958078e-02
-5.767448067377863724e-02
-1.384947703198957103e-01
-1.696472024260332612e-01
-1.094808510512540328e-01
-1.656069949793843865e-01
-1.959025869279035492e-01
-1.234326346637767274e-01
5.769778333467294289e-03
5.324073999640180355e-02
4.152278763670885775e-02
5.551321285374617720e-02
2.889796022520042459e-02
2.992625662215493004e-02
4.018008568290951793e-02
2.331044687942755711e-02
-1.834541145806570933e-02
6.458681743465340130e-02
5.669834405772649494e-02
-1.830441786464216680e-02
6.516315279915739500e-02
4.593713576069736321e-02
2.180995036494184566e-02
-3.613993879684826438e-02
1.258863719425850139e-02
-8.617383901037297886e-03
-4.781312108386483184e-02
-1.981139831160835807e-02
-2.222947067043774122e-02
3.836668446092471318e-02
3.722092290504516038e-02
1.821192209930590916e-02
4.254604565607903593e-02
7.557641682260254901e-02
2.768035143129910641e-02
8.861146585633588799e-03
-6.153428339600110208e-02
-7.431725424984206296e-02
1.586619660334628867e-02
-1.003102205097485544e-01
-9.922058413672694976e-02
2.444272712188576280e-02
-7.388690018183208252e-02
-8.302999540398137146e-02
-3.826890017644650824e-03
-2.771203910051183231e-02
-3.446645228031786773e-02
8.726869544274182960e-03
-1.931231719237432466e-03
1.144774023340745447e-02
1.863265493308901611e-04
4.600296643599106547e-03
3.132384358330020380e-02
9.848161331412932928e-02
3.460813640815883080e-02
-3.264485563098463820e-03
7.965614400228678005e-02
-1.469863257765090161e-03
-2.246138612425122028e-02
4.730346687595043953e-02
2.542689591500662399e-02
2.923108426976251187e-02
6.613975415189290996e-02
2.789020439973027843e-02
2.872768228425416973e-03
-4.316832149244219027e-03
3.798785297111241521e-02
4.178134974908170873e-02
-3.074916441921457522e-02
1.299961977343238283e-02
5.967247978261632640e-02
-4.845466045323394699e-02
-1.089961557046523200e-01
-8.222202237444631301e-02
5.475898866227164180e-02
-2.210364156774650632e-02
-1.082524453578050279e-02
8.211951963027064316e-02
1.505077133019584561e-02
2.133161914617986640e-02
5.858907512306828214e-02
6.354067505781030301e-02
7.545687267947676080e-02
4.979751292361762893e-02
5.651981828207754133e-02
5.763247963455123829e-02
1.295785378956038902e-01
7.587269954660880167e-02
-4.803473990742129773e-03
-5.802994176541992344e-02
1.444416466342261047e-03
4.718910851805054041e-02
-6.838445797019203354e-02
-4.881799455138420563e-02
5.995672753489734649e-03
2.925095005023625131e-03
4.997384516557689532e-02
7.209842492948895232e-02
-4.488380191074451547e-02
-5.188676641903253867e-02
-4.296460641619585102e-02
4.826143171374509822e-03
-1.504467434209328693e-02
1.678927269568893793e-02
5.612676676529517600e-02
6.522953385727554843e-02
9.017376499031863613e-02
-2.580688045101036526e-02
-4.439895658136381457e-02
-2.837575315519558911e-02
-2.220357256788680136e-02
-1.130422831136293840e-02
6.674591076411933756e-03
-4.026232191330458843e-02
2.149977505070313141e-02
4.598170630609463468e-03
-6.969173303052187025e-03
-3.799043930702040994e-02
-4.185422594767402443e-02
-1.381792082105357845e-03
-1.742388611500361728e-02
-4.231897777557387663e-02
6.795622200822656889e-02
-2.834964970552407426e-02
-9.703207529531081288e-02
-1.456347842703559561e-02
1.280500198072797484e-03
-2.671138670483268196e-02
-3.507581717978662701e-03
8.314905424479731785e-03
9.065413996817617628e-03
2.515524367242307976e-02
3.905846864816429204e-02
4.204206307690009498e-02
-4.756851908164290432e-02
-3.317891280030418888e-02
-3.229813588559554000e-02
-2.424046167435247104e-02
3.671041085367606968e-03
1.256437415448071089e-02
-1.503798827473117137e-03
1.132585145327183419e-03
3.142187367293132472e-02
4.078956362569719635e-02
-1.791860803394102961e-02
-3.673958897111922334e-02
8.672444845289073445e-02
3.975341144800619703e-02
-5.159816581055608892e-02
8.707117901808367200e-02
9.701075536614948980e-02
5.906301927533928221e-03
-5.916384882781524496e-02
-2.227733925125117281e-02
1.831522297934186361e-02
1.344237056303849813e-02
1.351333682777306269e-02
2.290430265820026605e-05
7.725915114878727230e-02
5.398170040162283967e-02
1.422973803901622820e-02
-2.348428709664205933e-03
7.982358880084384004e-03
2.398142566643325299e-02
-2.057262468786965129e-02
5.382845396366224382e-03
-2.004477473975653859e-02
1.171306137282188131e-02
1.593069095410250616e-02
-5.547277850396702473e-03
4.906832156510303189e-02
8.613048635934225303e-03
-2.585388295244732057e-02
8.267593736551522021e-02
3.981027334185895800e-02
-1.378705285823813437e-02
4.872200735174258418e-02
3.350348620710743436e-02
-2.675628934485362043e-02
2.767925537177061759e-02
-1.843188657302980912e-02
-4.488189483832919630e-02
6.963417419990602930e-02
1.461300257239712963e-02
-7.205426448186504074e-02
8.755482145271355210e-02
7.972129658627810644e-02
4.939313935232968189e-03
-2.658649292155170277e-02
-2.224153480388273152e-02
-5.209963443940513438e-03
-2.937603209695452845e-03
-4.546817252523028402e-03
2.892599016031893733e-03
2.086810324759623067e-02
1.809546524125430281e-02
1.458312661307821848e-02
2.637642622492159319e-02
4.248712055801068602e-03
-6.545253189875506819e-03
2.074534190978772480e-02
-1.325391433673977180e-02
1.067209490078958704e-03
2.201634548460658716e-02
2.238795488201592021e-03
2.022554293895714381e-02
6.878618770734369614e-02
4.879802776567845890e-02
4.178089733884644309e-03
3.524076581957812093e-02
3.132582764096555200e-02
8.146367107802067464e-03
6.420111767765467048e-02
6.417023070747296387e-02
2.332394729061364885e-02
2.026193389934178093e-02
5.507072654670153167e-02
2.695764795239601747e-02
5.548437571272712109e-03
7.915936280999992525e-02
1.451322204551649259e-02
-6.168264617301723318e-02
-2.008575914698871451e-02
-3.153730450315004458e-02
