-3.048899320570126531e-04
3.456705466486703697e-05
1.311859545683873593e-03
-2.409302302737233604e-03
-2.673203291608084332e-03
-2.774470769413518376e-03
-4.678926262078992974e-03
-5.429834407834056159e-03
-6.949563182122385496e-03
-6.937809744973672671e-03
-7.185538248891458653e-03
-1.617991177305021233e-02
-2.263881211248978953e-03
4.693213090025610996e-03
1.243931206653551245e-02
4.646399308109299959e-04
-5.897031736233885983e-03
-1.630458524268305195e-03
8.207544745335611583e-03
3.480323653170833836e-03
1.219057563704828672e-04
7.488724238266362791e-03
1.360964816261423785e-03
-4.824747107098178306e-03
5.531738290383512828e-03
2.403280284633866216e-03
-4.303016419824879507e-03
-1.099638883907378545e-02
1.263573077514053701e-04
2.358981910900483960e-03
5.758072877263625822e-03
1.541948992484177237e-02
1.813731042194677637e-02
-4.752671347662724977e-03
-7.936560584251623265e-03
-2.388472859983675842e-03
3.258468535681395550e-03
9.608019470666600724e-05
5.479101737737775710e-04
1.551975199464386557e-03
8.870010614286560208e-03
3.360523292370505653e-03
-7.667018808714908679e-03
-7.752913848107587796e-03
2.006507372136188440e-03
-1.187125744377786653e-03
-1.532441134380668974e-03
-2.133554367119791777e-03
3.859864724867175033e-04
-4.541678448923757924e-04
4.314576364036444090e-04
-6.360534536386768922e-04
-1.505788111680010817e-03
-1.554733732601798653e-03
-3.347650077787199183e-03
-4.470598027227260483e-03
-6.608436572539080033e-03
-8.431487104945385377e-03
2.680659423255836362e-03
5.620456060849069943e-03
-7.797535549258249529e-03
-6.847420130793739667e-04
1.961676892825648354e-03
-1.435700510156372005e-02
-9.799798125129209267e-03
-2.017835520440704189e-02
-2.698804780897985298e-02
-6.499319863122504821e-03
3.560904470185624962e-03
-1.837711039092137372e-02
-1.326837895089416630e-02
-6.954947177046382281e-03
-2.887298910735115742e-03
-4.490496510003478756e-03
-5.831999946910920371e-03
-4.141011760805194395e-05
-1.675320113502755046e-04
-2.158203676946680925e-04
7.355950499717307670e-04
9.536040997178171601e-04
1.386759654627553115e-03
-2.144185868920113654e-03
1.080086872173914320e-03
6.386910536903713312e-03
6.643573343420328689e-04
3.633641989852217074e-03
9.159304314287432941e-03
3.970086645800212193e-03
5.389440059812095930e-03
8.205834418825184995e-03
5.871090914999375562e-03
6.053559610036294072e-03
2.969360236440930952e-03
4.229632604976028137e-03
6.019169297502724274e-03
6.331614715155233809e-04
3.719806408817245228e-03
7.583694024480838562e-03
5.022447976151033465e-03
-7.445729244466485139e-03
-5.362833522171153548e-03
-3.773033150886514510e-03
-9.248057870156792606e-03
-6.867415000386232690e-03
-3.395255454414780345e-03
-9.631961524246460127e-03
-5.870993808878502071e-03
-2.790340067478077907e-03
3.027816502771548367e-03
4.186671957970755989e-03
7.358031088270101418e-03
6.775354261796523621e-03
6.451765557121457405e-03
5.378038362612326366e-03
1.139877682309790993e-03
2.686715967979958885e-03
1.492005336431187620e-03
1.606689463444520988e-02
8.496503249393320967e-03
2.836431307924628439e-03
1.140102213240388844e-02
6.515060405663831514e-06
-9.163060522903746993e-03
6.286365420741889601e-03
3.267317780511385175e-03
-1.626457931914458786e-03
-2.656006696732101519e-03
-1.326556575060722568e-03
-3.080183496018786059e-04
-5.193854845411238763e-03
-5.656266640313492404e-03
-4.243229979464442116e-03
-8.136609083689676225e-03
-9.943956297567656602e-03
-1.070955929680315714e-02
-1.477095950354079951e-02
-1.847365725246929991e-02
-1.657433705516269187e-02
-2.658976705421638598e-03
-9.146024153127206222e-03
-8.809062137346333407e-03
-8.938513767604610444e-03
-9.144410213433054602e-03
-1.104482860903628107e-02
5.488101144737174235e-05
7.650627905467787026e-04
3.512336829241880475e-03
2.817900018004073953e-04
-1.579624995267508341e-03
5.524131078297087830e-04
-6.623440946251985591e-04
-3.768749550816026962e-03
-4.347195551110571987e-03
2.920836887372736668e-02
3.264630031677950850e-02
1.724536664096951513e-02
1.051048665350027764e-02
1.669997628711917745e-02
9.139127476190186603e-03
8.188171019847510085e-03
8.773149244397628055e-03
5.674809407142858766e-03
-4.365749976975689950e-04
8.445288942280357921e-04
-9.721915107479840159e-04
-9.148648202828555710e-04
-1.599450554436215237e-04
-3.238417697218394075e-03
3.235600808132500523e-03
1.785841342543548248e-03
-1.728663005902068622e-03
-1.698445262416844667e-02
-6.729975720323058165e-03
7.467432256161968783e-03
-1.031426817139276947e-02
-1.101971316185434285e-02
-3.491939569114104261e-03
7.692251855655307669e-03
6.087192863306031647e-03
-2.661472128666156518e-03
2.220507332880061659e-03
5.746506063887608928e-03
3.984805129120604951e-03
-1.273452987955529673e-03
2.602291087511843324e-03
1.146995702473826984e-03
-5.870181359794216479e-03
-2.748184845880703893e-03
-3.346641409834494058e-03
-7.473088902372119861e-04
2.817964089715162767e-04
2.098143549876313550e-03
8.141129610770012678e-04
3.467736737773380491e-03
3.503391511893126642e-03
5.299341145448111835e-03
3.392870076467477836e-03
2.045259872043035665e-03
-1.332131220691571034e-02
-1.973159213287209880e-03
1.173614099128095570e-02
-2.428591030604031545e-02
-1.681680600483913268e-02
8.788601651761589195e-03
-2.520276619079845834e-02
-2.562010995110271597e-02
-7.357277945460307007e-03
2.211317265715317774e-03
5.044147022494828610e-03
5.933645728746731775e-03
-1.292628023539242783e-02
-4.590216873030496247e-03
-2.489844822514811640e-03
6.002010862533243944e-03
-1.115885899474091400e-03
2.695706818205410513e-03
-1.109464204070606226e-03
-1.773811106217820267e-03
-6.830190057016368929e-03
3.039507379171715287e-04
-2.780172699146224230e-04
-3.029825958209716747e-03
-4.756649632161308707e-04
2.749675594759920169e-03
1.593450063577168648e-03
6.278597726347357388e-04
5.877768398071567257e-03
6.638348435044150522e-03
2.089178145737106539e-03
2.897233569470172767e-03
3.084155060882212782e-03
7.175268137855535418e-03
4.576359665856109295e-03
5.136778441278061665e-03
1.099814303918242829e-02
1.851685635632700777e-02
1.701756389557083568e-02
3.811604460726228665e-04
8.693623271779899950e-03
1.299464742936257654e-02
-4.081403431495506801e-03
1.072460627724183737e-03
4.777254558799622769e-03
-9.577971518941087378e-03
-4.187096002496065381e-03
2.728069624892735280e-03
-1.076025260460867529e-02
-9.802909372975149305e-03
-4.267174928401771573e-03
-4.616904491854943726e-03
-6.943723892954995272e-03
-5.317431411939975254e-03
-9.047304061429103927e-03
-4.553873791557866944e-03
3.470327006659283415e-03
-4.634994758346807145e-03
-2.658156469121917588e-03
1.395488254076635666e-03
-4.846641337651369161e-03
-6.610665747523376476e-03
1.511171603214017537e-03
2.295647792591227511e-03
-6.412164993983591327e-03
-8.822002997019967249e-03
2.400463549436183432e-03
-6.327505249762602722e-03
-1.327184513762484815e-02
8.069165336170908490e-03
-1.059778446286753148e-03
-7.299545831457393552e-03
-5.061724097242892642e-03
-5.121387015349733451e-03
-4.367433353024898803e-03
1.850302304728280328e-04
-1.333559401793753436e-03
-2.511527843249994080e-03
1.316566327301067025e-03
-5.494208559126943520e-04
-2.135450179235633822e-03
7.930082132866882183e-03
1.719813075055675157e-03
-2.975532599723309992e-03
7.767112130391937326e-03
3.177567083245234989e-03
-7.320323813521154195e-03
1.228438202122882246e-02
1.339610202337197797e-02
6.603248262359293075e-03
-8.605595667893260400e-03
-1.017839283304700429e-02
-1.215026756856214286e-02
-3.860521254974411814e-03
-8.635845045236874643e-03
-1.699767101204961370e-02
-8.069013540129298806e-03
-2.784430991023170709e-03
-7.018703367666616171e-03
-9.306059538561912287e-03
-3.027855814565569639e-02
-4.447368045135851808e-03
-5.055839053348701664e-03
-1.062650346649408051e-01
-3.739678098118810051e-02
-1.018254251256285083e-02
-4.452886581259558191e-02
-3.398389565753213992e-02
1.410740721305540207e-02
3.499845005661324920e-02
2.692457453601831627e-02
1.021102612682153916e-02
2.318896361438360296e-02
1.058221296507132377e-02
-8.528426593412387902e-06
-3.420752470859163719e-03
-8.646469602325540082e-04
1.453921990525754463e-03
-2.178218137863114148e-02
-4.887159003489362739e-03
-3.801484017957727779e-02
-1.979281674365561405e-02
-1.706013299203289549e-02
-5.888338248909783662e-02
2.682383164481685206e-04
-2.518158402215259911e-02
3.019422419076890607e-04
-7.053209455486184748e-03
1.700150133298309815e-02
-2.056749543610068148e-02
-6.165725581738240417e-03
2.162261506457635596e-02
7.711479095457709695e-03
8.548056121047529696e-03
-7.770516332474394685e-04
-1.887065830742867129e-02
-1.093082345568707238e-02
-1.054445135221514056e-02
-1.213358956830608640e-02
-8.258136751126078992e-03
-4.392228518916426946e-03
-1.255836869123392111e-02
-1.206171530551147092e-02
-4.142244580471495310e-03
3.412662838002775145e-03
-2.482798816815886406e-02
-5.399243676988095542e-02
1.759280774648236748e-02
-3.660937749681910519e-02
-3.671248646595814263e-02
1.230299331593041195e-02
2.321110316668738294e-02
-1.155164464746347153e-02
5.648957808221088386e-04
2.293845418365536917e-02
3.499616821600540217e-02
2.443126106705335865e-03
-4.127280809875127909e-02
1.051820993746797051e-01
2.061137565217635581e-02
5.687203290209423556e-02
2.851443768865851228e-02
-1.631990117351974148e-02
-9.035907449085370594e-03
-1.017835443073492920e-02
-1.252401621266265551e-02
-3.820482013376862596e-03
7.944578652188782897e-03
-6.867394046221810856e-03
-3.767600543107488958e-04
1.151133089127379236e-03
8.239666973315623935e-03
5.935920943383263780e-03
4.503317736261648607e-03
3.233559161861826892e-03
3.739156198309858542e-03
-1.080043720040222907e-02
3.043544521711185995e-03
4.425723511022570077e-03
-5.489686572577152056e-03
6.864454906685331717e-03
-4.010163172804575194e-04
1.876661529495721095e-03
7.432919872718813520e-03
-1.244476845819265237e-02
-6.859947218518199115e-03
4.791110113607807523e-03
-1.417271517599877177e-02
-5.937265024305913783e-03
-8.340251300131747494e-03
-9.578416168508451303e-03
-2.522121793354011043e-02
-9.138808797982346868e-03
4.870118287201828829e-03
-1.416870647013177345e-02
-1.188755908595013483e-02
5.095551503658328832e-03
-1.050180471750607712e-02
2.111901705428950293e-03
4.954812480551577109e-03
7.392851395812715699e-03
-2.162486469679343604e-02
-1.670195190197732230e-02
-2.830623274042658524e-02
-1.364374884611155476e-02
-1.052006935264299115e-02
-2.208370295417965128e-03
5.642252269018963734e-04
3.613013150752529545e-02
-7.127476553958393690e-03
9.560062340904779479e-03
6.463701261219471916e-02
1.470356644001677773e-02
-2.389958725028637834e-02
-1.862996004804364641e-02
-1.309373829696369902e-02
-5.464796919215046157e-03
-5.894280697007435715e-04
2.252346294292664579e-04
-2.834224667644804230e-03
-2.328059648613330524e-03
4.876352840628109145e-04
-8.203012585831484862e-03
-5.680951146046645320e-03
1.843832260051174064e-03
-6.857384421640061629e-03
-8.483947796782034811e-03
-6.889645832379592133e-03
-8.017139201463718487e-03
3.409168475360737065e-03
2.971847157308972389e-03
2.435521953400639900e-02
7.346408878372605138e-03
1.821398471709838318e-02
-7.028314426777187074e-04
4.947775826316328472e-03
1.668857965111043102e-03
2.006018278257491738e-03
1.961871115288042582e-03
-5.908068653246844465e-03
-2.294467969154544498e-03
7.965265979667828650e-03
-5.858922357624787879e-05
-5.551112687078567365e-02
-7.796638162182024587e-03
3.602022737313392842e-02
-9.973712040484516983e-02
-8.968911523558718846e-02
2.593732593631874542e-02
-3.713044739592480555e-03
6.222321026540186990e-03
2.992919812563544016e-02
4.517073516077191320e-03
-9.058042108454537975e-04
-1.386990509399659184e-02
1.448640367658674336e-02
1.094065985128199123e-02
-6.582379337999694387e-03
1.132369890975553663e-02
7.960253104298096669e-03
5.992867358266170882e-03
1.370178897342498809e-03
-3.617401861169208116e-02
-1.489490214192671323e-02
1.510985081087348574e-02
-9.870698972107358818e-03
1.457913543816557848e-02
4.501310619535726226e-03
3.041377627297501759e-02
1.689357888525751250e-02
-1.688361424574951614e-02
-8.166475147870996126e-03
2.667839464728567669e-03
-3.174553912974639042e-02
-1.474402143541651963e-03
7.254274520919287532e-03
5.519296542546608259e-03
-1.008937951974894255e-02
2.528509365762152301e-03
6.741522926280375111e-03
9.623756380500723181e-04
6.340647867767263898e-03
8.491021401086843931e-03
3.801800177550631460e-03
7.491298087142848894e-03
4.792325812561454811e-03
3.287822557105298232e-03
2.100096913833968647e-03
3.135617871379394600e-02
-6.430348336826381683e-03
-2.581326428847555837e-02
3.017852434766753536e-02
-6.995047986991267952e-02
-6.906991673217031946e-02
8.503136629625659970e-02
1.977784596921400295e-02
-3.496108639830959597e-02
5.539545997631772911e-02
3.731554132771130322e-02
-2.089519436861703161e-02
-1.500090381268103304e-02
-2.708158549983333274e-02
1.636079479502505762e-02
2.685475756772475256e-02
1.503222960537007116e-02
1.970776688382765325e-03
8.129745835768016279e-03
8.973931124087895436e-03
2.813380102242177706e-03
4.174841555515436918e-03
7.296184544979857946e-03
4.195688380198148507e-03
4.770295359816642544e-03
6.307306866430991560e-03
4.543891989947725779e-03
-9.937856999109226895e-04
7.356224429307861362e-04
1.212000544880939036e-02
-1.253044368405153118e-02
-4.457579246858843838e-03
8.648443056151686181e-03
-2.532384811991178833e-02
-6.404375186258103904e-03
1.496468619749225133e-02
1.750079177704525011e-03
3.812730316036162369e-03
1.877200480696384136e-02
-9.151497555669168421e-03
-4.496540142304206004e-03
2.677138898248105497e-02
-2.833566691706454303e-03
8.810720568733158842e-03
2.975082467492091640e-02
-2.521263152660618671e-03
-1.001382673937184151e-02
-5.639383328760294578e-03
2.474169492660092257e-02
7.998592945888739411e-03
-1.996352586706682045e-02
-7.945805999821716099e-04
-3.687307554401208012e-03
-2.008389627957008969e-02
-1.017284576600369257e-02
-2.187780624535196842e-03
1.031651680919193868e-02
-2.320372990933674065e-02
-1.649869623620702809e-03
1.455206579420973215e-02
-7.130521353215805470e-03
8.527058021767118176e-03
1.312929954183656746e-02
4.356140304388878351e-03
-2.996326076581985048e-02
-4.878192648339392534e-02
3.267692692898938739e-02
3.236340116531420674e-02
-3.229486886659992118e-02
1.770655329339537037e-02
1.365268478314901265e-02
-1.407703649608558170e-02
-1.001127878113736679e-02
-6.828398535974876740e-03
-6.178974157544545390e-03
-5.364729571466524865e-04
1.968257472894955999e-03
-4.203026406346001449e-03
-1.204376640977078763e-03
1.614162828151410010e-03
-6.918620058691767917e-03
-3.159714702462862717e-03
-1.625013141918326201e-02
-2.108050525989515339e-02
-1.018082005071457331e-02
-4.034344202788173769e-04
-1.220043133819908969e-02
-6.745950420380264143e-03
5.616149364873284332e-03
1.225462939815635637e-02
1.071029152857007902e-03
-1.153369641312856344e-03
4.191901833080316150e-03
2.537385874710020202e-03
-7.201376471358697734e-04
1.131876430452098204e-03
7.137302881524295282e-04
-3.617841486538515318e-03
-4.194983585176927966e-03
3.340373448123866440e-02
5.705222410692345480e-02
-1.039769127505248483e-02
4.457174518967068483e-02
1.303471872554158584e-01
-1.256748354062420768e-02
-8.225807188839655629e-03
2.412620944097416432e-03
-2.829124805187499883e-02
1.209655334861108218e-02
1.472109881870313670e-02
4.753159401133097081e-03
1.632958366789701021e-02
4.668915128762361061e-03
3.281853524505833238e-03
1.338790536472966516e-02
-1.226403929881447058e-03
-6.582197561591335636e-03
-1.015990873443348499e-02
-1.933595705695163869e-02
-1.747268133822465694e-02
-1.748802055225419025e-02
-2.070314907863535225e-02
-3.126367553556280016e-02
7.090786354182380437e-03
-1.673800325626822322e-02
1.656074723535260265e-02
1.658579199867361506e-02
-1.155380257424414199e-02
2.720613644568400588e-02
3.050553678161547697e-02
-2.156124377441179588e-02
-9.458755058095206711e-03
-1.039987213927425803e-02
-1.676848812006502543e-02
-1.910830216837671944e-02
7.990725100830750605e-03
4.530788435015505392e-03
4.343827266811021819e-03
9.766929061748497523e-03
1.044515713158513000e-02
-1.192478104545568237e-03
6.786350170904030532e-03
6.234466901982594657e-03
8.600825987398832712e-04
-2.001313770895788574e-02
-6.812301651137895112e-03
1.797185804343793408e-02
-6.667274582392561377e-02
-2.448130639661973487e-02
-9.709691928495750883e-04
-6.750378574327341175e-02
-5.581421884368781283e-02
-9.249075314739162515e-03
-1.815967045219349721e-02
-2.491449035148345093e-02
7.826713659285203586e-03
-3.312785817220394169e-03
7.705757100507618085e-02
-3.730244032533978210e-02
-1.584813447428774780e-02
1.617893398948571509e-02
5.770877880842449105e-03
-3.408937809243326334e-03
-9.931338083886732146e-05
3.119699134070421623e-04
-6.727120913660317170e-03
-1.001788723828798272e-02
-1.546162382778834381e-02
-3.273071978239928091e-03
-4.827568478366910283e-03
-5.585908233625000961e-03
1.204760249439452112e-02
9.695093203295065357e-04
-3.840145519219623129e-03
1.921842877653041903e-02
7.450620106717379537e-03
-1.463037486707735027e-03
2.073504999666648044e-02
9.357509893858861894e-03
-4.784822132610968962e-04
1.027012699918489202e-02
1.509146182390112140e-02
9.745531266209958576e-03
-2.715802477193987683e-03
1.341230089381691831e-03
-2.852912707312316772e-03
-1.896876404342568790e-03
-1.912328681609406751e-03
-1.221483960497518617e-02
-1.042757333591831127e-02
-1.311357777079437056e-02
7.644767272782935358e-03
-1.110713826547282679e-02
-1.351920223493811857e-02
1.087628826006202705e-02
6.918094671031552439e-04
-4.948172279844106902e-03
6.132602251706480330e-03
2.916022696862923154e-03
-9.330926465503959835e-03
-1.409016776429811157e-02
7.503515611657653878e-03
-3.652083667837402979e-03
-5.365813205349173956e-03
2.614364351699311265e-03
-1.468391357621206574e-02
-1.146516984025552736e-02
-4.999204904636234993e-03
-5.932613585547542520e-03
1.461496670959822270e-03
3.603568383461265914e-03
-1.395411198705604275e-02
-1.090249601696711285e-02
8.928250690589098482e-03
-1.216756088066285948e-02
3.193184409279970436e-04
1.914730647273019375e-03
4.082391896948036995e-03
3.155058882657149708e-03
4.108825378325110800e-03
5.921262036522226919e-04
-5.180276131431443354e-04
-4.728488701251410981e-04
-1.057904571269455661e-02
-7.173608140276851487e-03
7.798889047836342348e-03
1.030206952448734468e-02
1.402851764726757364e-02
6.376272522720337170e-03
1.066124017369813812e-02
-3.755827077365215573e-03
4.176034186604788388e-03
3.109183649997222885e-03
-3.356281696864169255e-03
-3.596280385855646355e-03
-2.249893505396236785e-03
-2.039648521225343077e-03
-3.870760210393752766e-03
-5.456725125346486606e-03
-6.860826163021271386e-03
-1.060854294268218914e-03
-8.590719061092585767e-04
-3.391966078231858223e-03
-2.212099885390731227e-02
2.416337235631293989e-02
2.529033778524416784e-02
-8.860143195129847188e-03
2.926369813942888976e-02
2.261797325169704817e-02
-5.591196404138048213e-03
6.189909109253380164e-03
-2.752322715801783486e-03
8.044175054695453658e-03
6.040617821667950554e-03
4.325165103513069383e-03
1.090402803706992142e-02
8.560404103541597795e-03
9.269101627734107826e-03
4.851147692307247218e-03
1.221735536221018161e-03
4.300518046458338614e-03
-4.599310152655796541e-03
-6.425386845745741614e-03
-2.014613098843945696e-02
1.576066600274799584e-02
1.300529333866449165e-02
-9.691293496749759512e-03
2.506653299637559562e-02
2.573075928470771462e-02
1.408280017594171728e-02
4.018872131470415006e-03
-2.804899806011641565e-03
-1.438612867197842059e-02
6.352208134706118468e-03
-6.826174215013349963e-03
-2.095864704054056435e-02
-1.089910556691314931e-02
-1.366846981619461616e-02
-2.301636890621145196e-02
-4.191694486270346187e-03
-5.430509172395063533e-03
-7.851484329875401888e-03
-1.530835986896506495e-03
-2.053514215353827426e-03
-4.184814237529654174e-03
-7.064875323358314925e-03
-9.661706293052473721e-03
-8.788189119647946135e-03
-9.020276204373463280e-03
-1.295382674133891722e-02
-1.288199941919409598e-02
-8.758769842565600205e-03
-9.610990946372677951e-03
-1.877822966911310912e-02
1.816888369553168806e-02
5.922930150560471070e-03
-1.335333321208795505e-02
-2.391940451747222914e-03
1.796230270195657563e-02
-7.044202457668168179e-04
3.087211822719925988e-02
3.966770474058050472e-02
9.179178542186165399e-03
7.045355740582059760e-03
1.085026241875805542e-02
-1.428862560753305436e-02
4.722401223673487920e-03
8.296600876416438883e-03
1.258521725877030824e-02
2.935337181407377070e-03
3.663153118375626297e-03
4.623096019945854146e-03
8.125813042016753751e-03
5.684538596283607824e-03
7.756469985288149890e-03
-4.217573077023594602e-03
-9.680120664333489652e-03
-5.016110909074526433e-03
3.268954120266391594e-04
-6.382750515336386814e-03
-5.996963368790873827e-03
5.130002447076651567e-03
-1.493713706887026373e-04
-2.403361832798954923e-03
-1.320347196561947288e-02
-1.530420438583775591e-02
-1.580376558642500665e-02
-1.332617717188653433e-02
-1.230963092933556532e-02
-1.113408857737048507e-02
-2.379965494896823120e-03
-3.899402153235447064e-03
-8.094305568376113091e-03
3.429517616608895869e-03
-1.052233127244798019e-02
-1.332112600829058434e-02
1.332042584700005722e-02
2.837032639228582883e-06
-3.356042285515157143e-03
8.678622715923269004e-03
-1.826244188571083749e-03
-3.919287337473750256e-04
-1.409148967767237352e-02
-8.060106095290854242e-03
-3.383005393341263767e-03
-7.595356577784271972e-03
-1.846418448022009960e-03
-1.853308828406992868e-03
-3.620475399121511183e-03
1.378455259173313888e-03
-1.668652993312995294e-03
-5.625295854181801454e-03
-9.172932060130863791e-03
-1.532885230516008342e-02
4.155747196761568410e-03
4.891790028893516946e-03
5.252753353526468279e-03
-4.782662734943716153e-03
-1.109312116589932819e-02
-4.990479357988440896e-03
9.925066530198558418e-03
1.449308326714520735e-02
1.353617296072126726e-02
8.618670758721141620e-03
8.250585965986628745e-03
6.578311513427181727e-03
-9.684113825585254076e-04
-5.667376884257288930e-03
-5.726253809330147763e-03
9.766039594717777425e-03
1.376999751465911477e-02
1.868496594331907346e-02
6.272582895528185098e-03
1.362780096487967336e-02
2.103669950361760840e-02
-2.076384570020464119e-03
3.345739265539551636e-03
7.321197301226158374e-03
7.757538734606078895e-04
1.328382844908968657e-03
1.657356280407215696e-03
1.364108520604248240e-03
2.681647609555656928e-03
2.297328238993120390e-03
2.108039345055692706e-03
3.100704910359187039e-03
2.724709361888870938e-03
1.511445662253282527e-03
-8.374564109809584525e-04
-2.175928110959328247e-03
-9.666062028382034358e-04
-3.227114224651630742e-03
-1.309677680473308537e-03
-1.234410586104285623e-04
1.851841984167256275e-03
-2.502857104714017555e-04
1.887670261344260398e-03
2.868694187463344519e-03
4.467609733725803195e-03
1.964084800350308652e-03
1.475820043032831288e-03
2.813390127188449257e-03
6.049184946195347535e-04
-9.003760509196797549e-04
3.110505543397588816e-04
-1.742379210980290593e-03
-2.435033142226721362e-03
-1.942926602739851070e-03
-6.732347038573454831e-03
-4.911102399816277830e-03
-3.287594663999332534e-03
-2.463563612128749809e-03
-7.796664445255224426e-04
1.598300762142865563e-04
-4.204741626983770687e-04
-3.012707290892220786e-03
2.206531583237860208e-03
-2.671941707329504589e-04
-1.739013722138553573e-03
1.128547795866691053e-03
-1.667117842876784072e-03
4.963537082640051123e-04
-2.394420016435994841e-04
-7.115591379371116222e-03
-6.301111879771404030e-03
-6.815515507454800691e-03
-6.088403738115235643e-03
-6.116052881555046269e-03
-6.011244313294463078e-03
-6.357603963404392586e-03
-4.186655818254165877e-03
-4.251906260342028926e-03
-3.887958727388768961e-03
-7.101024749621927083e-03
-4.340799345198414344e-03
-4.439357565040854929e-03
-6.766940044810634304e-03
-4.324375803010115094e-03
-5.605255387254352677e-03
-4.899039774074446900e-03
-3.054004033813132769e-03
4.727268539641916838e-03
-1.827296335248141919e-03
-2.110412210513259047e-03
1.395436824985757558e-03
-6.623186508520296709e-04
1.222718282430737026e-03
-4.349762953746496024e-04
3.443409176489994200e-03
3.066443815438059384e-03
-2.561081442577957130e-03
-4.840224429053490394e-03
-4.554135962168683223e-03
-2.792380859611179236e-03
-3.903419644283443856e-03
-4.043693826238316594e-03
-2.465350301229426652e-03
-2.950743206783523493e-03
-3.456420995544608969e-03
-8.469121013254043507e-04
4.592312950802617606e-04
1.020778300601358438e-03
-2.007954121075506554e-03
-6.785388988320527467e-04
1.257185334391430960e-04
5.568132926940851926e-04
5.643547136847405212e-04
1.511901171357952795e-04
1.744490529849510420e-03
1.460171078406378629e-04
1.637862187398598937e-03
-9.837378225007468091e-05
-6.709708259636229175e-04
-2.818648629863417811e-04
-4.608958945445551948e-04
-1.124479955816227008e-03
-2.603132968562635015e-04
-1.568967531084102527e-04
-9.668562733306380582e-04
-1.076454827348494094e-03
4.417913996749716927e-04
-3.734817886031882822e-04
-8.578160184182055876e-05
8.603932385035888272e-04
4.119434645363220706e-04
-5.227189664192972545e-05
-5.728445267823049306e-04
1.325264857987891280e-03
2.103843147111119066e-03
-1.372733124807798757e-03
5.200363406316280265e-04
1.464671027636994382e-04
8.380059910812748388e-04
-7.588041746613885096e-04
9.970245965596701530e-04
-3.071837462692193592e-03
-3.336204767015142755e-04
3.135846271322992578e-03
-1.504438739840595557e-03
-2.742692899045052948e-03
5.851373813887308234e-04
6.129340409690086592e-04
-2.562208786373478334e-03
-5.098852035879051755e-04
1.020184394964265872e-03
7.225367895352679702e-04
-2.502888210353860403e-04
-6.176169243527313512e-05
2.869818585649031549e-04
-1.421690974738125694e-03
-1.003945766378880940e-03
-3.111330549799786903e-04
-1.779310583692665041e-03
4.142521392643943104e-03
3.736330751242426286e-03
2.458044246246916462e-03
4.952919455258199266e-03
4.555474682925863758e-03
2.080238679446040975e-03
3.997904203550389259e-03
3.443256476076220120e-03
1.748967220544880245e-03
-3.313128422303502317e-03
-3.550907152425506526e-03
-1.852560665468564426e-03
-1.074006406650614620e-03
-1.534895885684749812e-03
-1.759880742700568705e-03
-2.034134107905718591e-03
-1.555074243762285136e-03
-1.957853558320502094e-03
-1.919844029374818267e-02
-2.253723233026033029e-02
-1.905813507929252429e-02
-3.893253898843870159e-03
-1.039319777925155203e-02
-4.963245202535747531e-03
1.223290682763898338e-02
3.968689447546063838e-05
2.969435946226661131e-03
4.211212287773291943e-03
1.448616608571886948e-02
1.845501822796807162e-02
2.026912654828599402e-03
1.306011582255635003e-02
1.420122780910860159e-02
5.772022657841062790e-04
9.532437090254423234e-03
9.925786855852648111e-03
2.773564842699258529e-03
8.121003892446493344e-03
-8.896728022109841533e-04
6.330273367907052022e-03
-4.800299966416560551e-03
-1.847509964360591166e-03
-7.669231049036577194e-03
-1.187969578415318077e-02
-6.456174284588796393e-03
-1.581778261093269924e-02
-1.060725461008305524e-02
-2.095376103268116810e-02
-1.725105213543022542e-02
-1.233460366176497396e-02
-1.519072856380385486e-02
-1.582999230046752345e-02
-1.206603769875214463e-02
-1.247514743892004681e-02
-2.579186989934213400e-03
-1.584246668501159035e-03
-2.537620263536234481e-03
-2.908053342177822822e-03
-1.061056076876543217e-03
-1.282034597902083784e-03
-5.135685402687274227e-03
-3.568453565414280576e-03
-2.847133870097392529e-03
1.447663099594627412e-02
1.461399944456366617e-02
-7.541901959473730661e-03
2.104392255946150106e-02
1.049393901381549636e-02
-8.320876948479945245e-03
1.721269597403931109e-02
-4.124727492688281573e-03
-9.385533383268890306e-03
1.140540279051385775e-02
4.374297963983372374e-03
-1.262827518772492545e-02
1.337277289309675085e-02
-1.287066905235847644e-02
-1.510110485681937995e-02
9.065188692963108835e-03
-2.643537044210922740e-02
-1.017321582650604871e-02
8.588328663520730655e-03
6.543715162182038060e-03
5.355448012625750771e-03
8.772000699032790269e-03
6.547887396190850591e-03
4.738076070586739498e-03
8.187893332856500950e-03
5.192349017367434497e-03
4.109939302853189529e-03
5.196337313634153028e-03
-6.066336532836192350e-04
-3.297969828051012294e-03
2.144259033440793025e-03
-1.849643035224918242e-03
-8.724582526974979102e-04
1.311302279125177049e-03
9.268016217367289330e-04
1.799609440441980171e-03
-5.559470205078037401e-03
-7.704959480227413331e-03
-4.155993199742321828e-03
-4.091086274372909663e-03
-6.478153074515853073e-03
-3.281179397496291478e-03
1.048999303503114896e-03
-1.731245969162006470e-03
3.914515146121656797e-03
-3.395471499173759785e-03
-7.170466074516854832e-03
-1.347761066226877726e-02
-1.187860412798447118e-03
-5.316250896644949056e-03
-9.317134844115079403e-03
-6.273389230251034260e-03
-6.795941856324700173e-03
-1.067661987610503405e-02
-1.442100896455727988e-03
-4.783971824852511199e-04
6.761524424109601264e-03
-4.393796882005324839e-03
-1.055975854688239466e-03
5.931248338995913014e-03
-2.799894915106352061e-03
3.569164532837207186e-03
6.381933235339159842e-03
-3.005497690814491318e-03
5.145239037970071767e-03
1.003998083492159236e-02
-3.685504901818714794e-03
1.101166474937021952e-02
1.303771284623231027e-03
-4.587298206520004293e-03
7.720730919294306778e-03
-3.429654920769219413e-03
-6.513086409105664455e-04
-2.134414739434465757e-03
-4.311074465153662792e-03
-4.934675675473986119e-03
-4.820313269453297897e-03
-6.698683805767788844e-03
-1.044013309366192098e-02
-1.054941284971842516e-02
-1.302860025690122554e-02
4.417956961123234612e-03
-4.170113245423499263e-04
1.537064361614008147e-03
8.598566796725529496e-03
2.645311680941708852e-03
6.100663597837943739e-04
6.505512085548064913e-03
1.936885835890549655e-03
-2.145946843464724418e-03
5.009818558383522663e-03
4.024187150778511454e-03
-7.264390006873909283e-05
7.580920513243510515e-04
1.209640533972614713e-03
-5.478627011583418028e-05
-2.463879224820840854e-04
-1.913010439705316573e-03
-2.009527746361458849e-03
-1.507687653408268033e-02
-1.311247318838630257e-02
-1.089990036850191010e-02
-3.707136203137899495e-03
3.245550769550482190e-02
3.038891619722760423e-02
-5.237517416969667688e-03
2.325441043306054195e-02
2.650890377625144192e-02
9.322285984892798860e-03
7.084234529628874628e-03
5.169372193840000677e-03
7.485921234685749548e-03
6.240925509395081269e-03
3.824317170721566479e-03
3.022490578124706600e-03
7.545955429704929432e-04
1.457369083709885403e-03
-9.109229335290281587e-04
3.138683332180053614e-03
-1.021484945989173561e-02
-8.862030667075207480e-03
-1.080334757721365321e-02
-2.170096376200681201e-02
1.234971361353093787e-03
-8.022997210250522315e-03
-8.088236264327397160e-03
-1.394583914689308431e-02
-7.328436643407465999e-03
-3.606077756266256717e-03
1.832344274436348069e-03
1.399524156587893123e-03
-1.193957576351236706e-02
3.092418290290211563e-03
3.628520558622814769e-03
-9.621175272930635597e-03
2.297032716356590867e-03
-5.245152415392732685e-03
-5.063041043079452228e-03
4.509899009770734941e-03
2.335615000632975530e-03
1.774405681276000840e-03
4.125718279730773708e-03
7.543397634933459404e-03
9.279292224371092634e-03
1.919932397879289040e-03
4.029607595714333919e-03
-6.775437218148567392e-03
6.275713392946876031e-03
1.331114026173194770e-02
5.946694081463287269e-03
-6.739751283278354321e-03
-4.432141914813789510e-03
-8.373152418394683508e-03
-1.508806200428127083e-02
-1.788890999087448114e-02
-2.285404023017249472e-02
-2.274205497152125520e-03
1.279408453706711198e-02
-8.769764151537831967e-03
2.414645748391663297e-03
1.254290422532025433e-02
6.504308517461145425e-03
6.310719763636030502e-03
7.638724309436580040e-03
1.005210823323720443e-02
2.767962659574598177e-03
4.533162868489237426e-03
5.821708280204737108e-03
-2.679021879809357493e-03
-5.346596729741897669e-04
-1.561055111796156691e-04
-3.754697215208173313e-03
-5.490475754276625403e-03
-1.573598036553465170e-03
-6.767735713937011489e-03
-9.302314162704612699e-03
-7.040118204959144865e-03
-2.018221592816391192e-03
-3.212474628944082464e-03
-3.481319815444114656e-03
2.459858972223924727e-03
-2.721628210637035399e-03
-1.510304723137533521e-02
-3.830229044336105199e-03
-4.379508832089019921e-03
-8.761299839322708727e-03
-5.731811647110274938e-03
-6.469188328140681142e-03
-8.754445949153734363e-03
6.089169119704732416e-03
-4.794203667661960685e-04
-5.510403611228796399e-03
2.860471988192102755e-04
-9.119508050392764742e-03
-8.422011855557043694e-03
5.887831771999029427e-03
-1.876450556285668347e-03
-1.529690714135151404e-03
3.415456097937755002e-03
1.485989381122130876e-03
-3.592340293814654754e-03
-9.323703138439507930e-04
-5.652499254032540077e-04
-1.626550815727946173e-03
3.950151478717845582e-03
2.483207079046974991e-03
-1.307187118133862304e-03
8.254107949690541596e-03
2.085602334139090297e-03
4.928415919617838703e-03
5.590908198676061182e-03
-1.339032901653174849e-03
5.217312601347975747e-03
-1.384195465035813850e-03
4.971275329519841794e-04
2.005707234303803158e-03
5.681698865960777695e-03
6.903180331544059647e-03
8.587115823093308120e-03
8.477042047926727428e-03
1.317865760662441377e-02
1.776004498285232991e-02
1.227796167883144982e-02
1.420607161060971450e-02
1.625377501860785640e-02
7.967166270333503331e-03
3.786859905504860388e-03
5.989593662646929169e-03
2.544416395640990754e-03
3.800059519130072859e-03
7.428835611738868715e-03
-1.851054495207283363e-04
6.075146217979708087e-03
1.034784987818484006e-02
1.873943153063729536e-03
4.655707582847282513e-04
-1.636640920744898914e-03
1.832128953570827043e-03
1.206108140755537440e-03
-7.864646949441015159e-05
4.223020804530018199e-03
1.729860807342636919e-03
-1.771020703936339660e-03
-2.280178443449427678e-04
-1.465019272068342551e-02
-2.662230207153669717e-02
5.002529457526537840e-03
1.812223665773440504e-02
3.577661092562267522e-03
1.937426389997007900e-03
2.061169086382931559e-02
1.051180517081849730e-02
-9.152653631121450200e-04
-5.235193611264819975e-03
-8.556432466107741913e-03
2.270800554914544772e-03
-9.967805355981160936e-03
-1.371082792278521638e-02
7.623507918218271236e-03
-5.308794971922589645e-03
-7.875121911602419103e-03
-1.623237465404896857e-02
-1.136372515674102281e-02
-7.742221324670570462e-03
-3.888142810373431367e-03
5.179197186202027722e-03
-8.045216881827945950e-04
6.082714203683617198e-03
1.361425701662674452e-02
4.804506917624498143e-03
1.107915648390698712e-02
-1.360182727181958673e-03
-8.478660770341436750e-04
8.960960917527129380e-03
-2.679034854053945029e-03
-1.671239072944970955e-03
1.241375319014945394e-03
-7.047754494032914228e-03
-3.286717008251630913e-03
-3.379021170916446208e-03
-3.050261357640623137e-03
-1.511440999584510829e-03
-5.608514342812002951e-03
-4.934687117583519411e-03
-1.041281966639771503e-03
-6.964701430843195547e-03
-5.942313299213233466e-03
-4.999654477372280671e-03
-6.258714576812171235e-03
-8.513810333202374240e-04
6.673001935162501709e-03
-1.639286559366267756e-02
1.775682282945566497e-03
1.949411976702139504e-02
-2.799165789375879926e-02
-1.518406441703563925e-02
3.359103141922788194e-03
3.019527043994329595e-03
5.651953894242616079e-03
1.822937454580512637e-02
-1.012716855815598560e-02
-5.509863224008926252e-03
-8.525887571579352647e-03
-1.586671477911334033e-02
-2.061708463691761320e-02
-3.499100688432982970e-02
6.268657523244813541e-04
4.132547834907122908e-03
7.909622806004285717e-03
-5.929102660643475152e-04
1.120050533602363722e-03
2.768959810668314685e-03
-4.917089260430914169e-03
-5.652731956628266434e-03
-4.814467135456530766e-03
1.448498187569533576e-03
-1.380727679659717554e-04
-9.466738842375911958e-05
1.402524921848355291e-03
4.293232723841853660e-04
7.248136137209060324e-05
6.821257928703159355e-03
8.918292350039795299e-03
8.267517063381234557e-03
-4.909087789172365823e-03
-1.039061544208639241e-02
-1.551624410895960197e-02
-9.411588432745551010e-04
-2.955500126059258312e-03
-9.634166938652950068e-03
8.612703817872303935e-03
1.176562722290229630e-02
9.190618432083015642e-04
5.906374631596544855e-03
1.460720534015160638e-02
1.605801279876093932e-02
2.667704249778480793e-03
9.413288391465874164e-03
1.492383680869651709e-02
1.500499341560563660e-03
1.762808946311770521e-03
7.077872416917358953e-03
5.658786289958824163e-03
-4.723786342765561377e-03
-5.102415622954872484e-03
5.895954881285650484e-03
4.432798088974517804e-03
3.394647965005838028e-03
3.943319834947113869e-03
1.104837262116408099e-02
1.146475293335528882e-02
6.684771119727403281e-03
5.804001101518303785e-03
5.035443365148354819e-03
-5.224413426668288174e-03
-1.279424325126980386e-02
-8.931916652781837079e-03
7.712996418075915859e-04
-9.234633602447408704e-03
1.555689135644287542e-03
-5.524020958168205514e-03
-4.043553410327120450e-03
-1.636491707179673879e-03
-3.917729566942198052e-03
-1.635162658839701012e-03
-1.447716444393848693e-03
-2.179992774967402650e-04
-1.678274110309436497e-03
-2.734199845275593101e-03
-4.822622916758813327e-03
-1.231054242190732402e-03
1.580701406358785924e-03
-1.194749817299740197e-02
-1.191550276405791732e-02
-8.255901339446982193e-03
-7.326882959196681991e-03
-8.016423193942660494e-03
-1.058970937502602509e-02
2.747206792514232925e-03
4.464134174430383142e-03
7.273263455740244451e-03
3.747950712560142294e-03
3.419796322369382177e-03
5.029627138054092519e-03
7.838035149788237510e-03
7.097078903241606229e-03
5.542139028945015401e-03
1.035183179518998041e-02
6.201244141557184231e-03
-1.616090903790266299e-03
-1.189049125239523795e-03
-4.890316412371537545e-03
-7.681208542031425952e-03
-1.485472872500732434e-02
-1.091231741957029121e-02
-1.102856147888620596e-02
3.346401326350043059e-03
2.391506086841729828e-03
-2.809214038794565741e-04
-5.961992708028265083e-04
2.340107419729252347e-03
1.090991462797450458e-03
-2.476798607322782449e-03
1.685045405328614238e-03
3.111257140815196394e-03
5.687335247888962789e-03
9.742565080730689400e-03
-5.729759526615137849e-03
2.673617020471221600e-02
2.878200316080120613e-02
1.352671122784698983e-02
5.512348601174142833e-03
1.057502750205760456e-02
7.334511540863462679e-03
-1.016105133906071564e-03
-1.119022225471178779e-02
-7.911416518133564807e-03
-8.596025324084337685e-03
-1.561191652844822440e-02
-8.850790368754741025e-03
-1.097992431034007510e-02
-9.006478234775881081e-03
-1.142437062289693422e-03
2.765984397772556017e-02
2.348637379751641538e-02
1.685678460643780241e-02
2.601572161325874794e-02
2.348977905410776224e-02
1.662788954039284492e-02
1.542072558018715671e-02
1.234990773104459490e-02
9.853017378591824929e-03
8.850992124806566358e-03
1.352549902962457695e-02
1.333175206153066651e-02
1.712854701680545030e-02
1.907911721343915831e-02
9.018136543701354285e-03
1.455532307648130762e-02
1.645654979219635106e-02
1.515870064147398395e-02
1.312132149662406481e-02
-2.540878489867308496e-03
-1.867950761029075687e-02
1.814713488024876503e-02
7.310789084232815864e-03
-4.947310336527197504e-03
-2.623598138733267918e-04
-3.661838105247675751e-03
-1.991359819243120229e-03
3.272638050750107698e-03
3.418585786058432347e-03
5.043046242176506093e-03
4.860584483884225482e-03
7.364099215435631826e-04
4.694811806712470385e-03
5.816947723027613738e-03
2.211498938544708207e-03
5.953642932446889108e-03
-8.954688087798758425e-03
-5.959481559804974925e-03
-4.514861695216920712e-03
-1.806606118849753053e-03
7.905586200332803768e-04
1.374161798509284564e-03
-1.760954840155944936e-03
2.480410638938577560e-03
2.634154600357587958e-03
-6.029447367707873977e-03
-7.450540216453540058e-04
2.412338280005738196e-03
5.739064901288766160e-03
1.034077842203769138e-02
1.032030201088006416e-02
6.541503562475152987e-03
8.713137565949454974e-03
7.636506115069322496e-03
4.807559204306474827e-03
2.374644133690636660e-03
5.375109946705882401e-04
1.380822207848477661e-03
-1.091248161642301281e-03
-2.572509783729495531e-03
-1.086203196723338656e-02
-1.026730365426804098e-02
-3.621540408431841215e-03
-8.937327760637605104e-05
7.844009389121850070e-03
9.971819452034335132e-03
5.514820195904572217e-03
1.176634181262363119e-02
1.013730594805185500e-02
1.207859503391932017e-03
4.518021653676064335e-03
3.686900062518939903e-04
9.502041952548917481e-03
6.250010274432981836e-03
1.450434660135734282e-03
9.658091782887089083e-03
1.062767120676304071e-02
9.087867689705427009e-04
3.215932302042441744e-03
6.475128812865361960e-03
5.491483302733755727e-03
4.499529897189684900e-03
2.947145045579055694e-03
-6.608255898369741607e-04
-3.099365167137774733e-03
-3.616290430114582274e-03
-2.507622976692357349e-03
-7.948317600297670829e-03
-7.627759807412447246e-03
-1.790438711738023218e-03
-1.957156351768654830e-03
-4.539719237378015901e-03
-1.457958864577864463e-03
-2.018878646709236068e-03
-4.628197409469458901e-03
-1.455514458718998967e-03
3.755868723542968041e-03
-2.551365018257190347e-03
-8.932939317223691526e-04
5.364705591534430808e-03
2.598408762257507082e-03
7.658435451784295633e-03
4.087761681775462126e-03
3.061216443676404060e-03
4.536890369033578022e-03
5.822479297683272326e-03
7.180925408943983172e-03
1.097730302929591714e-02
6.158296080530798605e-02
3.363387403525679165e-02
4.023391166377346222e-03
4.598912410676662954e-02
-6.257729096913677846e-02
-7.238000579907070964e-02
-6.838739047112175201e-03
-6.778908020926707745e-02
-6.027222210136724823e-02
-2.130272066687869531e-02
-9.098156399232188579e-03
-9.712782690875379574e-04
-7.765065317411905602e-03
1.417556402799723114e-02
1.409842509642209550e-02
2.185575887641337534e-03
2.237568840792182254e-02
2.002642401122739155e-02
5.381358872428045753e-03
-1.809452907487543727e-02
2.782152991498954963e-03
-9.960576488602343112e-03
-2.238259870539977686e-02
1.883810299153487050e-02
-2.649299283981359013e-02
4.236457257428515575e-04
2.592216072594574067e-02
-1.145248358271492954e-03
5.335620475533585719e-03
9.893356313038708522e-03
-2.279560065225870111e-02
-3.188641971817654519e-02
-3.651456800279838898e-03
-1.114317473672803843e-02
-1.180368147275101531e-02
1.683906247688358960e-03
-8.307766445557701260e-03
-3.827444924139360356e-05
-2.790029926581449014e-03
-4.000339494981199583e-03
-3.647495104847909815e-04
-1.477776339812545163e-03
-3.546174375656897543e-03
-7.838393758189648574e-04
2.175891867332789033e-03
-1.491204673764551410e-02
-8.920280562564534069e-03
8.096024344275417478e-03
-1.756068291001692053e-02
-3.744857488783532445e-02
-1.911817015660391417e-02
4.231037341820970826e-03
1.238584165022848724e-02
2.412515394765200188e-02
-2.225972093023997553e-02
-1.969721668000445902e-02
1.041461564128871517e-02
5.464851302140067563e-02
-5.573760627885971167e-03
4.256605442489388991e-02
1.690415998059103739e-02
2.442814503071844001e-02
1.391984549933578987e-02
-4.634363308795044073e-03
-4.058848094813501117e-03
-1.376063796307843215e-02
-4.480241340526467525e-03
-3.837490093478995636e-03
-7.739233892867388408e-03
-8.162740876632433888e-04
6.427998916108428572e-03
7.549604073479238876e-03
1.409941004832505895e-02
9.305971423573464185e-03
6.524540953481785827e-04
1.454779544308134644e-02
5.254621023858049335e-03
-8.395360384735950712e-03
3.132551976102636239e-05
-1.597384499010194928e-02
-2.699035558214388578e-02
3.324457682087435251e-02
1.474068297413767305e-02
1.512273710683912156e-02
1.599686874336025619e-02
-3.440289589291938618e-03
1.658427552064556908e-03
9.869166698344237001e-03
-1.139325089805963073e-02
-8.796374729896942399e-04
1.109081460422833149e-03
-1.154105577344306365e-03
1.587235250852694901e-02
6.855396794907844121e-03
1.660465866475449581e-02
1.870545744165300409e-02
5.963434848801793704e-03
1.839503321022316340e-02
8.573372015226055770e-03
1.703279335904776468e-02
9.589464925863232236e-03
8.316276340661286556e-03
8.288676246248381091e-03
-4.562148020009224557e-03
-2.347878763677201195e-03
9.424129693367830005e-03
-7.516238325239789700e-03
-2.757095457735338987e-03
-3.094623734104958238e-02
-2.946952865783154102e-02
-1.894435272379766397e-03
-2.001499767577257297e-02
1.219969981130940989e-02
1.781338136619946624e-02
-1.252799276768183298e-02
2.248384327391076201e-02
1.061254563472900127e-02
-4.762878761037535845e-03
-6.101617570470130487e-03
-6.428574253093018165e-03
-6.120194076043209731e-03
-6.310327315292875265e-03
-6.699067060298945914e-03
-8.016254630735422659e-03
-1.884903908448922914e-03
8.444058327586466579e-04
6.013602179083060717e-03
6.481445399187732957e-03
-5.433843184804859616e-03
1.068708549934386035e-02
3.304460254970892873e-03
-1.069075952628349528e-02
9.018279480042889693e-03
-1.045836515004351305e-03
-8.859563079666395863e-03
-3.475055616490428049e-03
-2.142264598044573125e-03
-2.130093650245693665e-03
-3.070603380814510876e-03
-2.346925450975717847e-03
-2.313097703540887510e-03
-4.404380548316034344e-03
-3.545037811354713898e-03
-4.483413337289372975e-03
-7.844635224734455847e-03
-1.061629136241109064e-02
-1.129727097673137622e-02
8.616318341173115347e-03
1.943307686584089949e-02
1.163271830168076046e-02
-5.771900905573801657e-04
8.092584835684001054e-03
-9.877464943937055118e-04
9.842497811008288702e-03
6.314777762927921076e-03
4.317050585839840408e-03
6.311020791231692663e-03
1.985593929544514184e-03
4.688877585583759691e-04
3.494646695418540151e-03
2.546957160671032335e-03
3.582793204509829126e-03
-7.141508317792416918e-03
7.658708476193962049e-03
1.236571491633305965e-02
1.130310155988655495e-02
2.638037275675825591e-02
1.802396017055328536e-02
1.024868679126234158e-03
-6.026275731095674659e-03
-9.419063350656748518e-03
3.235257833356584324e-03
1.301809104495489861e-03
1.196546094991557310e-03
3.442776989107285482e-03
-2.706165533695457578e-03
-6.070287028632586051e-04
6.852043419491117343e-04
-7.263493874653461843e-03
-4.451742200325192918e-03
-1.588053017676111086e-03
-1.811473108501449438e-03
-3.367900969886527922e-03
-1.379122099393082510e-04
-3.094993400252387316e-04
-3.373446706668222633e-03
6.310922400384491680e-04
-2.209259900071177188e-03
-3.246888215995936272e-03
-7.027932548116764405e-03
-8.764756033762701251e-03
5.727920781374618063e-04
-5.565416899469009804e-03
5.797489539847295627e-03
1.357667244535597055e-02
-6.384186563211383808e-03
-6.750142259627718621e-04
2.538312599285877900e-03
-1.576781634987362360e-02
-1.788653251118227719e-02
-1.260183346628163288e-02
-1.702000724237521688e-03
-7.251654825484698565e-03
-1.131243758486917377e-02
1.968817997846542683e-03
-5.298895577735037409e-03
-2.023362961034885429e-02
-1.145123336409969127e-02
-9.580622680429218621e-03
-8.199661938610302778e-03
-9.049975513132258939e-03
-6.861501994657676420e-03
-5.735888881331089456e-03
-7.160940412698118054e-03
-6.372314197537923969e-03
-7.294930042584523398e-03
4.091366141695331610e-03
6.981647740092726366e-03
5.713437258999771312e-03
8.289494145939197908e-03
1.079147499943729736e-02
8.655596162209490407e-03
1.002880370526889123e-02
1.542789448196019847e-02
1.222271969884394793e-02
2.462293687570691302e-03
1.300976445161456112e-04
-4.773376229660866894e-03
4.848309335056337141e-03
5.814189876201278188e-03
-2.967598295128842482e-03
2.410829429483253399e-03
8.305399367347773495e-03
3.597393432067792947e-03
1.629996353921534587e-04
4.044757520625649749e-03
4.004505922452016899e-03
-1.386109700461347948e-03
-2.172870873275323939e-03
-1.570014565800181882e-03
1.008379736968714789e-03
-3.610440642906852671e-03
-5.604904945701683593e-03
1.286292380808341969e-03
3.249448910856877169e-03
-8.704415167757402656e-04
2.674920984374740043e-03
3.755836597067692840e-03
-7.369946731491774971e-04
-6.709732846431839919e-03
-3.780400213030038221e-03
-4.023775136668094644e-03
1.395482451532476832e-02
1.253151226136956300e-02
9.815135803484831625e-03
6.716934666780300170e-03
-2.751329173144796952e-03
-9.923482635423442992e-04
1.123156069813590122e-04
-1.063220184432040784e-02
-4.659507430610578677e-03
1.023959859431465514e-03
1.726162983476627446e-03
2.063128644806693293e-03
-1.511516920804691902e-03
-1.944796408293931588e-03
-2.259315123293339101e-03
-2.577665041499437384e-03
-2.613777015256239268e-03
-3.397033817826259228e-03
-1.293237995287355516e-02
-1.280412894479603624e-02
-1.492221696334948382e-02
-1.016348616258628580e-02
-1.312992149738453733e-02
-1.260463984601053675e-02
-1.027937304558769818e-02
-9.068166129862968369e-03
-1.200620255399160834e-02
-8.483173711201914520e-04
-8.221519423804155881e-04
-5.262075982184931215e-03
-4.000085829975417182e-04
-2.588886900650981407e-04
-4.358269330110983914e-04
-1.027007022750911318e-03
-2.682696020209113501e-03
2.296569936531188633e-04
-4.898629432146408115e-04
-1.830474458710944913e-02
-1.640243621732923734e-02
2.900916263843431736e-02
5.925061994642518565e-02
-2.849077800867995391e-02
8.465975119815406444e-03
2.417195378871300412e-02
-1.671373738217784774e-02
-1.579273332578225858e-02
8.031097469383602144e-04
2.186322210889429796e-02
-1.454830817231284393e-02
-2.097828372088113291e-03
2.739032008148608796e-02
-2.017430183738979851e-02
-9.613762641956425173e-03
1.725931634892420227e-02
2.487698854024188600e-03
8.823916590615536737e-03
-2.534487543083264755e-03
3.303454706281957771e-03
3.118355155007382015e-02
-1.682646897509205638e-02
-1.414060810806888266e-02
-6.603715021024441321e-03
-5.813262115747672328e-03
-1.018701868540468000e-02
-3.107673417808657496e-02
-6.334785213096975724e-03
1.295207260615143657e-02
-3.693498763479850788e-02
-3.696016396152772276e-02
8.901106934023444300e-03
-1.496065493600499258e-02
-1.189584471565799557e-02
7.597426140642207955e-03
-2.066226331373174994e-03
-8.108452287222728608e-03
1.254272318123192571e-02
6.229847888056493956e-03
-5.322336406553078957e-03
1.096633679039431784e-02
7.778128012297097840e-03
-1.040136566829544121e-03
1.733857271277367690e-02
1.233258302431050960e-02
-2.460711593902303179e-03
2.209861707072181825e-02
4.715131495160772984e-02
-1.048590921903336595e-02
-8.219957905928280267e-03
1.592141062907080976e-02
-2.684804379297370605e-02
8.778053812147613988e-03
-1.808015851031681553e-02
-2.029334861536160814e-02
3.443114337971121819e-02
6.283066379880253294e-02
-7.763902754593829392e-02
8.814378656357906711e-03
3.220658383122521756e-02
-4.213296396106439023e-02
5.114801329415970613e-03
5.444915757653493588e-03
6.081857698968872773e-03
2.670362548205118145e-04
-1.893549941447605868e-03
-5.663883984045992893e-03
-1.019232288688946310e-02
-1.009752058973142040e-02
-1.137248496517738287e-02
-4.594471759835803797e-03
-7.102200750626962850e-03
1.022134530376654551e-03
-3.058148544246240639e-03
-1.015030276927091600e-02
-2.734997438480125768e-03
-1.269137205942100222e-03
-7.571885385000830249e-03
-1.576380059825018692e-03
-4.844573400115553558e-04
2.139061597600276383e-03
-6.617191768385146874e-03
1.310855545293901489e-03
3.864434256839520063e-03
-3.978241330517294505e-03
5.071719712019988682e-03
6.201540743705881778e-03
-5.523060237417012908e-03
1.963576216526592352e-02
1.129634662502802638e-02
-3.404881352945701972e-03
9.741713725342573266e-03
5.905204246072505089e-03
1.530723566850622107e-03
4.011010519782247374e-03
-1.224823151428778472e-03
5.708726150526119252e-03
-5.719006791698106815e-03
-9.070789942059242356e-03
-9.553996564154607074e-03
3.588268892899315610e-03
-1.372804371581898318e-03
1.421892537171764493e-04
8.261579697338096787e-03
4.411027504561079477e-05
-6.413413751531366622e-04
-1.964018991719540877e-02
-1.501486818818181020e-03
1.604599572409710212e-02
-1.939801681501470906e-02
-2.018445124194665971e-02
2.239144091153702498e-02
-1.845674824249025556e-02
-2.876435425226341394e-02
1.219780499901580890e-02
1.151744273113093284e-02
1.874375678445020389e-03
-7.011844407059598418e-03
9.886475493698053396e-03
4.226464374707331224e-03
-2.100611775393680745e-03
7.284793220916265660e-03
6.098133281478332335e-03
5.218711711456065945e-03
7.103517469349394800e-04
2.395325027778438635e-03
9.177234048095922686e-04
-6.997511917830602848e-03
-2.981478135247211947e-03
-2.978658328619257221e-05
-1.137479182788952645e-02
-9.799071380438631462e-03
-7.602923569907053120e-03
3.741958256928530190e-03
5.558025364552181269e-03
1.050435350912778606e-02
1.846249396977972523e-03
3.788230229616346839e-03
8.627443071819011072e-03
6.046179925377432283e-03
3.779594142535303274e-03
6.250421340931087109e-03
-4.996099169608076221e-03
2.046635390483404413e-02
2.864989519257827785e-02
2.508341082992532854e-03
1.099313708814758130e-02
1.224447451268248152e-02
-7.252371272259887890e-03
-1.730752910413504899e-03
-4.089002963816128905e-03
6.460426591215491510e-03
7.470734383945332700e-03
5.029224820472821302e-03
8.073668762544735299e-05
4.727943801545560036e-03
3.168821595148991772e-03
-4.475274956498406093e-03
-1.964684935406795386e-03
-3.787625294738068780e-03
1.173947779164476179e-02
1.867386753269084654e-02
2.263477767501034105e-02
2.016071443943437055e-02
8.536080159597564040e-03
8.177521726221041731e-03
4.065354731672987144e-03
-1.703369229163426840e-02
-1.554995308334609742e-02
1.562766392410291569e-02
1.591136982610033904e-02
7.070636666412727887e-03
9.399187871346468756e-03
2.444855781824607777e-03
4.798055088477933168e-03
-2.096710752580882868e-04
-8.729582634297388538e-03
4.495299917086685582e-03
7.161819270647930974e-03
1.864512916490088448e-02
1.756097685433191669e-02
6.386808012909215041e-04
1.130941187276400181e-02
1.118892621034957985e-02
-7.025413585525384572e-03
-3.110320051084860052e-03
-1.528908735485398759e-03
1.322516394592148162e-02
1.734513932199685526e-02
3.672932462099635920e-02
1.522496710972817691e-02
2.122801096370403873e-02
3.193761453569692738e-02
8.835202235975999491e-03
5.938644749398563905e-03
1.162471255061466556e-02
-1.608317861990333705e-02
-5.711187333851568300e-03
9.117851007143705500e-03
5.251477387734998460e-04
1.339221565099074065e-04
9.551663149246573600e-03
-2.142841901245699440e-02
-2.104240781673900537e-02
-1.187952354326640703e-02
-4.016874065375113448e-03
-4.948382514830123279e-03
-4.720618670772235709e-03
2.188764539093382942e-03
-2.314247933272746589e-03
-2.590603987409101448e-03
3.113530420520079899e-03
1.666743892182546202e-03
1.347743763445045180e-04
-2.936758562252130521e-03
-5.427939965520391617e-03
-6.671869868989484947e-03
-1.574213256008006982e-03
1.767151674090053912e-04
1.583030094715331146e-04
-2.792022584787952778e-03
6.054423391026215063e-04
-1.433063791352813402e-03
7.748846301968820814e-04
6.063000220473817835e-03
8.733452126072481503e-03
1.866985163970372478e-03
1.034785314855408804e-02
1.242884941051802111e-02
-2.335139259475071236e-05
7.837403190959700908e-03
1.383297202720706540e-02
6.535525342814820296e-03
1.202550393103283752e-02
2.230144239590636790e-02
-4.532461107854453448e-03
-2.423291295244113172e-03
5.510749180953278953e-03
-1.645596934253502203e-02
-1.710250086128816890e-02
-6.901235253578969810e-03
-5.524374317129979476e-04
5.361683910504797326e-03
9.063109629274255716e-03
-5.090631889889981124e-03
4.830022521961794754e-04
5.458946284553851079e-03
-6.637577444828868592e-03
-3.741551692523694718e-03
-3.795596238650172580e-03
3.559797439760634986e-03
9.402276873543145147e-03
9.409930614829184470e-03
-7.775902640249145702e-03
-1.761710872682990857e-03
4.407430353266568609e-04
-4.020644688799226291e-03
-1.134944119636743971e-02
-1.372996831731482410e-02
-2.839452774856652487e-03
4.962058669611016902e-03
5.277772566467065114e-03
-5.881232341623924588e-03
-6.545097510372781084e-03
-6.490687594987710335e-03
-1.551174521897804052e-03
-1.005756584661588078e-02
-1.326452971078467998e-02
2.665243698324997737e-04
4.901803796745673927e-04
-3.836147473067923631e-03
9.854615740454042861e-04
1.015664682792865106e-03
-3.455261904199669835e-03
-4.181828303729168833e-03
-3.731391701917434033e-03
-8.139821512808984721e-03
2.601734551503397282e-03
4.192077886393703011e-03
-8.973160089022850497e-04
-3.583155247230434236e-03
-3.257730413690556985e-03
-3.869392866129920967e-03
-4.763044878976473336e-03
-4.136027351096505621e-03
-2.862292476419372490e-03
5.185748792594024881e-02
9.387807123309815927e-02
4.646967359698905148e-02
1.071914293882893221e-02
3.887151282993522861e-02
2.511661441816968963e-03
-1.957718100755945559e-02
-2.973303661981173754e-02
-1.739604073169346773e-02
-5.274273929062317642e-04
-3.553297424145778361e-03
-9.291905956278743300e-03
-2.739773750787748846e-03
-9.915667409551385397e-03
-5.208815965062733172e-03
6.323419719919598156e-04
-5.517933872666738390e-03
-1.140465609836990163e-02
-1.365999389057885203e-03
3.295802203868539865e-02
2.328023212151845382e-03
-6.929927666802173161e-03
3.695000923526695069e-02
1.281343800516546692e-02
-2.561317593048102054e-02
1.651970181723988289e-03
5.761519427614481687e-03
1.507187559499455036e-02
-6.040510334651352439e-03
-1.647986132020037506e-02
-2.284384434356197691e-03
-9.043396561418082583e-03
-2.890884881564939266e-02
-1.543872619446735178e-02
-1.220450705555281611e-03
3.208217567037821506e-04
2.020337417939933530e-02
2.248793698437645538e-02
1.847867945781218185e-02
2.939863021742691873e-03
2.882979414568246843e-03
9.700333531324476823e-04
-1.793944074750706760e-02
-2.082465040291846953e-02
-1.787818260085458424e-02
-2.004715597343501368e-02
9.973685089025879913e-03
3.600197343895935025e-03
-1.736032302832384369e-02
2.590142488082525576e-02
1.136827923447842649e-02
4.673895242641076461e-03
2.309560231335612904e-02
6.375400770039302105e-03
-8.246464396213844944e-03
5.655905777580471500e-02
-1.688555718972551203e-03
3.114187872669186403e-04
8.475880634962322524e-02
2.859583675308050542e-04
-2.994879818214107869e-02
1.878393645224883625e-03
-3.394084821382772205e-02
-1.912419665410200476e-02
-1.964475590651913392e-02
-2.162305149072475327e-02
-6.607706004765006615e-03
-1.471968888480628887e-02
-1.268433213358085426e-02
7.490405250711573357e-03
2.892612036179543870e-04
6.816711374439258717e-03
1.180004822682253172e-03
3.778831872256501259e-03
4.810678550599047781e-03
1.319105266352907889e-02
1.612582908216726382e-02
1.068979468817722080e-02
8.862812523248423183e-03
9.520754449448590520e-03
3.545764305820255265e-03
1.672712252610237746e-02
1.724795257755308564e-02
8.937562380434572323e-03
1.916670967004698717e-02
1.422166392262787411e-02
-4.477445745822321364e-04
1.825024547364208563e-02
1.038830293539306018e-02
-9.023265409908481222e-03
1.013772930598303215e-02
1.883613012825643279e-02
1.911407209442596983e-02
5.724441850954235279e-03
1.164445979076638230e-02
4.097081139488243685e-03
-5.847138339125115131e-03
-8.433899082390122412e-03
-2.010380911765947270e-02
8.617290228206497642e-04
1.001134297828577650e-02
7.088312670422891940e-03
8.059512324183485191e-03
7.084916128951594325e-03
-9.690300183897774394e-03
4.566644434078470996e-03
-5.604364370502555419e-03
-1.032828122145376150e-02
3.761565393457639867e-03
1.329651226620865920e-02
-1.575698600178123895e-02
-2.328070845215386361e-02
-1.859884044814547402e-02
-2.396520064258395727e-02
-4.559045237545652758e-05
-8.199478128867652288e-03
-8.106478524834825200e-03
-3.489995515026554900e-03
-2.172687332679407429e-03
-6.815365892414644231e-03
-2.165514401391808313e-02
-2.372997844012456406e-02
-2.351717924895969231e-02
-2.851976573713622606e-02
-3.084498690898854201e-02
-2.629202005573848602e-02
1.199530264048112756e-02
7.641217002617060709e-03
-4.407032321663383392e-03
8.064233064821222470e-04
-1.978669655774831747e-03
-1.497363088123726191e-02
5.891551812958436760e-03
-9.033421995218726686e-03
-1.137341428142202293e-02
