-8.215763742149474096e-04
-3.513343675487429815e-03
-6.903648511744789849e-03
-3.767942629728369096e-03
-2.528143110367541552e-04
-2.105259794986958592e-03
-8.203417479259947007e-03
4.048390969920301211e-04
3.922080424533304008e-03
1.432924536463428718e-03
-3.442231198905473062e-04
-5.763133493393470322e-03
-9.432274984903874643e-03
-2.598886554618980421e-03
4.012085786846412115e-03
-1.716789234924444513e-03
-8.436552093391256474e-03
8.025016655946081573e-03
1.694888512746257209e-02
1.620052537405534954e-02
1.552399154784490747e-02
6.100887435506631776e-03
4.518954457433545409e-03
2.052007930277830253e-03
1.821430144787395799e-03
2.733060931045219917e-03
1.959033186505825485e-04
-1.181305487077954387e-02
-8.044723767191400837e-03
-8.022063327126018398e-03
-1.845623718878973418e-02
-3.797273119591740471e-03
-1.324228730031125692e-02
1.491727136137213465e-03
1.539074216014078671e-02
2.538190100288145474e-03
1.162267949234647296e-02
-4.411189882416241895e-03
-7.245567221821987494e-03
5.764407181103583556e-03
-1.148550202391978529e-03
-5.754258346107713612e-03
-2.696193548886849541e-03
8.727971877137950547e-04
1.375270306899264126e-02
-2.922816320894007936e-03
8.101041775099061554e-04
-4.623215276481448810e-03
-4.468123954929802827e-03
-2.141514233885868750e-03
-3.317962727540755326e-03
-1.202317677860439971e-02
-8.591711727839273366e-03
-1.363751753740524708e-03
-2.267245546554955572e-03
9.266099316237669595e-03
-1.958159031140012558e-03
-4.538501042290529058e-03
9.181799596853964726e-03
-4.163064957416867315e-03
-3.186453445886190065e-03
4.011155803969988429e-03
4.546343826536634598e-04
4.048770168922080463e-03
3.810376175220942657e-03
-4.350975542338373844e-03
1.922665398140485041e-03
4.138018203407552338e-03
-5.410758986193375114e-03
6.009113250756721765e-03
-2.238692985405723191e-03
4.101011520016637282e-03
9.098857217264957886e-03
5.799497001055121080e-03
1.024923283656375972e-02
6.962038380237899581e-03
2.754987052065295192e-03
6.537685980860067324e-03
7.888282418713854320e-04
-5.666009855933610076e-03
-5.393894440560167980e-03
-1.075989296208072245e-02
-3.259155847163281491e-03
-3.764860166347023043e-03
-1.626740245106240296e-02
-9.757302573312462424e-03
-1.133239248981346599e-02
-7.546356930855816630e-03
-3.977970540434723826e-03
-5.927684813372373698e-03
-2.057132021774822281e-02
-2.311973460043475689e-03
-5.453001862009135801e-03
-1.640281002687636602e-02
-8.613033377825938045e-03
-1.206707967563820302e-02
-7.644939931548297603e-03
-4.354794108391565194e-03
-2.170418258644228951e-02
-1.147903762626152147e-03
9.872397853397081938e-04
-6.309833933443567168e-03
-2.779496756124301415e-03
-4.511017319343629643e-03
-5.752713547163966490e-03
-1.459944694873346275e-03
-6.285144974917587085e-03
8.965943508075112020e-03
-2.588468213653360647e-03
-6.527768125500746713e-03
-1.138079048244596686e-02
-2.001824349119078836e-03
-7.874424532334169460e-03
-9.441439079688635286e-03
3.170950520751374818e-03
-2.393038215976917883e-03
-3.991754227950467665e-03
1.696132699273448369e-02
5.682024146796601713e-03
1.499635379477228837e-02
1.720607800977635646e-03
4.291473761062061971e-03
3.178586047593873459e-03
-1.941921073509274634e-02
-1.164382081769024281e-02
-1.498863960999950555e-02
1.157830286410442729e-02
1.445808027665918330e-02
1.134838894441108671e-02
1.013632374752561523e-02
5.955518305483190750e-03
4.055870429440807182e-03
1.056778336356566962e-02
2.227833910322796120e-03
4.001011071315153933e-03
3.297933136617536148e-03
1.985278894273352027e-03
2.745418430781930864e-03
1.036632791872173047e-02
8.371141514122973706e-03
8.209359809430816918e-03
4.998857191857488010e-03
2.979978519241658665e-03
3.172686702822548940e-03
-2.497868464980372225e-03
6.374086406335298469e-04
-3.130814881330564511e-03
9.419354553661321225e-03
5.353087239790263463e-03
3.069833523009583669e-03
-3.227929352356228004e-03
-3.550875166466287147e-03
-3.684350161190276269e-03
-2.365838239197067330e-02
-2.411677155299227215e-02
-2.213203208033241373e-02
1.391934275550899339e-02
1.262687755952137184e-02
4.114707713929305864e-03
-9.785011869202261525e-04
-2.824604951373704126e-02
-2.006612204367513516e-02
9.429200227046284979e-03
1.760703942841388564e-02
1.370735951929766966e-02
2.559409596684843365e-03
7.777869723861176266e-04
-2.041977205875175790e-03
1.184787410948883249e-02
1.250353668335234779e-02
3.726753166159244967e-03
4.093890169232151932e-03
-3.297135946242098757e-04
1.019693876347117084e-02
3.771079432361757605e-03
1.577821488921884562e-04
1.466269207418560922e-03
3.915278836112382355e-04
9.555193742418570651e-04
-1.425132857231385230e-03
-1.230799452839751590e-02
1.087719253516978256e-02
4.637742924755241386e-03
7.017000466611990166e-03
1.581451946492217712e-03
-2.338158457729176676e-04
1.576347181004821561e-05
-8.803726584852771681e-03
3.231362818209917998e-04
3.818291226187257859e-03
5.462805268233898899e-03
-2.560855441548508840e-05
1.004874406644858630e-02
9.229547068193481515e-03
1.223747755813236722e-03
1.655615415361231732e-02
1.197255304260109662e-02
3.919503985657487449e-03
5.483795156230320857e-03
2.286024707511815409e-03
-8.719186914758141060e-03
9.689837678555471984e-03
9.892004584735851133e-03
1.307981961592536227e-03
9.828812693745485676e-03
1.789005705603288396e-04
5.304192017744729622e-04
-2.969410491007168015e-02
-3.786810991318087776e-03
-1.538470877449086768e-02
2.034360258039086614e-02
2.588416186810264460e-02
1.091990970964910879e-02
-1.255821802356558471e-02
-1.178868073953937175e-02
6.762944338164405232e-03
1.887962450205405915e-03
1.102999364971735249e-03
1.253139232932198822e-03
-3.833791070458021709e-04
4.774847105504223310e-05
2.313111753228534739e-03
-5.355413776519200343e-03
-6.820715924800496363e-03
-2.299721500489330765e-03
7.694655884312276081e-03
1.979393993858331868e-03
2.597820242717252797e-03
7.905631665368968025e-03
4.917864656766167582e-03
5.826032269383858188e-03
-4.677100774255364690e-03
-1.382780714076048195e-03
-5.269185592023171820e-03
-5.657306712232877460e-05
2.760154621740671006e-03
-2.723147370519780636e-03
-1.740456343890451479e-02
-6.063540311143963100e-03
-8.689734012218101053e-04
-5.589826094430367168e-03
8.630687359038730772e-03
1.066606954828709652e-02
-2.148538280671154210e-02
4.508399278654678932e-03
-2.466248751368434796e-03
-1.959962629205005686e-04
1.984284259427853553e-03
-2.318971034158923486e-03
6.824893929356812272e-03
-6.312208706360235635e-03
9.311728021680935278e-04
-1.347192898700206361e-03
-1.962071047002406001e-03
-1.569667948951979563e-03
9.042547741705198516e-04
2.536508673852384734e-03
2.132370483851751385e-03
-3.130465891040105659e-03
-1.528471640511426446e-03
-6.918262036563769916e-03
4.637393836653602914e-04
3.545953210074424562e-03
9.703814504941503383e-03
-8.400888794491051526e-03
-4.877932068772006073e-03
-9.622236459567947223e-03
-6.743076344403285162e-03
5.616307199886607336e-03
1.992055651117259456e-03
-6.357343871021855011e-03
-9.448723338586508674e-03
-1.146215572091733095e-02
-5.340957186294969378e-03
-6.588802682539893034e-03
-9.768818250231322067e-03
-5.925230411978366432e-03
-7.416073406841973761e-03
-1.437037455956638801e-02
2.304803867216492861e-03
-2.790908999842606642e-03
-6.012755474910826646e-03
-6.789645714398142608e-03
-5.142619881247528259e-03
-1.959672521244943885e-03
-1.452389311911970494e-02
-1.056349202942147292e-02
-6.427667566395206533e-03
-1.284424565286923330e-02
-1.354321019710232055e-02
-5.716742777566377956e-03
-2.788995889899894068e-03
2.066222808139203931e-03
-2.829107747155785134e-04
-7.545269601266885520e-03
-1.093952632688890460e-02
-8.937642121229751047e-03
1.541908590534040975e-03
-1.564761752314772908e-02
-2.376619974958980256e-03
1.640264224003196202e-03
3.178293496212435815e-02
-1.226094156877107454e-02
3.467656293062088869e-04
-3.443413323219706411e-03
-1.177604342656648345e-02
1.541754517200552219e-02
1.420430817751465805e-02
1.369364982150544571e-02
1.201663998528970136e-02
6.783540726838241733e-03
7.734817941418669317e-03
9.753905085562747124e-06
1.031025632533773056e-03
1.241439497654855473e-03
3.073930334608868283e-03
7.219454809362804357e-03
-2.324750839137210232e-03
8.058861101876301294e-03
3.402677181399991167e-03
2.792381507621709020e-03
1.152925124310879602e-02
2.404539273779527937e-03
1.067900981152478286e-02
-4.648000174613443718e-03
1.549065766056645496e-03
-9.578964955772775736e-03
3.257860719082428594e-03
-7.952308948684410489e-03
-2.808884971334481978e-02
-1.625933406181284333e-02
-8.193711289752906787e-03
-9.395910821762444923e-03
-6.767197087722879277e-04
4.157385881466613663e-03
4.742284215923943044e-03
-1.787096413515980092e-03
-1.263547356170920295e-03
1.813305468064993530e-03
1.906738201235800428e-03
2.270592458116013970e-03
6.013939522353200888e-03
1.425472920562049529e-02
-4.293747138264193165e-03
9.422587484338123057e-03
7.548291254791870269e-03
1.263126242572591533e-02
-4.041541865203142694e-03
-4.647681736211026898e-03
2.040359555900951409e-03
-9.954687157644652798e-03
1.798001052070521749e-03
-2.164595211083163162e-02
2.080810192871656097e-02
2.509553357379822654e-03
3.639222549816571034e-02
-3.702368763936545685e-03
-2.342067955345891739e-02
-3.617378644044714348e-03
-3.386376041098031198e-03
4.229553830872697512e-03
6.051275274783764375e-03
1.722751878153146784e-03
8.896518767999038457e-03
1.455902070958146367e-02
8.074098924288517290e-03
4.671022786791203087e-04
5.868234217331402824e-03
4.097232261853912816e-03
-3.736294198480240736e-03
-3.897940554142862802e-04
-3.586082203049184222e-03
-3.535284739584748561e-03
-1.018669193346464314e-03
-4.207133103599277214e-04
-6.854855430836785495e-03
-1.278793290892248601e-02
-1.104125419882380325e-02
-1.017775144234888546e-02
-1.591596665457737855e-02
-2.454677702938125664e-02
-1.760173596844439095e-02
-1.813399183397111647e-02
1.391445416218644888e-03
-1.901715471103690783e-02
-3.146789646477993196e-02
-1.958025188069426395e-02
8.816775980230373219e-04
-1.077309443532624075e-03
1.059556199899796408e-02
-3.302947116932724875e-03
1.547273793297799203e-02
-6.442725306754010055e-03
-8.562057465375041976e-03
9.899891536580900445e-03
-5.914898156605685482e-04
-5.075524797645595068e-03
6.587681010198104259e-03
-1.731522616173775944e-03
-4.115362304083059093e-03
6.498657014331021310e-03
-9.034816687247815281e-03
1.613399646446318086e-03
-1.765083662743298582e-03
-9.150426778418712867e-03
-6.195777052155364631e-03
-1.331941459378569240e-02
-6.593103665061461963e-03
-6.935959270347488541e-03
-1.394016412810627527e-02
-3.545714989675157955e-03
-6.400070180052203073e-04
9.356352296635467346e-04
2.576932501746369807e-03
2.152847618856520550e-03
-1.509668276319484255e-03
-7.817292276852169652e-03
-1.685438283223587201e-03
-5.369906086853941385e-03
-1.258306078009775730e-02
5.225748779921456956e-03
-1.094204719667533562e-03
-1.160648405822266825e-02
7.450820528951636107e-04
-7.243795974469202301e-03
-2.224547596998215949e-03
6.777970839618480993e-03
8.697136371936881527e-04
8.173151429326156250e-03
1.577977188173543743e-03
-3.542751333106354799e-03
9.499512758181221251e-04
-8.426969568713939956e-03
-9.696025410044301074e-03
-9.346382096143001847e-03
6.264528420078984729e-03
5.942308350762537383e-03
-1.939722764385337639e-03
-5.463920517709342992e-03
1.814624551530211530e-02
-5.170300344810423339e-03
7.276137616634455315e-04
6.386990921721446939e-03
-7.451136067559334560e-03
7.092936295554481269e-03
1.520905984916838104e-03
1.461585775138510507e-03
-1.063962705563958715e-02
2.588241012398654825e-02
3.934946618456481270e-03
1.771869085564132303e-04
3.287311044442250453e-03
4.795540623719951601e-03
-1.281961246075385627e-03
-2.687930598914534553e-03
-2.312263397131210894e-03
2.034579303482145565e-03
6.482969500899726529e-04
8.045761958490046245e-03
-2.013563405747619862e-03
8.998283831989262356e-05
8.414909442802772028e-04
-5.750332679947942928e-03
7.469844017150697318e-03
6.914912168488439835e-03
-6.076479241613511398e-03
-5.205934049658165173e-05
3.492962793629845390e-04
-5.377404951704567275e-03
-2.812891912142495305e-03
-6.388330298060242943e-04
-4.477623405024467977e-03
5.446268888973430228e-03
-7.428059918370148035e-03
-9.733641243773799231e-03
1.492340706795835734e-02
-1.779322312243577370e-02
4.205112802897729637e-03
2.128050666418979109e-02
1.285970211425050422e-03
5.509441541268741103e-03
2.167649813827546984e-02
8.702264629653650319e-04
4.902511345105387865e-03
2.262602432581553927e-02
5.241162887048692910e-03
-1.374894711031567594e-02
2.578881113616402626e-02
-9.504502553953230251e-03
-8.427667488381841709e-03
6.179038814498482093e-03
-3.533224798110797243e-03
-1.167150128463170441e-02
6.542374127486691232e-04
-3.030398669206235142e-04
-5.223349274304977391e-02
2.097529065782720997e-02
-4.863958040501022151e-02
-1.009177066843812247e-02
1.236335442003512301e-02
-9.226486902180768349e-03
-3.265941373634684286e-02
2.152126377267282037e-02
-2.434812166828113564e-02
-8.611230357767230004e-03
-9.073291683830621290e-03
-3.957476650133650610e-03
-1.058630747400856774e-03
-3.305614867074719437e-03
1.280814954673888031e-03
-1.703755199044995963e-02
-1.333621463530480430e-02
-9.528405654642821063e-03
-1.550463086489497870e-02
3.990799074595783387e-04
9.304663161214733746e-03
-2.212223628959150354e-02
-9.251665140979774575e-04
6.594181056171709819e-03
-2.384399411357674900e-02
3.196392475418544966e-03
6.007952231080876219e-03
-1.851427891989032223e-02
1.499873611094661684e-02
1.957721779396267951e-03
-1.022142914764318129e-02
1.233142228117138292e-02
-2.983166909399867679e-03
-4.680147844676292405e-03
-5.707307320856178437e-03
1.675844151190933329e-02
7.758200913105823410e-03
2.510321891406787700e-02
-1.933254141298916063e-03
5.273795722449039353e-03
1.255791294899469453e-02
-8.410563273030007697e-03
2.131017546993423020e-03
2.735020738416938171e-02
-1.090053830693563791e-02
1.844856598810351578e-02
-1.509908103847691641e-02
1.090228717884615846e-02
1.392860866429487116e-02
-1.155591542065074334e-02
7.473428769524502122e-03
1.547396756990492353e-03
-1.463176735781997195e-02
1.370448092661508696e-03
1.701400044133844630e-02
-4.561234551488209214e-03
-1.422993779496852700e-03
2.571931721994824907e-02
2.519666239724291466e-03
6.098623843914401967e-03
3.965002519698423294e-02
8.271355142347842915e-03
2.384843895475083700e-02
-1.735156585736886579e-03
-2.030290707453869317e-02
9.408477323380704319e-03
-9.198632502448290211e-04
-1.811970883233253449e-02
1.086077687931993885e-02
5.161481194927359292e-04
-1.486669878088412063e-02
1.101061079066475816e-02
-1.686690711428106074e-02
-6.172613510563860692e-03
-3.034902194872292694e-03
-1.697045358630384915e-02
-2.118663813497828358e-03
-7.694565449359649749e-03
-1.365043380538331040e-02
-1.127961476299059809e-02
-8.226660514915105568e-03
-1.241589659677914091e-02
-1.332780279530677153e-02
-1.709199337560006471e-02
-9.118909814168170078e-03
-7.868667687165339583e-03
-1.681154247617306849e-02
2.592802978064634445e-03
1.702624956930739097e-03
-1.040818564197183542e-02
3.686961931347252502e-02
3.392135617547378107e-02
1.680784689211804045e-02
-1.063683292199412225e-02
1.915507264859849000e-03
7.414595667358946270e-03
-6.483611921927634296e-03
-3.961175853346082971e-03
-1.228929861326855978e-02
8.409556041511519588e-04
2.924815879973132436e-03
1.645884743737229330e-02
8.205000482273456033e-03
-7.590550757398588019e-03
-4.194382379040180291e-03
1.214204294893665541e-02
1.998158368204279309e-05
1.394395719890506244e-03
4.046453946311982103e-03
1.300615156834864297e-02
4.572148513688784055e-03
6.203626593629140047e-03
3.020921671908103831e-02
4.786996908566385628e-02
-1.193989721846780948e-02
5.305413983274038722e-04
2.896131626087190131e-02
-1.412549302846898176e-02
-1.409806826223708627e-02
-1.614999669910672717e-02
2.473883974388005249e-03
-1.314396515128700990e-03
2.380063919306677194e-03
-1.109461275389102275e-02
-7.659476570256291104e-03
-1.965740940376473848e-03
9.462945365845885221e-03
1.477161404456250665e-03
1.078960343032579414e-02
5.940908610093644827e-03
-1.141523025896121158e-03
4.799543552300268752e-03
3.544694626154330785e-03
-5.862010381414900495e-03
-9.541738523997575494e-03
1.210951275144834735e-02
-1.458485344717373039e-02
-8.153599708704158816e-03
9.685086878104634880e-03
9.680144487321235350e-03
8.506478168037078652e-03
6.172445103164836411e-03
1.415122194733640752e-02
1.964193414553431008e-02
-8.704909066617276189e-03
7.943260968021159421e-06
3.394163886320717295e-03
-1.623099475321086033e-02
1.141017328695649938e-02
-1.704453410546593120e-02
-3.380365227621132118e-02
-2.391719275121406002e-02
-2.615399142176589795e-02
7.132362871428946961e-03
8.120067718087209396e-03
3.846615691426515278e-04
-1.391326709431082130e-02
-9.192999254673348691e-03
-1.568382413241622975e-02
-1.460759532870844341e-02
-5.026454451284936148e-03
-1.789632999893379017e-03
8.730115576635746411e-04
-3.351697051337389904e-03
-4.732103672198025197e-03
-3.129191188910471818e-03
1.141541390593845502e-03
2.830105216307954481e-03
6.114953409257784141e-03
9.768117050548827049e-03
7.848071825856698866e-03
2.801586493791143398e-02
-1.217387750707342800e-02
-1.479230342769802774e-02
1.794552293276432953e-02
-1.195367617644357144e-02
-1.528178127133554901e-02
3.617091615971564089e-02
2.473274157729905137e-02
5.098859593125819149e-03
1.195042419834220493e-02
-7.993898848043802866e-03
7.188139696583013133e-03
1.820982286177828119e-02
6.981761254278590761e-03
9.986533767334463893e-03
-1.317893642696853088e-03
-4.871682621146994525e-03
-1.489529881184343228e-03
-6.664652968944969474e-03
-1.589410694115917996e-02
-2.155227823563688611e-02
4.023474750310990396e-03
5.431538017187364023e-03
7.948789172281906998e-03
1.694093320711935122e-02
1.782056826135468980e-02
1.499742849636614105e-02
-9.527754633205038140e-03
-7.782054700326621402e-03
-4.734180626668167170e-03
9.810427638412179061e-03
2.812964227911542332e-03
-5.146575425559854304e-03
-4.203466677173487744e-03
2.284869116014682025e-02
2.513390492560585096e-02
-3.518263953917631724e-03
-2.030928823945184203e-03
5.354923940246553507e-03
-7.349608640595186801e-03
-6.381601573973369468e-03
-5.381469420149668365e-03
-1.732237681021487165e-04
4.557887906982320894e-03
2.795684994780718840e-03
-6.092114609219666937e-03
9.703142025375442736e-03
1.886204362956851385e-02
-6.381251489846587882e-03
-3.350450244609021015e-03
5.649826339600501519e-03
-8.861063117654228993e-03
4.232720666934580943e-06
5.361052450471142858e-03
-1.558740723078906251e-02
-6.700949297142359644e-03
-5.277476003974938996e-03
-1.798637415888582058e-02
-1.337124072514235193e-02
-1.504079521657367309e-02
-1.270093824491986580e-02
-1.443380831212127437e-02
-2.145921455512983175e-02
1.503511586371502695e-03
1.629864695184377391e-02
1.004695259748976562e-02
6.461080337220887621e-03
-2.746958638215934827e-03
-9.758034794628103401e-03
-4.921851681914731803e-03
-1.937950135482654004e-02
-1.379387637832551680e-02
-3.397162448326357820e-03
-1.012776666202606750e-02
-1.292321181158159055e-02
1.581144149677530392e-02
2.697854650729698388e-03
-2.925085158850754610e-03
9.800128643236748552e-03
-5.278067424769733278e-03
-6.085427301883728109e-03
-3.903559276186210642e-03
5.142207681756882920e-03
-4.177062661507254838e-03
-8.069255915062297640e-03
2.063135214995005535e-03
-1.887777878570454657e-03
-1.204649383706474751e-02
4.308881148063216718e-03
2.904440040195038156e-03
2.669716119957916620e-02
7.835564215065699348e-03
-3.541390599278109071e-03
3.467532599841239432e-02
3.953694770067713374e-03
6.613047641518166216e-03
2.606632900818733195e-02
1.790610243828294826e-02
1.040813795255739714e-02
-1.752125507604541943e-03
-1.293630194896789112e-02
-1.914078436268732558e-02
-2.712361592488321798e-03
-1.061211869914402937e-02
-2.261250473572429254e-02
-8.775401457907165692e-03
-7.035391153530214797e-03
-1.199782672287533040e-02
-1.703723694004605910e-02
-1.123844599158505334e-02
5.675082814783817368e-03
-1.599671628534479750e-02
-8.194031604320195505e-03
1.064091200447709815e-02
-2.665848684820922715e-02
-1.860296799279669705e-02
-1.325039386171348449e-02
-1.793955483314218363e-02
2.424554532845368815e-02
4.202060808535523079e-02
6.612276510180112830e-03
-1.441558098734844161e-02
1.301125998394462614e-02
5.243200545535261874e-04
6.500298817137398384e-03
-4.397942980690114356e-02
1.484329493568449856e-02
-4.319138569011443142e-03
-6.618164662776208212e-03
5.532250766691957158e-03
-1.136517850915161765e-03
2.031649820739342763e-03
3.065155875030165043e-03
7.553759523259840139e-03
2.569407298396330329e-03
-8.440109233357815169e-03
-2.128594646530898246e-04
1.051678805593814735e-02
-3.986170803077723930e-03
4.859614012481564232e-04
-1.020363556354976508e-04
-5.952934053099305338e-03
-5.732710114629558686e-03
-6.740114417125965887e-03
-1.488544035961290694e-02
-1.237654019128730555e-02
1.460238643860863050e-02
-1.241977601384462206e-02
2.474458383941221390e-02
3.929293397673661731e-02
9.656407857800868629e-04
4.031766419590854245e-02
3.652322152097803309e-02
-1.944133463092204790e-03
7.505727731348477236e-04
1.233955229933523037e-02
8.474693786793443054e-03
-1.154507108295037623e-02
2.001147212940207563e-03
-1.969599357224623842e-03
-2.174694237794934371e-02
-7.381867013247763419e-03
-3.473586186075468263e-03
-6.362712996294960996e-03
-1.497696317376069272e-02
1.081951073374892019e-02
8.826288630843490135e-03
-1.465863655249376868e-02
2.244865940328581375e-02
2.198676404562258796e-02
-2.398400848808561817e-03
-1.359966585329972638e-02
-1.122343025662004591e-02
-7.929735395114136109e-03
-9.364725867645730395e-03
-1.449697754961383478e-02
-1.842360723371383804e-02
-3.834994439324359433e-03
-2.271381543910301268e-02
-1.864650541497477401e-02
2.189860237186380849e-03
4.398866696451688395e-03
9.606693175697920972e-03
-4.424525685725920823e-03
4.483476454676731072e-04
3.260686299934744195e-03
-9.682225856105928369e-03
-4.329855884766002291e-03
-5.586983424023645416e-03
-1.053829496427946023e-02
-4.838458672928949884e-03
-4.005887387516385810e-03
-2.497447591957115999e-03
-8.550655488200453042e-03
-1.700103856094738533e-02
-3.111843496324028738e-03
-1.600728744128314049e-02
-2.237873826043710809e-02
-3.612855719407124036e-03
5.390632187876377886e-03
1.683938102509681140e-03
-6.852267999351025754e-04
7.381408851759846575e-03
8.575448778248392218e-03
3.817106963900508253e-03
-4.453216360570927575e-03
1.435008287127833258e-02
-1.700825596525725944e-02
-7.064890941874975468e-03
-3.368323028333881572e-03
-6.485058035714343083e-03
3.684311211573114940e-03
-9.943102467677959397e-03
-7.411410114346394552e-03
-1.159686495420368842e-02
-7.954333602819873075e-03
8.606214289893555393e-04
-3.431031620795485081e-03
-2.693487861818662926e-03
2.000128757905015545e-03
5.995522412198982720e-04
-1.230634653386860386e-05
7.942308688309616255e-03
6.928398042849136240e-04
-1.696219248140236986e-03
2.256465943188562182e-02
1.122850066851538257e-02
-1.010922194042063529e-02
2.148646656908462585e-02
4.538945413269554821e-03
-1.960025339818682183e-02
4.668137349246522481e-03
-2.816145647825922613e-03
-1.010149569182986450e-02
-9.828817234374784446e-04
1.397280878511335776e-02
8.594355011110830708e-03
-4.436653300621814372e-03
9.560574532471260295e-03
-1.536569312049407970e-02
-8.238075808948353701e-03
7.508752299854942573e-03
-7.173373625738720637e-03
-9.765087648930154823e-03
-9.782904173058829672e-03
-4.430538624414091103e-03
-4.816494142292075849e-03
-1.082681437175882395e-02
-1.482021655129157900e-02
-9.219792270513192233e-04
-1.140359763187724640e-02
-1.816113259303143643e-02
1.308896594504973740e-02
3.435304988378876274e-03
-2.182720267867279546e-03
7.110765713817381733e-03
1.564216461901617866e-02
-2.302876253556518371e-03
6.156631105048078825e-03
1.685545914329256156e-02
-2.276637862061849180e-03
2.440980724965406343e-02
3.463141021078271816e-03
-1.054095599400304900e-03
-1.001982787674778747e-02
3.571799596751749212e-02
2.461814417542658104e-04
-2.086561463309924425e-02
2.253430484726727523e-02
2.446940021527797132e-02
-6.742496125954722079e-04
-5.906253130859570773e-03
-1.048752095106681055e-02
-2.268851017118745771e-03
-4.064659387442877241e-03
-6.934713567333277914e-03
2.691434594162195066e-03
-2.443720295455766977e-03
-3.179073868078749650e-03
8.193743038964738414e-04
-1.301998421991041894e-03
-7.695474532390663563e-03
8.180393038634223854e-04
1.029389022156107503e-02
7.799991531137020692e-03
5.185831388311770013e-04
6.236869393206158525e-03
1.369552859450977843e-02
1.424428796468983627e-02
-3.154267823930680966e-05
-1.006126962809388882e-02
2.340760682791500139e-02
-2.152626529606226427e-02
1.196431132053508289e-02
1.602990435332758354e-02
-1.268474126794864529e-02
2.760338031207385315e-02
3.047656704133758828e-03
1.429728285076498594e-02
2.389565275549079392e-03
-1.389985795616258644e-02
1.262468848797276832e-02
-2.797359069255818658e-03
-1.855492615079617352e-02
8.733491586258459657e-03
9.288558788861010079e-03
-1.575942001372451426e-02
-3.073803901964198160e-03
-3.292091620556692431e-03
-7.786629565377274284e-03
6.421080082145768503e-03
1.098392114133342652e-02
6.424128873514463323e-03
8.902961379186514687e-03
1.815775253020767907e-02
-9.196911463928793273e-03
-2.089477438414127225e-02
-2.086288651523400713e-03
3.872865864128594276e-03
-1.807981827091586016e-02
-8.903340854227920209e-03
1.416286321875590351e-02
5.466269597559476022e-03
-2.638269115253117497e-02
2.806954830696971673e-02
1.395391776543951530e-02
9.441162283676234751e-03
1.664107112902196706e-02
9.198472781509061530e-03
8.807076412023903331e-03
9.360195471812538665e-03
1.985269318676696586e-03
4.256367785274899410e-03
4.871051029686305871e-03
4.367498247693313816e-03
1.736789745303434634e-02
3.525606031587622414e-03
-1.611962114172032492e-03
9.029431521882269260e-03
4.114151650511975802e-03
8.875832332420114171e-03
1.476818402759621195e-03
2.830484284557205354e-03
-7.702861245163731413e-03
-6.570727406117993566e-03
-6.637907942521888843e-03
-1.877458147710022243e-02
-1.604228518316583654e-02
-2.299290303506541094e-02
-9.687998718287226321e-03
-8.520339443891413247e-03
1.725236824856079057e-02
-9.242058526943963334e-03
-1.967354159375539133e-02
2.958437985518752242e-02
-1.915353061591044612e-02
-3.199112000399184641e-02
-1.139659458061397478e-02
1.250074526621267751e-02
7.597137882288139583e-03
5.093269842665830438e-03
2.081958283138145641e-02
1.109297896689221546e-02
5.782790752728942003e-03
1.812598722285185121e-02
2.300143512436958818e-02
1.242645456680337678e-02
-1.752301792084583415e-03
-2.129403795348673838e-03
3.262250524273198598e-03
1.386309310553153788e-03
1.001456938610592248e-02
8.320125151920957848e-03
2.444818567051166517e-03
1.273082120635829657e-02
3.391887522342754667e-03
1.501987220543248881e-02
1.395944419220573711e-02
-2.706738959243572273e-02
-5.526371106540663158e-02
-2.549841397691723216e-02
-4.060650381338914289e-02
-4.661733481699194270e-02
-1.300434516027764581e-02
-1.360151633556215892e-02
7.805580770462462389e-03
2.374722689745019464e-03
1.291759383675217948e-02
3.926016377345470897e-03
-1.785547308601440411e-02
1.736871745765016309e-02
1.628138300051743979e-03
-1.957767152504227490e-02
4.763249133316321306e-03
-3.412156184141565667e-03
-6.109052479453847516e-03
1.630274179252418423e-02
1.682770645810094043e-02
2.087846501068933713e-02
2.927705057020157584e-02
-3.950410897622628689e-03
6.252219901530364082e-03
1.575068133204849188e-02
-9.906010807695629378e-04
3.770877321787259769e-04
-9.579885945197218894e-03
-1.992442302237461965e-02
-1.107223021727755073e-02
1.706914026875526111e-02
-4.224276480596659417e-02
-1.930082309919797443e-02
2.268491733330384782e-03
-5.823198121750337158e-03
-3.280756029352228931e-02
9.477865490476735863e-03
1.573065995600260100e-02
9.998337023087730882e-03
9.265486227694923541e-03
8.557461008453790333e-03
7.915791818310331102e-03
4.704220788329657905e-03
2.974847607641938150e-03
7.510850966987529451e-03
3.495093912229720046e-03
6.737010000148655267e-03
1.004480707870922598e-02
-6.231426504944725551e-04
6.792249730741289730e-03
7.253401782909065301e-03
-7.833113069229400913e-03
-4.950016847228281246e-03
-3.679494805168529673e-03
-2.195924194396034132e-02
-2.498850570503392127e-02
-1.797317632080085506e-02
-1.746236713682468994e-02
2.230473375889736182e-02
-2.621141414435254353e-03
-9.513688306544188650e-03
-1.865442531646802418e-02
-1.848726227353953561e-02
2.483426636566755594e-02
6.404091755534128310e-04
-9.648863256427014749e-04
1.630858709089656744e-02
-3.867330591558716928e-03
-9.998723033357605466e-04
1.879330795810999367e-03
1.564388617611375820e-02
-9.174932603352775953e-03
2.801596631314289421e-03
-2.612644670649766961e-03
7.396360719576482862e-03
4.293975584523858358e-03
-5.553776506922839494e-03
2.711233553866119160e-03
-4.933127535922910908e-03
-2.235589440402886534e-03
3.350739491963603819e-05
-2.408850382572270618e-02
3.318899424887180715e-04
9.153603310237568447e-04
-2.570213571366689390e-02
-9.783990370269514056e-03
2.622410796916531395e-02
1.691416478587939301e-03
-1.740998667266481503e-02
-7.538225141065602736e-03
-2.237116340234599106e-03
3.339072148849554864e-03
-5.916225932400593149e-03
2.407867484821406712e-03
8.721471390568840895e-03
3.558078031995783735e-03
-6.843148872185657317e-03
-3.882143420080154915e-03
-6.717309524206637600e-03
-2.147781870531384474e-02
-8.603931064075283699e-03
-1.963730047809084112e-02
-2.099476904129617821e-02
-1.155078183184753658e-02
-6.778568623207294370e-03
6.405539991655077522e-03
-8.552418956925260385e-03
-2.900688988855100025e-03
-1.299828345344385301e-03
-1.309200563277436447e-02
-1.253453925621110347e-02
3.765232742199344819e-03
-1.545005599652345997e-02
-1.486195441662444341e-02
2.751517857190732223e-03
-6.555876871964324074e-03
-1.274451357739185726e-02
-5.764451415772234646e-03
-3.407097936836574453e-03
1.127791646582534252e-02
2.626855461514811165e-03
-2.483356201788044018e-02
8.932922886645751001e-03
1.470108197610062346e-02
6.551827569491150936e-03
1.150975479260498563e-02
6.489526233066722841e-04
5.673304783358921674e-03
6.780458164269482189e-03
3.902007140499942281e-03
2.805721299654850148e-03
3.862419437988011059e-03
9.354497791068065032e-04
-1.074729455204660386e-03
3.969879408013311448e-03
1.902971545831448966e-02
9.648484592274289215e-03
1.672945285463481660e-02
1.276666197740534275e-02
1.019314611032031076e-03
4.040944832314243874e-03
8.908242665356313691e-03
-1.581172807591545550e-03
-1.361861284540037166e-03
-4.263039569454439917e-03
4.018634090489092876e-03
1.798413583811767774e-02
-5.013658574570376350e-03
9.900602610768166612e-03
3.096305084695073762e-02
-8.493533990083757760e-04
8.515892604968699001e-03
1.032702004108503567e-02
-1.381896989546083261e-02
-3.331376738973340461e-03
4.120719480069196319e-03
-1.333902469640986001e-02
-6.850154584957146749e-03
4.956747460283947304e-03
-7.124226430285856421e-03
-1.731678301468423959e-03
9.706447728899381816e-03
2.280266121403305788e-03
4.814716860713228797e-04
-2.831631763782765151e-03
-5.376845646708466181e-04
-8.068587708374066331e-03
4.302123656857188144e-03
7.081188668031843905e-05
1.710904829951843866e-03
6.694508247294569427e-03
-1.534255253785225988e-02
-2.309078001048475541e-03
-2.047583380207654985e-02
-7.166589703786582950e-04
-3.608313384038426552e-02
1.695246191981794603e-02
-8.680587898913069006e-03
-1.117154939983580533e-03
-1.377480462785061338e-02
-3.661468240596389679e-04
2.680014820984339525e-04
2.867742744576245659e-03
9.155996414562851292e-04
-1.579977225322346164e-04
1.410770250985737308e-02
1.835874845586221412e-03
4.140896789794177787e-03
7.094452112542620412e-03
4.120715925139013629e-03
-3.759071692700114396e-03
-1.638348467932386173e-03
-9.741934226957475870e-04
-1.433481040954088029e-02
-1.109379122697802013e-02
-5.703570866444065621e-03
-9.954719312935832523e-03
-1.110314780321826865e-02
-2.082970221722967030e-02
-2.000062021509843926e-02
-1.512117874055306753e-02
-8.533883040143099702e-03
-8.178470481816389054e-03
-1.828580010354130189e-02
-4.931306009944772320e-03
-2.563965784145185237e-02
-1.779461184529991871e-02
-6.478538180868069485e-03
-2.769068073510871832e-03
5.176499735429244617e-03
-2.721130313991021107e-03
-2.352992883076175917e-03
1.250221072113176513e-02
1.901013134793929065e-03
8.604539884468394165e-04
2.144669589969831324e-03
9.957505193222157200e-03
9.667913470698186792e-04
-1.470805556414189188e-03
5.835766277674302865e-03
-1.134360920564384326e-02
-1.616401987953265326e-02
5.453018794695563276e-03
-6.879349212085295387e-03
-1.508507605459668242e-02
3.346168092476541674e-03
-4.752486859887795727e-03
-5.797916343533234158e-03
6.461658542878015443e-03
8.542408947697378505e-03
-1.420537658657405541e-02
5.458858715501643637e-03
-1.661519206617511702e-03
5.332619234299109008e-03
7.015539772352259729e-03
-1.022970856724696349e-02
-1.586024754051083147e-02
1.405186877641157600e-02
-8.429323656151345781e-03
-9.165065515449011616e-03
8.182049822519439977e-03
-1.086129049820771120e-03
-2.730812877329001111e-03
-4.405726172141495069e-03
-9.770162742559703600e-03
-7.090350908088782593e-03
-1.115052909766688950e-02
-1.245822556998412572e-02
-1.316100564263928373e-02
-2.049266165658361269e-03
-1.204175424182942974e-02
-7.341016737603124100e-03
-9.674363886752123179e-03
2.272390524878516865e-02
-9.537549995850340759e-03
-7.004663122987888485e-03
2.037318437962654799e-02
1.741359247974069366e-02
-2.710807304503438930e-02
-1.312495690296448282e-02
-7.632411670364751093e-03
4.279435602410825053e-03
1.467729894484825701e-02
8.893122944610540662e-03
2.910207290693269527e-02
8.351260059082911413e-03
1.915127420776038467e-02
3.667601719658557247e-02
1.497758296476304173e-02
2.397513768672141637e-02
-1.202948323053717149e-02
-1.562449103410503727e-03
-1.168659597606696091e-02
-1.377764473411523423e-02
-9.649420336974259826e-03
-5.768399868479098976e-03
-1.617785686256585642e-02
2.658622175963459323e-03
2.691960098934700028e-03
6.446691581917991277e-03
1.680828243970131433e-02
-3.689969052087588124e-03
-5.069331143988358400e-03
-1.088395608439904003e-02
-9.686475296568294174e-03
3.204088038639137364e-03
4.369442224101480719e-03
1.799435278952720568e-02
-2.765570222077926715e-02
-9.200927255956543524e-03
-1.301060150226091700e-02
6.384051600263923598e-03
1.330418632424672232e-02
-1.285756983592567168e-02
-1.510475254330629659e-02
5.754245716337701676e-03
1.069379289492470783e-02
1.234967736459045015e-03
-3.654153478912027918e-03
-5.248593795196308288e-03
9.873637464508330450e-03
1.576594723543949320e-02
1.333389522499300352e-02
1.169194823937195170e-02
1.802540705321180325e-02
1.590090249576661674e-02
1.969218644798080391e-03
-3.325489755279467663e-02
-1.262012180932135276e-02
1.175243905312789959e-02
-1.066019452118436781e-02
-5.122138211002825493e-03
1.566471720633938122e-02
1.125048081785069015e-02
-1.357785923588183258e-02
-4.840673555367668718e-03
-3.553583333269143274e-02
-1.667607673120038644e-02
-2.422432396005721328e-02
-5.827952834939764681e-02
-2.836631295581856435e-02
-3.014196750786683494e-03
6.423356764692364843e-03
-1.411289202451635437e-02
1.273473810984707133e-02
2.872196970734996763e-03
2.473550799025018773e-02
-5.450825958973570112e-03
-1.479631596526565299e-02
2.228380407116905149e-03
-7.302233515320488526e-03
-1.471371377931927384e-02
-4.445932573508505105e-03
-1.067816427709307112e-02
-2.912842109465149740e-03
5.793203538231835210e-03
-2.533134301093095328e-02
-1.786070651884133151e-02
-1.567687599125234350e-03
-7.017074500241573740e-03
-9.092753070488584013e-03
1.718757509852848406e-02
-1.429288034545338204e-02
-6.731241905587399452e-06
-2.406101571466879793e-02
-3.916442895725296552e-02
1.667775843487328061e-02
6.186703786513375256e-03
-2.011325451206540452e-02
3.893201930587156245e-02
-1.321407148077097422e-02
1.929258985549013594e-02
7.123813512161185531e-03
1.080470360968041089e-02
3.025248844457499239e-02
1.070230020496020125e-02
2.156999697651864126e-02
1.365428424807005672e-02
1.915584871118248059e-02
2.924403204768334652e-02
1.628543425653013882e-02
5.165620691430485890e-03
-2.330501245205294017e-03
3.419277628179090856e-03
-1.080149737090218762e-02
-8.067843594365185431e-03
1.491085368150758990e-02
-1.432495845009236664e-02
-1.125551021201260868e-02
3.315221034654675862e-04
6.371385160877741927e-02
3.917788707716658887e-03
7.842039737878332695e-02
9.558208681423469022e-02
6.118717379243969468e-02
-6.753459703350723868e-03
5.423708094326776252e-02
-1.861992747108819068e-02
-1.255240371124942411e-02
4.860079831983870474e-03
5.500980469620674745e-03
1.038870221116088878e-02
2.070975637652567453e-02
2.453175465926547144e-02
3.204963243033921456e-03
7.993368370520803970e-03
8.831439895006388402e-03
-5.909936899362585455e-03
-1.288602318434367393e-02
4.959054492139496756e-03
-2.350128119132392692e-03
-1.676313913656759386e-02
6.871030323893518102e-03
-2.325417627887567222e-03
-1.894761158549180396e-02
-6.166384135993125196e-03
-7.542831921036851663e-03
-1.038796942302633135e-02
-7.486988243291898756e-03
6.092975446979623710e-04
8.657802887305575401e-03
-8.774513964397007842e-03
-1.587081257901845274e-02
-4.049308326011170911e-03
-1.664773927726755478e-03
9.391726451461485797e-03
2.392070463087474230e-03
9.318084114967739237e-03
-1.153148934916637704e-03
2.337497814886951505e-02
7.027424327322001098e-03
-2.867512310906929901e-02
-2.098997041895120028e-02
-1.319845993703185928e-02
4.568446035427159782e-03
2.886744278818624554e-03
7.779317320098700153e-03
4.267135235194730036e-03
-3.469183871298614128e-04
3.284752313065462167e-03
1.251683151056896814e-02
1.235020353157244635e-02
7.812497327346117071e-03
1.119645333233814516e-02
1.139063025441321500e-02
-2.854685081516374848e-03
7.412238797034804288e-03
1.318472116314944181e-02
6.918835914367931113e-03
-1.263271478794192500e-02
-6.763766257780914719e-03
5.948502591590650208e-03
1.283855037178631420e-02
3.319299058169750648e-03
-5.986676893992725138e-03
2.078507551660508518e-02
8.962602988775585783e-03
-8.825927273485497174e-03
5.112617450315553799e-03
5.950264898077561350e-03
1.053456030722879286e-02
3.619858181524948388e-03
5.400393628670729917e-03
6.201284549888822460e-03
-1.075904704845979248e-03
5.841308316857092130e-04
2.299214489911230019e-03
-5.087645492141496190e-04
-1.505746944676711286e-03
-6.412979469945663188e-03
1.788482035002701004e-02
8.197867522744052213e-03
1.484022894395755320e-02
4.547161066325550172e-03
1.891793369471709771e-02
1.394166006796301177e-02
-1.089365808846136895e-02
4.349872369854205709e-03
2.616306162958626728e-03
-3.032355985941502952e-03
-2.241104686316907485e-02
6.558390884269524670e-03
1.998827294189870277e-02
2.263161400167712847e-02
-1.167882998064299731e-02
-2.031187606051719496e-02
-3.032096261367827304e-03
-1.374934810725835768e-04
-5.840282346902980109e-04
-3.636024396073668074e-03
-1.121827328389184836e-02
4.210899462105266965e-03
1.947980034162955214e-03
-9.991659343003908220e-03
6.041009885491535093e-03
7.349629834434451107e-03
-4.055839453533617231e-04
8.287683406278197398e-03
1.351042947872098735e-02
7.491028832127542489e-03
-4.311375823738876692e-03
6.272279953366668992e-03
5.426892385276594483e-03
-8.991057398096313075e-03
-3.480882379371399125e-03
-3.148026235135159231e-04
-2.195682891251395184e-03
6.573724957492851906e-03
2.126999924096678758e-05
-8.965458801324176219e-03
-6.329135707923606510e-03
2.324126726870166630e-03
8.482328643019173414e-04
-7.339515916405519626e-03
-1.319877060312667303e-03
1.125756289687033585e-03
2.387870103117355853e-04
1.560845699155189240e-02
2.927298553651399085e-03
1.956736669390076074e-03
2.197019527300320737e-03
-2.975645241055529557e-03
-1.202254149288911134e-03
-3.265085798541643870e-03
-1.623930887794050723e-03
7.281534720856037285e-03
-3.328052316591492785e-03
-1.162962220786737354e-02
5.340181715488275666e-03
-6.894859631379734446e-04
-9.589588915406696210e-03
-1.595613769731993488e-03
-2.272685535017267451e-03
-2.245541036742899205e-02
-1.634172834986900164e-02
4.379852226884588750e-04
-1.725583053060419708e-03
-1.673341558332839402e-02
-9.538148591875180576e-03
2.582634396367959259e-02
2.140266041706272160e-02
2.032566403927798301e-03
2.650011504642771007e-03
5.575919007438575291e-03
5.585892932764533435e-03
-5.803072170676513986e-03
-2.724986039098374266e-03
-2.709227935599673072e-03
2.060224369579990999e-03
1.419311725727115912e-03
-7.580439884936894177e-03
-7.615469416730139690e-03
3.848741909279241886e-04
-4.278643002003711809e-03
-3.097644395369541885e-03
-3.252190261202291856e-03
-2.850677585373440071e-03
1.059495746230629254e-02
2.243863053910294218e-03
-8.866115502615252303e-03
-8.762863635911331481e-03
-1.868531368030583917e-04
-1.246736567855958027e-03
-8.675386693111231812e-03
-9.934458409573264370e-03
-1.275423757619105827e-02
7.433999891098144004e-04
-2.323334251843271053e-02
-1.300935569204176960e-02
-6.913482395928369391e-03
6.718943480464966214e-03
-1.329603636400056646e-02
-3.494392986556069114e-02
4.937699043693054637e-03
1.617373991160322641e-02
1.833155347063294971e-02
-1.838571100939880368e-03
1.972444734109987002e-04
-7.587899040950814354e-05
-1.143983292049508861e-02
-3.100430705589917596e-03
1.399175906994034810e-02
-1.313776464184570995e-03
2.082445390063182317e-03
1.093789964679492497e-03
2.087422721143544855e-03
-1.986455930207190607e-03
7.264207763115961870e-03
1.534158770478818426e-03
1.714442206636487831e-02
8.098379313034516011e-03
1.748811469967031726e-03
2.753732976014933165e-02
1.245315305808715294e-02
-3.046063972008804070e-03
1.490435354306332560e-02
-2.087121373766024149e-02
-4.801964997200728821e-03
-1.308826159665947911e-02
-6.066548141082249782e-03
4.092114902802628656e-02
-3.369312820414290931e-03
1.031619281042973207e-02
-4.778254834985129658e-03
6.087791674239948977e-03
2.783684501360599549e-03
3.307539643350697334e-03
1.374890489389759760e-03
4.259688205916080384e-03
7.230505543496979978e-03
-3.495850308301589118e-03
-1.178619615690928686e-03
-1.007571954577827231e-03
-8.912281912953856590e-04
6.699980571456883895e-03
-1.344546435409313433e-04
1.535093165892758259e-02
-1.248011284260707940e-02
1.507538262796822258e-02
1.747925032737668999e-02
-2.933353982159809734e-03
1.519849505158483126e-02
9.661218170608639258e-03
-5.075315600696443490e-03
-2.253110599830921573e-02
-2.575769987512047804e-02
-3.507183252263124801e-02
3.164446504494841661e-02
-1.330752204567399628e-02
1.971224896437968541e-02
2.866318274584026601e-03
-2.542128595868948029e-02
1.088115115193064204e-02
1.355600675541236179e-02
1.515737181890830856e-02
6.873425291906968063e-03
1.640197351907182743e-02
2.410746602860597623e-02
8.539793728670750858e-03
1.442052952268576931e-02
1.369247207315964568e-02
-1.739124402334936079e-02
-1.403098400839949099e-02
-8.339266596443973764e-03
-7.681609333614694730e-03
-4.336240274269488951e-03
2.344343093429355433e-03
-2.721357437618420545e-04
-5.035669722931151136e-03
-6.085613158528888067e-03
-1.881140971006877230e-02
-2.434170837165616427e-02
-6.345852844253071015e-03
-3.890646940266259592e-03
-4.176631550776495339e-02
-2.369887929384565869e-02
-3.648721453220549193e-02
-2.239431468631992994e-02
-2.743035751178578285e-02
-2.780107306443641057e-04
1.327396952843877022e-02
-5.761690588689936292e-04
-7.682002712141353974e-03
3.615952414884252702e-02
5.522316962716235927e-03
8.972911985440755337e-04
-8.038046702705123336e-03
-4.401729664278751855e-04
3.802246286407265537e-03
5.175735425502366732e-03
3.489623514746583756e-03
-1.024300983489615478e-02
-2.912403054634594632e-03
5.139798475895212236e-03
-4.381588198061324782e-03
-7.731956928501987000e-03
-1.169646578649968620e-02
1.143273705178766975e-02
7.269438483389267444e-03
-6.651688500784508698e-03
1.423654322902623628e-02
-1.460963532219563925e-02
-1.694595410074678510e-02
-9.204125071009421066e-03
-7.269993341372855966e-03
-1.348559624859984978e-03
-8.337810853069085176e-03
-9.546801476454324503e-03
6.701352539775168836e-03
-4.450035090394932613e-03
1.799073954253339750e-03
1.765421635428944189e-02
-3.186892513247611275e-03
2.756542111499902907e-03
6.905503853798477566e-03
-1.333988592841045887e-02
-6.389843369301683070e-03
2.338936324124057681e-03
-8.212429946615413048e-03
-1.040455364078355684e-02
-5.775219289026354771e-03
4.390622427317543604e-03
-4.775858139887523453e-03
-1.032958467817370052e-02
7.228316785483114570e-04
1.328405957077992113e-03
-9.617155900539870600e-03
-6.972124305367578996e-03
-1.095495256754581113e-02
-6.627936285286490682e-03
-2.596612327560547141e-03
3.944548245360632831e-03
-1.324023711327248750e-03
3.459748486107358523e-02
3.631564524914122211e-02
1.414043176263807960e-02
-2.280266419548680409e-02
-3.118660043429420659e-02
-2.782730203362900057e-02
-1.524098535987474445e-03
-8.552871793627460709e-03
-2.683144225374572457e-03
8.512718443179356775e-03
7.358179737482939582e-03
7.335655198131949169e-03
1.230801897002531398e-02
6.637947023921639787e-03
9.306722231201353113e-03
-1.890958667384804934e-02
-2.066197356746268116e-02
1.226059779464402574e-03
4.753994439378196254e-03
-1.823604331459227406e-03
-3.906681694241075607e-03
3.907224426941925330e-03
5.403576602797734467e-04
1.196810147881078798e-02
2.299125456219546296e-02
2.309999075687322462e-02
2.313048833398878915e-02
-3.874888239011208338e-03
-1.677322960414879410e-02
-1.206127185052971625e-02
-3.438316960596188060e-04
4.378050140124984183e-03
1.332694677680424690e-02
9.287413703911517188e-03
-6.219666365915930799e-04
-1.539056898388577350e-02
1.406359319163624495e-04
-6.344366563663373509e-03
-3.635000196524579372e-03
-8.822650330093829030e-04
-2.920210472980878328e-03
-6.546004028241074642e-03
-3.595814933265403563e-04
9.100578160354875872e-04
-2.146915353164557602e-03
9.640572287854776504e-03
6.568001120478408894e-03
-1.274998379618824500e-02
-9.683653488738792892e-03
-1.264026913521913882e-02
-6.015565091135762626e-03
-1.062343535569346652e-02
-7.409218124411478049e-03
2.674577502951837760e-03
3.349855681998612639e-03
2.322836628914144372e-02
-4.552208647991431642e-03
-1.774364359912852449e-02
-2.454742641175611251e-02
2.105028032124742210e-02
-4.622351376958650296e-03
-5.828209837614538487e-03
-2.857226871437910931e-02
1.697336134403244420e-02
1.286674492414265937e-02
4.088915143786718900e-03
8.731942258889744193e-03
-4.479323005322247316e-03
-9.308122843894574283e-03
-1.435926928702765948e-02
-1.774638556927572372e-02
-2.229294477746696784e-02
-1.301480753787244427e-02
-1.280116315019868070e-02
-6.323870100924355343e-03
-4.597467195851251930e-03
-7.076064788596558679e-03
4.756923422079827393e-03
9.847200402295716234e-03
1.389890891716554291e-02
1.797832265317927947e-02
-1.389611788217056006e-02
-1.506271200967796396e-02
6.367950337593596133e-03
-1.449156698774318845e-02
-2.368291322938520863e-02
-1.548407035461627466e-02
-3.610890485168324199e-02
-3.649714178241537238e-02
-1.944080498718928074e-02
-1.725629850654108143e-03
-3.647722334132541024e-03
-1.718955993445516611e-02
-5.503270900873089011e-03
4.645877027915346763e-03
-5.276499968019066414e-03
1.536211514639128188e-03
1.717205699356371199e-02
-5.825373134568928059e-03
1.793254892441775369e-02
1.132572052535802364e-02
-4.166182654784740362e-03
-1.645803513488779471e-02
-2.072069475471006311e-02
-2.540121892488666003e-02
4.247258918947314468e-04
8.535651730454561423e-04
-1.689031531494237636e-03
-3.261410255121090229e-03
8.515684413227777444e-03
8.302581814700098900e-03
3.127372639418830175e-02
1.957200740953355528e-02
4.571633609939272126e-03
-1.149498481465821738e-02
-3.576406200459521234e-02
-1.383110620401562137e-02
-6.334520947112106358e-03
-8.500979300925609605e-03
-1.666288087437757873e-02
4.250493047259959120e-03
6.394288914015823673e-03
7.403489237300071380e-04
-7.984171710799852981e-03
-1.506000589461183601e-03
-4.471987244445981870e-03
7.342934723144217864e-03
1.133361600292090779e-02
7.998727552738190902e-03
1.403682265584258251e-02
4.529474262060696407e-03
-7.621586826042909928e-03
-4.341463992821583025e-03
-8.190716981132422497e-03
-1.158705632249778031e-02
8.465099165021930383e-03
-8.961183977795852268e-03
-1.470813318218874670e-02
2.141817465486498678e-02
3.845657452975023965e-03
1.680552359317180958e-02
6.666649675367774044e-03
-1.153121715758717407e-02
1.970655326226786392e-04
2.441315818241861311e-03
1.576183203487886014e-02
-2.002978772037112502e-03
1.613400479053006889e-02
-2.729046344723939574e-02
8.781744001035369021e-03
2.053935504610831034e-02
-1.910387129434659020e-02
-1.636997130633855357e-03
1.778885488065862696e-03
2.329194797716798229e-02
5.646645691744504175e-03
8.349235719469290558e-04
1.756537206658231529e-02
-2.778672128243129917e-03
-7.063813428449421724e-04
1.227583121809710728e-02
-1.985616010756556526e-02
2.675058938432988212e-02
-2.771753341553244085e-03
-1.153998663195855874e-02
5.098226009410158389e-03
-5.754910921112246606e-03
-1.244125944813465924e-02
2.114221348922309398e-04
-5.084211385374288843e-03
-1.734653131737875663e-03
-1.376995844394548855e-02
9.282652724859700652e-03
-9.897602212401101184e-04
-7.115150254062204208e-03
-1.533410412102740195e-03
1.479725699132830585e-02
-1.262448481779592478e-02
-1.587215588574306460e-02
2.523141035383764941e-02
-7.354536552207521956e-03
5.479708598802444930e-03
-1.152178110571856415e-02
-7.950542003188261833e-03
-1.640299710423696227e-03
-6.571274424319002889e-03
-3.634188954980323988e-03
-8.671935381007868024e-03
-7.169563694488790585e-03
-5.358131001576484087e-03
2.493984647923916387e-02
3.782865469094847874e-03
-1.026793924239808621e-02
6.158788596202617767e-03
1.415331051946380411e-02
-1.452402735476855840e-02
-2.033110184941101101e-02
2.570946630738595029e-02
-4.109763322030326321e-02
3.402923201228518629e-02
-3.040700193715720895e-02
-2.024290933055893776e-02
-6.908345880339444335e-03
2.088581805155725543e-02
3.744463507882862113e-02
-3.773528396791293871e-02
4.742201117606794497e-02
1.688767471395911544e-03
8.138878247910251787e-03
1.387896179999217362e-03
9.684846596418956316e-03
1.053304660817655584e-04
-5.747271463441910259e-04
1.062747810058177651e-02
2.501717138712571033e-03
1.141476578109093878e-02
-6.241095859172010119e-04
1.289336395719393319e-03
8.386877494603145813e-03
-1.177096350349142364e-03
-3.740827351613116615e-03
1.093452191878484595e-02
6.623303339603723271e-03
2.604327776784802744e-03
2.602491283847128273e-03
2.007838649499243250e-04
-5.837220294111126681e-03
2.283669376954628859e-03
-5.874714175359987446e-03
5.777671617374274815e-03
-3.844456462554846424e-03
2.207853331972587513e-03
2.076508408248461598e-02
-2.320265920208666385e-02
-1.759490864299165930e-02
1.554174828648623337e-02
1.404196426340242020e-02
-3.112960071727682507e-03
-1.233603611400460771e-02
4.419816425924458919e-02
4.787235860602661978e-04
-2.170417956086792208e-02
3.160914520071820416e-02
7.373494208049420108e-03
-3.409152967380266967e-03
8.116332582835096782e-04
2.105379653996188385e-02
-1.020274873045308103e-02
-1.192663035347754944e-03
2.708874846464075573e-02
3.234322254125044770e-03
1.652401688639474177e-03
7.623523111288539253e-03
-2.183983527483524326e-02
-1.317240192947049214e-02
9.538704803181644737e-03
-1.837428639841434327e-02
-1.805261240302760695e-02
1.244276620100967859e-02
8.296658963801240363e-03
-5.225583169223555965e-03
8.829498955682496542e-03
-6.370274741716668541e-04
1.323325709810190161e-02
3.779425161925724884e-03
-1.652604711840354942e-02
-5.948206502413578558e-04
1.134618809635572559e-02
-1.780316663521052528e-02
-8.418273390632804304e-03
2.255021890243020209e-03
1.309882328302876958e-02
5.593802305077564922e-03
3.024528927722648121e-03
8.511642195459717675e-03
4.819136629142446379e-03
-7.039424748527267801e-03
-1.195378029471553865e-03
-5.678126180774527645e-03
-2.227285030862538942e-03
9.328403335949919661e-03
1.573911439381038904e-02
3.596766697377318158e-03
-6.440648016774409325e-03
2.154440339514859890e-03
1.003071243521884426e-02
-3.299912605389633286e-03
-1.743549937152648679e-02
-8.921332985832818724e-03
-2.226920938313364795e-02
-3.004579301421623008e-02
-2.029852126037754931e-02
-2.016734434676070720e-02
-3.729839792935462067e-03
7.563283410978451429e-03
8.624758791169537600e-03
-4.424272023961286007e-03
6.826633584663312042e-03
1.810673308696310324e-03
5.855734937553895222e-03
1.064377572636857408e-02
1.062132272464881046e-02
1.200527278488954137e-02
1.335247925794447350e-02
1.414154108256959926e-02
1.872097021399822189e-02
-2.743736467684821517e-02
2.471602432730848485e-04
1.669722403114028142e-02
-2.670498676932007986e-02
-1.525670137232121998e-02
-5.829679435008726894e-03
-1.433839403863136630e-02
-1.108689123885391557e-02
-6.805610018202566322e-03
7.454987632741112702e-03
4.990978780517224718e-03
1.185137822908134166e-02
-1.329930253343187749e-02
1.078439870379353099e-02
1.274059846706567661e-02
1.066853326628758661e-02
-1.956971835366851445e-02
-1.782719665305282017e-02
9.627399226373537997e-03
1.105384301210383729e-03
-1.350927826647293399e-03
8.296020325438161966e-03
-2.459271316891849420e-03
7.149175884591462381e-03
2.348471455888994502e-02
6.513190019696571929e-03
5.740401606334251047e-03
-1.987425832070485125e-03
6.738965071426054713e-03
-3.193691570778342363e-03
-1.339760940527097433e-02
-8.171675279824991076e-03
4.300013622203583026e-03
-1.043761552502364860e-02
2.630162195087390378e-03
1.924785903334889914e-02
3.252831276109228315e-02
1.358404061236957554e-02
-1.651276302997254503e-02
-2.394629726738730507e-02
-8.558333467731018412e-03
1.550087769539008160e-03
-6.829352883231561144e-03
1.447625759761586584e-02
6.664292194727995493e-03
2.675356006812040343e-03
1.814804337040070272e-03
-1.149469806174249417e-02
-3.559201877126647148e-04
-1.133657057688225661e-03
-9.748817593233958384e-03
-9.706227617722336387e-03
-4.501376202586266848e-03
2.826407514023636987e-03
-3.593195463682366574e-04
2.998800721330513799e-03
3.794551074885371082e-03
9.194944486878733544e-03
8.668705873156483388e-03
4.582870399340373984e-04
9.687077253745571964e-03
2.213416928370016620e-02
7.981820321941944171e-03
1.238848254734793231e-03
2.801749802894620486e-02
2.924881834531236485e-02
5.083390856485160703e-02
7.300345679501394139e-03
-2.027379574101382045e-02
7.103638887856675126e-03
2.094911490259197036e-03
1.414418183659930245e-02
-9.379309238024416753e-03
-1.068944702107933742e-02
-6.436488358287103737e-03
-2.771297501396854240e-02
-2.847513580503285499e-03
1.305302679207377692e-02
3.471324665211436306e-03
-4.111712226320321864e-03
-1.080250952986088267e-02
-2.784583771564286617e-03
2.931272007228226655e-03
-1.292543297859296419e-03
-5.433741878538258380e-03
3.300692023376432336e-03
-5.227374297008831501e-03
2.025077861245247121e-03
1.251394454527181288e-02
1.086022978281175107e-03
-3.338633367685974688e-03
-1.740309080245721132e-02
-7.744035678419731658e-03
-1.294478695563007833e-02
5.533821747358926881e-03
1.400329026322239510e-02
-3.023552233850885021e-02
-9.029232650965703100e-03
2.114928669503058842e-02
-5.188408859998895704e-04
2.803679888953279371e-03
-4.545587548332389281e-03
-1.036403379583586762e-02
-2.000324276806593211e-03
-6.393160026441926068e-03
-6.665107400394228165e-03
5.873522356012901829e-04
-1.485094141633997670e-04
1.707505339853030227e-02
-4.174056435810079638e-03
5.883043385591617139e-04
-4.265884607534642554e-03
-8.699263465774264041e-04
-9.443521564380552569e-03
-1.607685214242559474e-02
-5.129205866982276298e-03
-1.423111764418923120e-02
1.024511973803934883e-02
3.130509432163097738e-02
3.836317658629913741e-03
1.489110624941140590e-02
2.245277803773216771e-02
1.781148110382088992e-02
3.827893281626756905e-02
1.056072440982058595e-02
4.374017661981529498e-03
1.213977844509177978e-02
3.412679874146034437e-02
1.138815980933216869e-03
-2.420825827506839154e-02
1.430208592505651834e-02
2.833097951075180115e-02
2.077221114476266936e-02
-1.126874753876158826e-02
2.418344141116404375e-03
1.958495085056877541e-02
2.059703823113467544e-03
-6.551573192455091565e-03
-6.411270093562375079e-05
-8.687479231246830400e-03
-1.857088625411898800e-02
-1.625762955966543813e-02
2.698039206972364869e-04
-1.384214484432154391e-02
-4.032252040179127445e-03
5.440160687475178655e-03
-1.545734617210831226e-02
-7.188936094600884355e-03
9.198672622367794205e-03
1.304725918601339595e-02
-6.792827710883339587e-03
-3.401349445534809258e-03
1.821693130673452191e-02
7.381742688895478154e-03
5.767512440541045296e-03
8.597461570150075408e-03
6.680414749484709508e-03
3.721131862296243875e-02
5.763301040822400335e-03
-4.070737811161632275e-02
-8.809606317385644883e-03
1.394025191260283257e-02
1.567216594519530576e-02
2.916647592126234839e-03
-3.595489959410644136e-03
6.264379079618230886e-03
1.113781658338658560e-02
1.622916326006050916e-02
4.600277592149897531e-03
-3.465226314396452519e-03
1.014557112512782210e-02
-7.457513177382081061e-03
-4.180360233830517774e-02
-7.311084039666133037e-03
-1.260760840686135642e-02
-1.194197201871633092e-02
6.840065466713591592e-03
8.064592774616877787e-04
-5.443520727482118252e-03
-4.978136518658277977e-03
-6.009143646640790169e-03
-3.012027399597465294e-02
-3.108050152801151642e-02
-2.866378455844210971e-02
1.431119724435124876e-02
1.188303941656008306e-02
-3.791093052128248920e-03
3.908622760766827624e-03
1.667584051757439040e-02
-3.995992915772248605e-02
-2.921777836318581803e-02
-7.467652193195185514e-03
-2.178688047479396608e-02
-1.930784965356474939e-02
-5.018059977998907614e-03
-5.983357806725257688e-03
-3.427838178685660778e-03
4.897292403065364209e-03
2.648117485750790356e-04
-5.102774914368765624e-03
-3.426532655289986264e-03
-1.992638343068860781e-03
-7.974788260196964684e-03
1.118154951372052645e-03
5.772390624765215764e-03
-2.224388903587135990e-03
1.585202160016532542e-03
9.388714444841768716e-03
8.213350048979085882e-03
7.762291365203351223e-03
-9.946896862241632470e-03
2.660684726000022565e-02
8.082650469930919082e-03
-9.254700750481839253e-03
3.029643551754458361e-02
-8.580461369820740168e-04
1.372609208790261624e-02
-1.109370959465758510e-03
9.252036417021278561e-03
-3.044721225149884646e-03
6.983713005239695730e-03
2.066721361935410298e-02
-1.528027386917909722e-02
-1.274391623255890539e-02
6.883209789694866299e-03
7.182452298896534020e-03
1.220323445443771172e-02
9.859011894908997157e-04
1.171881410889345602e-02
7.244889901834187206e-03
8.387859859088570361e-03
2.624922885410748558e-02
6.136827620895832225e-03
1.302826283900979445e-02
2.456056554254961669e-03
5.818522156354048042e-02
-7.467718801531698578e-03
-6.636879891309347551e-03
3.619892799918030674e-02
-4.645479411589071086e-03
-5.460053617745278844e-03
4.082623367672172376e-02
1.148509141575907756e-02
-3.122387597235791110e-03
-3.523217986156890885e-03
-7.609873612179505510e-03
-4.832670221975148830e-04
9.329576408552903762e-04
-2.637693806941636757e-03
2.519162519264003027e-03
-2.863810879756692246e-04
-7.362097962321440155e-03
2.081012092891942108e-03
9.055836303266392518e-04
9.923402349102182496e-03
2.162965763143101863e-02
8.012474555856205147e-03
1.946273331732038207e-03
1.424659767503842940e-02
2.053130456725015679e-02
7.239836432513926945e-03
