3.058205661056705073e-03
2.280458008473821782e-02
7.676693814786134107e-02
6.089948988042977879e-02
-6.652361016120081350e-02
5.115264170671535160e-02
5.346729430088428825e-02
-4.138218733198998495e-02
4.057841543384112237e-02
2.667071358161399869e-02
2.196607826805902983e-02
-1.976930787835249476e-02
-1.453736867422110793e-02
-1.783087278178437790e-02
-6.490030747400299393e-02
-2.337212859748736063e-02
-3.408255212237818604e-02
-5.745793058068952852e-02
-1.832565012034785210e-02
-4.727669365809494817e-02
-2.499107135747055675e-02
-6.991809747637954021e-03
-4.107995446692636055e-02
-3.632596905269917797e-02
4.262760707270385474e-03
4.151851382395765899e-03
-1.318344605652177481e-02
4.601803625341859688e-02
1.775393519101354026e-02
5.061211831562902747e-02
1.312211436449271969e-02
-9.476812124139909546e-03
4.889771194183308717e-02
7.200142802296926464e-03
-3.171430337119823806e-02
1.834936460347997471e-03
1.813214158667235659e-03
-3.042428327266299797e-03
1.817269428894468727e-02
-3.176239041332150348e-03
2.037926945007522989e-03
8.938458567043106734e-03
-8.303503735266866762e-03
-1.367958006527445272e-02
-1.688249185728928417e-02
-5.909196367679883308e-03
2.074078083843152592e-02
1.975948983363621722e-02
2.629493689703552364e-02
2.724860897498736223e-02
8.155939305606828543e-04
1.426099567547757345e-02
4.743322070371396026e-02
-1.079437430414229189e-02
1.409146988515698820e-02
-1.991955945110355022e-02
-1.993732051335391983e-02
-2.263058189351585189e-02
-3.158387161818857619e-02
-5.420155187161475319e-02
-2.003702599193949233e-02
-2.680202346769668467e-02
-5.270901207113910802e-02
-3.220925745412724084e-02
-2.308098032866062396e-02
-3.886112316686723273e-02
-3.292972127980840075e-02
-5.256488228050336386e-02
-3.242062974341963777e-02
-1.347225333574809600e-02
-2.043550908803164201e-02
6.181047365324194784e-03
6.558226478020490191e-02
3.445972459842835262e-02
-3.109882779442742565e-02
6.847493781613231412e-02
9.673859038097740171e-02
2.735684638612736336e-02
-3.468816773877290809e-03
5.888315383150951460e-02
7.015250032495481958e-02
-6.613517774173688357e-02
1.284128223813967885e-02
5.606895040371902977e-02
-1.081985902530707699e-01
-4.900395416756610223e-02
1.579563277028957560e-02
-7.258055224376941394e-02
-5.427930891353488496e-02
-2.374461140979905720e-03
-2.268370370497669111e-02
-6.282042798340432832e-02
-4.925365972494386707e-02
5.223602179395079453e-02
-6.429635870368007218e-03
-1.812960429206516427e-02
2.330354898928274285e-02
-2.177901566426806296e-02
-4.684032369569441495e-02
-1.151552484805001275e-01
-6.298014131776329128e-02
1.256147425107467450e-02
-5.114625655453755582e-02
-6.930535689641137420e-02
-4.686554993695703913e-02
-1.302004344550517639e-02
-4.655838918748835681e-02
-8.533160333962934441e-02
-4.462219937309741882e-03
2.110641183755286240e-02
3.175805982706874503e-02
2.845631789516405580e-02
6.894904584424889869e-03
-3.889059616306298622e-02
1.350127294422356732e-02
8.141824207165641869e-02
2.048588542377489247e-02
4.829403562329894622e-02
-1.414848216844257454e-02
-3.826995168684321075e-02
3.776047662216718698e-02
5.012680483445643848e-02
1.635852096026212121e-02
-4.195894471519950181e-02
-4.071305761487874209e-02
-7.488099892223423412e-03
-2.104428444658173677e-02
8.801527092385498519e-03
3.633975720899383643e-02
-2.646922011474460434e-02
-3.070046834953171593e-03
-7.956602399434685099e-03
-2.082853616240512226e-02
-1.975441245004450411e-02
-1.831153362471800439e-02
3.779070479883386152e-02
-2.770111646641493924e-02
-1.133177777295005517e-01
-1.264400618524155230e-02
-8.207351656741728591e-03
-1.722843646818628810e-02
-6.603133169455636942e-02
-6.254054315096300998e-02
-4.693592632977886675e-02
-1.610787931781640717e-02
-6.252122268932633342e-02
6.465219490305541827e-02
6.054620267283120083e-02
-1.431799950891349260e-01
-2.815028054295419524e-02
-1.981074218840729974e-04
-6.392394763348779874e-02
-1.093849118835041323e-02
-4.114084871828333628e-02
1.236592773720881014e-02
4.601407686655452356e-02
-4.596056851008541860e-02
9.512031288030093484e-03
1.747684637530060384e-02
-1.593786038577971534e-02
1.215786924337024580e-02
5.209941213118935745e-03
-2.709162288704930130e-02
3.221954539560868171e-03
4.694481693163542191e-02
-7.627151138232630620e-03
-8.353678787368167642e-04
7.899855376899703185e-03
-3.105475300630425317e-02
5.635199750946665552e-03
-2.519158011890543572e-02
1.931392587045334397e-02
-2.448411149636362319e-02
4.432506208314168639e-02
4.754876320582433757e-02
-1.990914462157130499e-02
6.419452122049756904e-02
-2.540243674076414493e-02
-5.630430350723897304e-02
-3.261197416245576602e-02
-1.492037535622001664e-02
-1.959952486567747426e-02
-1.537593276722173420e-02
-1.471155052282304559e-02
-1.314524353941298219e-02
-1.821799139727969113e-02
-3.232760886007820383e-02
-2.047769667340352054e-02
-2.161664502504354393e-02
4.013800023503541654e-03
-3.248614647966908270e-02
-3.706155913759779513e-02
3.285770672385802949e-02
-2.427606139091740764e-02
-2.606013463480037415e-02
1.151226561359238246e-02
-2.095952593007957554e-02
9.635899682031797212e-03
6.244528077585463285e-03
1.029623512629172094e-02
-1.193789743487975834e-03
-1.102934167171444428e-02
1.770738396312881990e-02
-2.100218090518747235e-02
-2.908917112954643655e-02
-9.608933397304925128e-03
-3.489929941873901043e-02
-8.479067877069040512e-03
-6.096080795237239155e-03
-2.979480269416324989e-02
2.481393110021099316e-02
3.548580562605806871e-02
3.216778302309046544e-02
8.007147109272876040e-02
1.034635157639637038e-01
8.028082139898946867e-02
-1.563637796963782134e-02
-5.456328907963854669e-02
-9.345984858942765761e-03
4.154018772291549061e-02
-1.983051003415473371e-02
3.727465006767643856e-03
-2.205783252077608142e-02
-1.499169167048069497e-02
-2.356288027318415544e-03
1.772751550560178538e-02
-3.345798607224752946e-02
-4.295770020445105475e-02
7.477595689337671221e-03
-4.288430177137453336e-02
-4.582807025786655997e-02
-5.494108789105355689e-02
-4.792635470411409082e-02
-4.830419785417438411e-02
-3.126768695361174799e-02
-1.068311377325645711e-01
-1.131206284919109295e-01
-2.045678560961273953e-03
4.934546697190528124e-03
3.836711054807476207e-02
2.636997488557886828e-04
2.819488701762560764e-02
1.920207564600795794e-02
9.776567629230232051e-03
1.563901432151975496e-02
2.567056091720724270e-02
3.535348293090771060e-03
2.440114730015185973e-02
1.249720308165697992e-02
5.824015033062300561e-02
3.592642211193981805e-02
2.568417887301918667e-02
8.455015360342585384e-03
7.312355145086980868e-02
1.552480516131092038e-02
6.560394489512266780e-02
1.739864438926102402e-02
-2.263303896442664734e-02
-7.509816103531059828e-02
-4.290338835982884097e-02
-4.800891445998032442e-02
5.799899843061560173e-02
2.648143564895079002e-02
9.020817217825241553e-04
2.303931636787534890e-02
8.439950406849989345e-03
4.604955976620180220e-04
7.581194132392610197e-02
5.945955534833254064e-02
1.637709218775256631e-02
3.048722074331364218e-02
-1.587724166845085744e-02
-3.095509231428750924e-02
6.008967340665846008e-02
4.380727059011255142e-02
-2.063152540903073762e-02
1.042666983399208325e-02
-1.836662172633244869e-02
-3.710641007398916835e-02
-4.009152734306577204e-02
-1.749964842239579155e-02
-2.608651013703734006e-02
5.601955353715500074e-02
9.855006886939186514e-03
1.625386670410752452e-02
2.848031165412300003e-02
-1.039922601007205009e-02
3.320308080380879583e-03
-7.581730053550977955e-02
-5.343389818004463249e-02
-1.852712073300803036e-02
-3.810222547810532961e-02
3.097436970381168501e-03
2.534330220538389550e-02
-4.761877585566582499e-02
4.327500066348122926e-02
-3.820799432897792336e-02
-1.525784501458546556e-02
-5.072894230653946131e-03
-1.659345985416312008e-02
-3.386015217006055344e-02
-1.675199170878147181e-02
-1.985723068268064814e-02
-2.937213394861288782e-02
1.497452399721093189e-02
6.524541749398008079e-03
2.591553953640541100e-02
1.967153468420579712e-02
-7.091657592700397351e-04
2.790864359167753370e-02
1.636544311732938961e-02
-2.548829356180499356e-02
5.140928387627509422e-02
1.872868733831770799e-02
-8.751844489313783879e-03
-3.678021382727167388e-02
-2.151149101297455003e-03
1.636562986916864984e-02
-4.736386949358031145e-02
-2.934383015660654240e-03
-5.775756620423518062e-03
-2.823758682957288810e-02
3.870729285860845248e-02
2.234763904829619591e-02
-7.349905030977380710e-03
-8.030313910563207161e-03
1.099775642310656977e-02
-5.050673797324008348e-03
-1.979386373792746054e-02
1.127282802442945275e-03
2.599916476636535134e-02
-4.100039823599373363e-03
9.363987982793616285e-03
4.336273047450198148e-02
1.094257884346024751e-02
-7.201241328317781534e-03
1.068920279061588985e-01
7.077604351820794559e-02
3.293059192058075263e-03
1.018977821999137306e-01
7.426419833135022852e-02
2.800563180660234699e-02
3.038443318169175081e-02
1.740081643101476158e-02
6.687026407963993745e-03
1.153619167122162809e-02
-9.161696806743621982e-03
-1.052955042496196703e-02
-6.726242314507579166e-03
-6.146650392501687432e-03
-1.852022873226861696e-02
2.051649767030081298e-02
1.783511806167662958e-02
2.580961890841963410e-02
3.399136546410725518e-02
2.077306500192493272e-02
5.298773021873395134e-02
1.234905643748077098e-02
-2.851413792779903915e-03
2.554577419416872303e-02
1.421368248624590991e-02
2.059021581417296715e-02
5.302418576151911485e-03
-2.376892282965779868e-02
-1.451348649811193096e-02
-2.578149790884960019e-02
-4.760841541793997544e-02
-3.125094455845555536e-02
-2.587996562067768416e-02
-1.197724540371859075e-02
4.429795860930837298e-02
4.610537986411548245e-02
-7.156658451072007987e-02
2.689031814730487996e-02
6.543832620483350758e-03
-7.212064026338346756e-02
-8.845006601185444184e-03
-2.990957670638784080e-02
-3.628739354077201856e-02
-8.645715992672994843e-02
-4.075058036660273580e-02
-6.436199286760393989e-02
-1.223014566830814692e-01
-1.074701469302664497e-01
-4.319380914653612319e-02
-1.407684815980756454e-01
-1.077769874610796513e-01
-5.506451889501030178e-02
-3.840973514801751532e-02
-3.409901503138232370e-02
-6.633280152485021564e-02
-4.261255295548917882e-02
-2.735832617530184821e-02
-6.351214925746941076e-02
-3.923887240051116693e-02
-2.532351508912849755e-02
3.961536212876227807e-03
8.801355503434504443e-03
-5.153038221557900561e-02
1.979013134074418534e-02
-4.093367041803431909e-03
-4.269712580255575346e-02
3.922337529735486078e-02
1.248784736887817264e-02
-5.165809935681859449e-02
4.943688749844483976e-02
5.545126281700804571e-02
6.773500098398051172e-02
-1.711101057150443477e-03
1.457251789663207425e-02
-2.068909464400762489e-03
-4.972888686719087459e-02
-7.748856122228096888e-02
-4.500877702337080337e-03
5.940159609720017074e-03
-3.504255725248858755e-03
2.823660555754114315e-02
-4.687915674452650810e-02
-3.751613287635183203e-02
6.095798790531280556e-03
-3.932398966548372732e-02
-5.374424938147576852e-02
-2.794798421941412439e-02
-3.935146330267101644e-02
-5.688038027711127959e-02
-7.984816081285146805e-02
-8.611949544393109057e-02
-1.387254692685865320e-01
-1.535001529601751347e-01
-1.029970312416317035e-01
-1.131175687425897691e-01
-1.014733605994194848e-01
-1.226609677116657637e-01
1.317486099710860614e-01
-7.028155176309398844e-02
-1.370778377803814341e-01
9.043091316123140488e-02
-7.850738388986093497e-02
-1.600529562565287389e-01
4.733612353279140900e-02
1.296572231354629345e-01
-2.574870087838531871e-02
-1.034805912770576930e-01
-3.978675165193697183e-02
2.713013054752388617e-02
-1.677279548927728126e-01
-7.279809212087257064e-02
-7.209281250492238780e-02
-2.485594545233821007e-01
-9.267404783494527509e-02
-1.856033232815955392e-02
-6.931144413552130235e-02
-1.854523152336836622e-01
-1.484984018794334726e-01
-1.213426045063358411e-01
-1.394584176820615196e-01
-1.201062593721683031e-01
-3.467180731264072474e-02
5.911338849853720046e-02
-4.208657242363623291e-02
1.899758661124931539e-02
-4.806409004755980013e-02
-4.210075173539762350e-02
1.543575712450253462e-02
3.421745024870559426e-02
-7.072315847840268677e-02
-4.344969163690938149e-03
8.636825805323609939e-02
2.075204120142295355e-02
6.797913393850370245e-02
-9.546454677260644492e-03
5.447788011023927540e-02
1.126475130861011170e-01
4.188363240304622190e-03
-3.165169307799304502e-03
2.854987485853960685e-02
6.922571024105705038e-03
-1.082807263419459792e-01
-2.087905668574482065e-01
-3.438344878182060249e-01
-2.466234625616437470e-01
-2.041299406457618981e-01
-3.638332876382938813e-02
-4.847268265272896420e-02
-1.803072432638229139e-01
-4.017658862925588964e-02
1.354361395433016091e-01
1.540754438241151991e-01
1.425040170394320238e-01
1.208638382601310152e-01
1.410417893039873916e-01
1.073098101366865842e-01
9.573622108807712527e-02
8.786150506109234593e-02
4.619067265405500666e-02
3.754972998127995010e-02
-9.887154920687768467e-02
-1.574966112934952367e-01
-6.868637334948908546e-02
-2.030322996807421565e-01
-9.209839373498307502e-02
-1.696725907187062177e-01
-1.679882442267541520e-01
-1.939824853591340034e-02
4.588793104470493406e-02
4.387158878440036713e-02
9.138994080852887170e-02
1.107891082417170325e-01
4.920661680827346368e-02
-4.720644739958067271e-02
1.827726005242447660e-01
8.716013854582504994e-02
-9.606541473889254612e-02
3.014720385517321872e-03
-2.161763464700851983e-02
-3.520436279423584669e-02
1.304000827946214525e-01
-4.041561224028893118e-02
-1.713849324284791587e-01
1.837493831358347554e-02
-1.490584022787866114e-01
-1.324323448204239861e-01
-8.897650383988754859e-04
1.915443965051292011e-02
1.872452681154016321e-02
2.390194578250196336e-02
-3.185464997099064777e-02
3.047620671799514125e-02
1.609509966397833780e-01
1.590217017259799304e-01
-2.739461462160710029e-02
3.020006900177869477e-02
-7.998341844622247968e-03
-9.949423838768499395e-02
1.915110929683056700e-03
-2.316753271015746865e-02
-2.084520414673592115e-02
4.740801686152353034e-02
4.016870791703482102e-02
1.302333821097752808e-01
-2.366853419380816337e-01
-8.975067738965172848e-02
1.526174419778326130e-01
-3.435869825776662889e-01
-1.172573533509477794e-01
1.242092654918488803e-01
-2.455403967610249316e-01
-2.520885392095719921e-02
-1.740758218632512677e-02
-2.730933628214771702e-01
-2.065404755602980869e-01
-5.899378908628898077e-02
-1.559204753386695674e-01
1.097586973315476180e-02
2.988918450895119289e-02
2.841312659079452130e-02
3.260174849808624153e-01
7.827074058617529417e-02
-8.021644456529677947e-02
-5.241275842172051641e-02
-5.326189997203036042e-02
-6.732795375066792654e-02
-1.360670248205641392e-02
-7.733879055730144558e-02
-5.477594676480998515e-02
-9.557463533848510606e-02
-1.104733346443215747e-01
2.493435672190930652e-01
8.431254987027389514e-03
2.300500859512806182e-02
2.775968290458695475e-02
-9.255036010855076378e-02
9.506752863904260886e-03
-7.439229193483737346e-02
-1.894006857378209216e-02
-2.529804276534446117e-02
7.922555181941324381e-03
-1.844997723257347719e-02
1.521321542243137155e-02
1.046648010470725282e-01
4.931075314932245601e-02
3.342691564225427903e-02
7.787670991345355120e-02
1.593035849079105226e-02
1.831898778331450886e-02
-2.360809604013204901e-02
-2.308964935557088552e-02
2.461163947328755611e-02
-1.911454069862959446e-02
-2.240597824335214660e-03
1.831484385142711016e-02
3.074377639738863546e-03
7.376155577101867937e-04
-7.186596048094846638e-03
1.056495870478119277e-02
2.568639950566620894e-02
5.433914509948870042e-02
-1.221850241697745171e-02
2.371798194180882793e-02
3.352206523088942930e-02
2.625266621340137992e-03
2.514630572911085230e-02
1.617728414075015816e-02
-2.600071396613947219e-02
-2.177191308594684030e-02
2.339230930473789466e-03
-1.287588967058535261e-02
-2.727473531987604713e-02
3.463812433817568120e-02
1.453584063043121891e-02
-2.368824388222990490e-02
1.456104770062236452e-02
3.881797096221212620e-03
8.851483278621108224e-04
4.471696695050534319e-03
1.164831957475787223e-02
1.381060699065620248e-02
2.380014985165943790e-03
1.580598308960665804e-02
1.421561294554578823e-02
4.362421686583159257e-03
-2.410978000518847891e-02
-2.435209305486412887e-02
-4.273633389947625177e-02
-3.020511556554042118e-02
-3.089709672702015478e-02
-2.115467482748850311e-02
-2.666127334810515156e-02
-3.268372166288890934e-02
-4.672413542771203243e-02
8.178510720954870403e-03
-2.153346942276681154e-03
3.927863475561608835e-04
5.227557992784316425e-03
1.414061768261882027e-02
9.977602315392707089e-03
-7.035128206561360332e-04
1.228225756178690301e-02
-1.703874538154467790e-03
-2.374385616126368018e-02
1.722641399402220427e-02
-1.256575519341457002e-03
-3.218228609604408680e-02
1.337859694119294257e-02
7.942349389668082113e-03
-3.243090418166504757e-02
1.166042334215976022e-02
9.587208276354253558e-03
1.590981195738034107e-02
-7.988044756368654908e-03
-9.722440699849748194e-03
1.060918547152893757e-02
-1.525062966023689286e-02
-2.319379674353935078e-02
1.319886439406612157e-03
-1.035213056244010249e-02
-6.649608635777451947e-03
4.902360798606120867e-02
1.833108679668363564e-02
-2.500456820412481906e-02
3.873415934553543077e-02
1.654399913495976926e-02
-3.015862112516710589e-02
4.889615395249661059e-03
-2.682197550210167238e-03
-3.239192150921877539e-02
4.840038162717476278e-02
-3.736376582440611386e-03
-4.703583358549080773e-02
6.219260913101910815e-03
-2.801046229845617630e-02
-2.159611687794364687e-02
8.636824833668184376e-03
2.715320084943396300e-02
2.429966399693123114e-02
-4.926670307412554795e-03
1.004738913926388026e-02
2.736670446059608769e-02
6.706547686120109715e-03
3.143687752975227873e-02
3.357413615168788890e-02
3.538011000088173152e-03
1.866782127564366178e-02
-7.645883549015362922e-04
3.452645607038404632e-03
5.651175391667406095e-02
3.845543832832137160e-02
-3.142601258405324643e-02
3.284213395777365457e-02
2.763737729652023314e-02
-3.575866966770791661e-02
-2.674539595775810019e-02
-3.227884446305318705e-02
1.850326280874160442e-02
1.966537938155683840e-02
4.266016637130504163e-02
1.246854908944219215e-02
-1.977609684279687131e-03
8.083893187819227166e-03
-4.419731947650338069e-03
1.577613093324154456e-03
1.822968723964929830e-02
9.470142200535297539e-03
2.048850172517440588e-02
8.848692265222762171e-03
1.135019299199502285e-02
3.475497053997958496e-02
2.259301377713406056e-02
1.315305374207116629e-02
1.514828405068370867e-02
-6.035237059072192170e-03
1.317715470730728387e-02
-1.616158790926080406e-03
4.111051015995314563e-03
4.080831214430245303e-03
-4.599840459534440995e-04
2.804154099527285827e-03
2.000615241134479430e-02
4.343709972115399748e-02
3.616501665600465459e-02
-4.187810309272278764e-02
-4.152814348302143188e-02
-9.179684184381685375e-02
3.981148546200666966e-02
5.812207658304657798e-02
-1.059960660609486072e-01
-3.233047764460582341e-02
6.490019479874009622e-02
-8.351231381758955630e-02
-3.289250814714635845e-02
6.758562496546142821e-03
3.139978339431834242e-02
-1.297498770090499930e-02
2.271313057397523344e-02
1.865251453265170598e-02
1.093508129244021368e-02
1.280814446042757675e-02
2.996837248081826374e-02
-4.896708556907449633e-02
-5.918747924146616074e-02
2.110784158628066509e-02
-5.030512136176570198e-02
-2.619487602943203555e-02
1.629488141465008227e-02
-6.362461901301358358e-02
-1.360155065924541738e-02
5.463524462562423939e-02
-1.597122160205236962e-03
-3.739174246980103960e-03
-1.597218312637331550e-02
-6.085673985961962892e-03
4.815581953484188160e-02
-3.850852040699773160e-02
-6.537683504618720803e-03
9.626242894447715678e-03
-5.072623377121696087e-02
6.788357108940610944e-03
-3.006516465220196443e-02
-2.369021626582249601e-02
2.841325820727058291e-02
-3.160525079861392205e-03
-2.854374356993889805e-02
2.439349967111625536e-02
1.090544182640031980e-02
-2.686904248628500975e-03
5.368959503291058366e-02
1.290512357359160922e-01
-1.792542516425006758e-04
9.908429979541796828e-02
1.858976798377781903e-01
3.834360557824605803e-02
4.506885681169404273e-02
1.335970162634076974e-01
7.756813139161267134e-02
-1.552140060468866142e-02
2.633918742229618068e-02
3.482819757769814450e-02
2.380719355255250455e-02
7.148995844458633231e-02
1.000644186942665215e-01
-1.043611452687625250e-02
2.669611904101793290e-02
3.175312634378168325e-02
-8.531130283743199039e-02
-5.476135371186129086e-02
1.561425090943391152e-02
-4.364921710111586278e-02
-2.232066392773975061e-02
6.516629569686799295e-02
-1.484622052498579987e-02
5.365848914651189525e-04
7.674023979740834944e-02
3.241136827233916801e-02
5.456225611888390614e-02
3.437264957292482381e-02
5.686395840144520958e-02
5.997437389032089089e-02
7.377081212171214541e-02
1.023534595019848573e-02
2.960797324530240957e-02
5.056967845789622773e-02
-3.332494892202351316e-02
5.447936582702492953e-02
8.382276358848071707e-02
-2.206474522740097671e-02
6.296447395583998352e-02
6.914408733564857135e-02
-4.735961840317718524e-03
7.965822170808239955e-02
4.670633119795319921e-02
1.765980004827619751e-03
4.056718994743059581e-02
4.534015223961955499e-02
-8.511684201353059143e-02
-3.737499432505534541e-02
1.317147577050617859e-03
-5.873263303452390394e-02
-3.292285630641085536e-02
-1.770797586445229527e-02
-2.333054334509250798e-03
-6.671595111719914872e-02
-4.810585857789462239e-02
3.520852296822524902e-02
-4.215777259302115609e-02
-3.858335611305105384e-02
7.540645309944539465e-02
-2.659940042049861817e-03
-4.519496053484723178e-03
2.195023112847323266e-02
6.211235961029622221e-02
6.243062492668376151e-02
7.946865201666300504e-02
1.334388512587735831e-01
1.552109720737304965e-01
-5.188715448552564530e-02
7.491139448970703454e-03
8.864280456311861289e-02
6.137576762344623682e-02
6.602108698741365744e-02
3.446443339013640500e-02
-4.900486466410699030e-03
-1.079486384794974690e-02
-2.553416018690456493e-02
-3.812720054749167004e-02
-4.695782152333176362e-02
2.991620729640378888e-03
3.819459612391893494e-02
3.978807866556907658e-02
2.331797074421067262e-02
3.808518768082766459e-02
7.406741364391718208e-02
7.063368387827545503e-02
3.960841842081668646e-02
3.748660393099448318e-02
3.350686242815271304e-02
-1.854513563372472626e-02
-3.279622317026501671e-02
-6.363662925624476163e-02
-5.273262933324843887e-02
7.135481945743562399e-03
6.744588521851208052e-02
-8.357688151651197772e-02
-3.731898840644095553e-03
1.113770779459868909e-01
8.426597705262807436e-02
2.031197200905498004e-02
1.192408278157519180e-01
4.399771428894409808e-02
-4.484151259496350211e-02
4.985455439502265579e-02
-7.661255473763677049e-02
3.534176262847708860e-03
5.437693580907623780e-02
9.679208057562460610e-02
5.654007025481897625e-02
1.447518638009833401e-02
6.724987683699633345e-02
-1.632852851678040854e-02
-5.305822210333549505e-02
-1.956342252771073667e-02
-1.068363150422680929e-01
-5.681563993322935602e-02
5.484907273265869632e-02
9.425644013911023411e-02
8.107879865790361407e-02
1.956127426597921090e-02
9.075462655314403548e-02
8.192755309450926171e-02
-1.274456920596388487e-01
-5.094621109985322110e-02
-4.089037429087621217e-02
1.366970320816462137e-01
1.551640086208271171e-03
5.060944838053094835e-02
6.340124649390599387e-02
-1.729269518113008691e-02
1.173214402465687888e-02
-8.373094317510643148e-02
-6.420852607947274970e-02
-1.315337347181934902e-01
4.434486301085895088e-02
9.956173889975428182e-02
6.885509085347479852e-02
3.139902458967962565e-03
4.857637670239708938e-02
3.039539647532634239e-02
-1.076509773864614897e-02
-1.562992244660465742e-03
7.952616388761152635e-03
5.718132422045029556e-02
9.074640523762418642e-02
6.136101596048088025e-02
7.716523634754771099e-02
1.453561002344843159e-02
3.151027083219860164e-02
8.463595354085386158e-02
-6.451791034847814688e-02
-5.261357514949178277e-02
2.525120783513867123e-02
8.062479444652186078e-02
5.651722174070861193e-02
-9.231751505880739922e-03
3.622724412802123817e-02
4.322124345653151345e-02
1.286260689482606866e-03
1.377637456091167570e-02
4.000526970968817930e-02
-9.741510241251635088e-03
-1.436570110705505665e-01
-1.224400952616046118e-01
1.897162007750333515e-02
-8.354735108499611318e-02
-5.627190494732629139e-02
-2.843719323139653338e-02
-2.439023553815005199e-02
-1.991690105743171638e-02
-8.877411077992219653e-04
-7.307803743283611611e-03
2.854829769728614748e-03
-3.346345137968569083e-02
-3.368808088806381912e-02
-6.122223825262431557e-02
-6.323256688462819408e-02
-3.101574876202615409e-03
-3.204964791573199079e-02
9.170993304265008528e-02
9.477832509874999090e-02
5.087785747466679748e-02
7.530208914665678654e-02
1.106571606239696304e-01
6.274070571973125454e-02
3.928540492553257019e-02
7.716036061468420360e-02
3.181912257435225155e-02
-7.391626581920311689e-02
-6.744352296490851995e-02
-8.951507088913723820e-02
-1.614624613150843213e-01
-2.510736161278233625e-01
-2.378932912645585207e-01
3.593091800527526292e-03
-2.878611416117844365e-02
-1.542241851766376071e-01
1.571387668797101164e-02
8.507866316892680192e-02
-3.752878902974261799e-02
3.654254584231931419e-02
7.787501510771067947e-02
1.786985919435562717e-02
4.124211519239583817e-02
-5.403326061458080948e-02
2.231232786547138885e-02
-1.222193386757847167e-01
-1.780425638157552212e-02
5.526969114130008548e-02
-1.035243351760708162e-02
1.067857682159331634e-02
3.418849533327130569e-02
-2.478867282022907681e-02
-6.283262452259964249e-03
9.111263847703811314e-03
-5.478682587643463747e-02
-5.956841041312346818e-02
-1.574901654425393538e-01
-1.088125170021940306e-02
1.484142048400388658e-02
-8.840176990705427007e-02
-1.223356733161112472e-02
3.280213256303274316e-02
-1.064203648884960163e-01
6.316491176868888058e-02
8.755919745018388156e-02
3.241484376517494992e-02
4.963939539258772210e-02
1.021862974886460357e-01
3.217642820857442854e-02
-8.012041112018381678e-03
-4.474823999818301236e-03
-8.235767658875957006e-03
-4.683858078966360999e-02
-1.533443488075187655e-01
-1.049375715335070514e-01
-2.711000404959305887e-02
-1.246541102274562746e-01
-1.274424329261467648e-01
-2.020742384778182466e-01
-2.678075808510201883e-01
-2.715908988505222887e-01
1.856913893027281257e-02
-1.214573245123431178e-01
1.225907027316325004e-01
1.174388683057392413e-01
-1.391817647076148412e-01
1.816230501111252074e-02
-9.030573723184399590e-03
-5.322434814119323537e-02
4.603642442867296458e-02
-4.407136370259136238e-02
-1.819146475254683482e-02
2.101905777919308230e-02
3.196892571256048504e-02
3.288558749911262707e-02
-4.231779205490843881e-02
4.854472868192039742e-02
-5.993142190043626583e-03
-3.098297685102693530e-02
6.359627105697351901e-02
2.520515877456330073e-02
5.695512600038462464e-02
4.920569634344864468e-02
1.481801162391894501e-02
-1.130686341884402576e-02
-1.449520438322212876e-02
7.471545354791968817e-03
-5.077212783651719602e-02
9.070694174820979894e-02
-6.943151831440970423e-02
2.503070379204185361e-02
7.949410007732568562e-02
1.463398716373503182e-02
1.008248424810135047e-01
6.552325670766229355e-03
-5.047740820803892081e-02
-3.247159421979047694e-02
1.340054017038524482e-03
3.797970660143858753e-03
-2.630841233612417254e-03
-5.369181096750587356e-03
2.493946414695572683e-02
-3.315149800138662232e-03
-2.198894063954584185e-02
-6.496851676789211147e-03
1.776736882860085326e-02
-7.881346101792277570e-02
-4.576668613533398100e-02
-1.312792451404283522e-02
-1.713411208524235133e-02
-2.356211857814585406e-02
-3.174804101529108509e-04
1.286077888993579846e-02
1.826128934095938919e-02
-1.350182812922277875e-02
2.251585375528510763e-02
1.625809486214274679e-02
-1.599682566519679619e-02
6.159546786095503913e-03
2.774535669874528959e-02
-3.904417878626514904e-02
1.705357562202321599e-03
1.064104618364345410e-02
-2.528031865464762384e-02
3.476424837422338598e-02
4.218742259109288517e-02
3.825946712971020625e-02
7.728361593434271426e-02
1.625489803360947658e-02
-1.100946310512047888e-02
4.087693007417993185e-02
1.633165017046156117e-02
-4.995447718304232149e-03
8.985902517673812276e-03
1.562979236993743137e-02
4.357544381412772200e-02
2.385197740457150814e-02
6.264966064471950979e-02
6.583826710596084320e-02
-5.147447389048149385e-02
3.120881217739136099e-02
4.773923800210503471e-02
-7.314275227217371944e-02
-5.873539656318698537e-02
4.607796943578443272e-02
-7.329678029548802876e-02
-1.416969001625546960e-02
9.914106354763133067e-02
-4.416276271823658950e-02
7.182657529718224076e-02
1.083913871772631682e-01
3.385661855190255642e-02
1.004196283462629874e-01
3.613785525459905362e-02
1.300591620928709391e-01
1.390542899926818787e-01
1.171249952337033856e-01
-2.059964590086144944e-03
1.002344107801207279e-01
1.117567645650143458e-02
-9.548587804226874032e-02
-9.742554814063879298e-02
-7.362040684574094884e-02
-1.105511045530556957e-01
-1.080056524713047666e-01
-6.615281750287288487e-02
-7.247345749893235878e-02
-9.368557025371740399e-02
-5.374522908127047499e-02
-1.247681392159507019e-01
3.139091694674972510e-02
-6.478976819762612138e-02
7.232622373231724355e-02
-1.355823154332401470e-01
-2.362927878057487219e-02
-8.711643171337750402e-02
-4.204112186666014023e-02
-7.327601865810677573e-02
4.172235756728309708e-02
1.054407137166453803e-02
-1.006956436663957247e-02
-4.998578625378961859e-02
-4.536268828771407996e-02
-4.154147198270187469e-02
-3.163968642098062404e-04
-4.553266640634801325e-04
-2.497632148639468853e-03
9.821861950743029750e-04
5.414913927508286512e-02
-2.007550003755750878e-02
8.985412815410388429e-03
5.646336640792518763e-02
-2.353876064947450168e-03
-2.990659244131909505e-02
1.614531556158229492e-03
-1.485983842715536858e-02
3.342319510377929348e-02
6.612009220738447601e-02
9.216098077652955245e-02
5.619160048642744820e-02
6.969964189422032247e-03
4.421917554968905067e-02
2.532464685125032644e-02
-2.141393311112763445e-02
-1.696505252055815344e-02
-4.575752406282853485e-02
-6.937659139881759141e-02
-1.872406663769612956e-02
-3.974807369564200416e-02
-6.440603501689842747e-02
3.937719084587155277e-02
5.608783670339104882e-02
-2.802928669250237190e-02
6.446182354139445847e-02
-1.282511521344972469e-02
-7.785552347114613192e-02
-4.031345898727294735e-02
2.567004376858304793e-02
-1.348974732545687701e-03
4.811318424688370426e-02
6.503977254010562259e-02
7.917984410938971873e-02
1.499977314227948222e-01
-7.722549697267364066e-03
5.863752416214627200e-02
8.056007642560501780e-02
-6.979652422540488094e-03
3.356967420652556822e-02
3.185090222209779887e-02
-3.000713869633640438e-02
-7.616821822604090061e-03
2.471217656010027408e-02
-7.377196973522903711e-02
-1.073404770625722704e-01
-9.272153346578465571e-02
-4.922925748909872529e-02
-6.822520902883792704e-02
-2.536597783705833026e-02
-9.582864434396625190e-04
-8.248115775597423399e-03
4.925407701956988071e-02
-1.185270409262524118e-02
-5.725716048222354547e-03
-7.461782269988099505e-04
1.493490204894993949e-02
3.868664980827270228e-02
2.932929683464104847e-02
3.833616835803235062e-02
8.037838399777615106e-02
7.665525943409977339e-02
-2.188375070837879355e-02
4.004674961004652672e-02
2.298695030726640755e-03
1.669127894718535066e-01
9.937285769580684464e-03
-1.577007760725794572e-01
2.065082842213241954e-01
-6.892553153124493515e-02
-1.863344928399072453e-01
-9.850571354776280208e-02
-1.580390068308236765e-04
5.831837192984724860e-02
-4.581234070114543339e-02
6.076565932610863974e-02
1.229672676534011161e-01
-3.293322730685278865e-02
5.508528222996842555e-02
1.071869867806806986e-01
-5.421104136288666664e-02
1.388808005868383093e-02
8.503594582118172845e-03
-1.069136476413452969e-01
-8.610392249973768813e-03
1.320193662644674696e-03
-3.703624237076874604e-02
-3.295297599296163893e-02
-1.771755688514532398e-02
-1.266142628435102399e-04
-2.889996124018340664e-04
2.793694929525290457e-02
5.662017375981557438e-02
5.961798182318987088e-02
2.122254380241479083e-02
-1.447750490877310753e-02
-1.718147698933822354e-02
-5.034229807697442743e-02
-3.320893715059557855e-02
-5.648814297106623250e-02
-4.434443645185208449e-02
-2.366581844792600003e-02
-3.111278494427476352e-02
-4.140162257305549792e-02
1.017503047559938506e-01
8.677225588682938029e-02
4.216621271676106869e-02
1.181055071044809224e-02
1.687359022122964791e-01
4.384843582843540172e-02
1.036214678775424919e-01
2.335804149166660071e-01
1.313032903799593587e-01
1.427003645847841999e-02
9.948013053082288559e-02
-1.300096554827465632e-02
-9.684592284168881682e-02
-7.772574433844434139e-02
-9.117550578289652929e-02
-7.818788391371492286e-02
-5.589741269413445179e-02
-3.140431282569336457e-02
-3.160029310926236457e-02
7.581875997592789698e-03
3.376835668260740053e-02
-2.370439627419174480e-02
4.146362213784310358e-02
7.624819614572404813e-02
8.359655468035183390e-02
6.325497797735042671e-02
-3.356089952138132521e-02
5.341300684029446494e-02
-1.501969219069639559e-02
-6.251025556811354300e-02
2.361931159038254888e-02
1.385272064324994112e-01
1.303799266702543036e-01
9.697826767180120489e-02
1.528613986678692971e-01
1.025159807028435954e-01
2.561194509013851525e-02
-3.510104970464123127e-03
-6.460112551660543434e-02
4.034512995610936570e-02
3.810231838068294657e-02
-7.415597048272040345e-03
-3.467152424857520426e-02
-2.502093771788637885e-02
-3.480524018738382491e-02
-9.624535465460583306e-02
-4.936223861216895020e-02
-8.866108126935257072e-02
1.309442466843203923e-02
8.284601019055082283e-02
1.871787099158901679e-01
2.012539411802136691e-01
2.865257566957464253e-01
2.356176402374181578e-01
1.584645123521867816e-01
1.724895996263175468e-01
7.947342146989989919e-02
1.025552564503952498e-02
-1.729036617079762056e-02
7.565767515290421595e-03
-1.934917619319191390e-03
-3.472281242078335828e-02
1.472005949015192357e-03
-2.365708677049767599e-03
-3.506460539076539790e-02
1.241454251748354276e-03
7.079648171847360036e-05
9.773677889090451147e-04
-1.437135586041424044e-02
9.062765968327297222e-03
1.250534451680252205e-03
-1.107105555624936753e-02
3.019532042528738029e-03
-5.047294588800281014e-03
-2.032065089136734712e-02
-7.044977141165560371e-04
6.656001588418055531e-03
2.710564452653427703e-03
-2.448174293409739657e-03
-1.385344306714885419e-03
-7.207979499033750730e-03
-8.167212870292209909e-03
-6.625969042498805472e-03
-1.476827730172495558e-02
7.010591052138392607e-03
-6.453753655708333557e-03
1.436725046774107832e-02
6.037923303508741305e-03
-1.320672497429204416e-02
7.262714431176014139e-03
7.009143507935649772e-05
-1.253027399365856838e-02
7.973594381637754899e-03
-1.464477932590018718e-03
4.828859280542369299e-03
5.385607616847071406e-03
-5.271622581819720120e-03
7.165246877745540645e-04
3.132334430136459510e-03
-7.531124902654319497e-03
-6.855948928088990589e-04
-2.569775872149264537e-04
-3.317181891972257007e-04
-1.357629100182779387e-02
-1.692292337724759371e-02
-8.614645611703317107e-03
-1.075517984394392702e-02
-1.920331423033300178e-03
-6.202036756217214029e-03
-2.952879799936965026e-03
-6.929824175206530067e-04
1.143530157339091476e-02
3.247452888468570480e-03
-2.640014370615108470e-03
4.431203029764320227e-03
-1.849860251818303452e-03
-1.355098904558706303e-02
7.173527947008457618e-03
1.387893456160509175e-03
-6.494424192555580365e-03
5.109542034308858609e-03
4.361191368198957807e-03
-8.561953734060701732e-03
9.437262019326554327e-03
5.970825252825080233e-03
-1.147746355017220665e-02
6.424492964208845976e-03
-3.059950115487863713e-03
-1.800461416713967921e-02
-1.041127911766176299e-02
-7.387904549382567909e-03
-5.410448287310311820e-03
-9.676320455587056335e-03
-4.400755631124388112e-03
-4.507114988067734834e-03
1.999237425437043296e-03
9.443220674551309340e-03
1.340708488309070266e-02
8.369381892178609159e-03
-3.690891118331249710e-03
-7.426750495456470313e-03
1.493181224421743364e-02
3.198499506230551882e-03
4.112527886225071671e-04
3.813967136923910716e-03
-1.421685227433761500e-03
1.809663687376092010e-03
-3.766257551650282337e-02
-3.801627108044643155e-02
-2.767508887848712379e-02
-2.665507260600373865e-02
-2.642590517204145700e-02
-1.760259422395167583e-02
2.145109791330542665e-02
2.605905002307925405e-02
2.393706287910997779e-02
-8.920511828609280908e-03
-1.795468721310395158e-02
-1.859796672243130278e-02
1.526493085948270280e-03
8.478200171272487267e-04
-1.033833608393613761e-03
7.867830281258763811e-03
1.120370794877716299e-02
1.437411393324225344e-02
-1.241540419322631483e-02
1.656166658328791022e-02
1.894265731814434237e-02
-1.556101238802926404e-02
-2.976820988507352609e-03
5.729798866899988782e-03
-1.304643882338097326e-02
1.916407550627034426e-02
2.317283312250120048e-02
-2.201225536014668471e-02
-1.725263487181970951e-02
-1.775822362135653573e-02
-1.956853432673735793e-02
-8.529545997732710175e-03
7.493154333880936054e-04
1.130183089338654759e-02
2.766752003649451327e-02
3.061591511359475562e-02
6.014645625558892551e-04
6.434526056735555798e-03
-7.692662969971408166e-03
1.064095325552814192e-02
9.167140629257697002e-03
-7.012520180722696742e-03
-1.143538352900484809e-03
3.660374958170031258e-03
-8.463530877576185690e-03
1.451349988020517699e-02
3.072282786123156292e-02
1.744483347311946708e-02
6.998858458985919746e-03
-1.349885537955637389e-03
-1.664651221097508682e-02
1.903271207510099164e-02
5.466461270311332929e-03
-1.657741576272073539e-02
-8.877979348770101420e-02
-1.447070754433079330e-02
-3.577567395337239581e-02
-1.487048834762131067e-01
4.363232360025892653e-02
8.070965880595323827e-02
-1.753391945013102471e-02
1.287019964260135152e-01
3.895364221347349248e-02
5.053305600176001555e-02
-9.932194054153711121e-03
-3.058716720719584226e-02
4.518447462871039155e-02
-1.934221163546108110e-02
5.459057921126680979e-02
4.625503174484590918e-02
3.430721365621542535e-02
6.472557382729998698e-02
1.962203212396301105e-02
2.826339133899742617e-02
1.706515492810134829e-02
-1.741124298579051211e-02
-4.577715604918438513e-02
-5.331478810702021398e-02
-1.302340482563464630e-02
-4.202578709621528769e-02
-7.572588694287211986e-02
-5.224594275909138358e-02
5.334414350464838916e-02
1.283459733242802749e-02
-3.206185821719883394e-02
3.442346346849201738e-02
-2.585062512365057102e-02
-2.572231579250286448e-02
5.081183353820452331e-02
5.057898600582744902e-02
4.634696349450541202e-03
9.376846383122937334e-03
-3.781559792223152406e-03
-3.180304102430899817e-03
-1.254879529788077187e-02
-3.995696132130325748e-03
-6.184058483986913136e-03
1.302927605944313033e-02
1.674850018087897796e-02
-2.851885442275583354e-02
-3.006852844007091609e-03
1.138831288053350904e-01
2.774300763285334273e-02
-4.710827221157192282e-03
6.416459367516913481e-02
5.326460298198477245e-02
3.395500134084586397e-02
5.693950858370819441e-03
-1.730821598506446582e-02
-2.359962601802737328e-02
-1.274391758808597792e-02
-2.346456912649038870e-02
-3.477251375687682999e-02
-1.841069113694559015e-02
-3.339466377677998560e-02
-9.945253711591727636e-03
3.241288718311863271e-02
6.843906171241997960e-02
6.128779710700593686e-02
-6.312559125867046872e-02
4.447546239746422159e-02
1.515565550824603779e-02
-4.670240572131317824e-02
-2.943825677491769544e-02
-5.352534871048376247e-02
-8.166192726196616625e-02
-6.579496996499878403e-02
-3.657719263788959674e-02
-1.429705988384055021e-02
-2.630803597084208079e-02
-3.535452728977526993e-02
-2.957081505571947447e-02
-3.747071635641944370e-02
-3.567054639166086782e-02
-4.629297221159175968e-02
-4.509513020242412323e-02
-2.522387110744843050e-02
-2.042052455040233722e-02
-5.172018846698295258e-02
-1.199639172931092103e-02
-1.188394113218434390e-04
-3.834522779950009369e-02
-1.616737686001772090e-02
-5.176271344857887036e-02
1.956820129521203919e-02
6.021594015786985860e-02
9.190238963339232917e-03
6.546203220592126948e-02
5.943558830878440530e-02
-7.905092918559793180e-02
5.783955229542545040e-02
4.808026418696670357e-02
3.440051620898591789e-02
5.846855112707663449e-02
5.333223749721176937e-02
5.268378976964946392e-02
1.648727848979165272e-02
1.501380785712212555e-02
3.996161217777827179e-02
-7.200035265292314968e-02
-4.302353273613461482e-02
8.699580162246045535e-04
6.152154333697688188e-02
-2.837048909268725591e-02
-7.979049559220690799e-03
7.481363560074897473e-03
2.847037489461312285e-02
4.136217490745114876e-03
5.990653361888090278e-02
5.843402725401595360e-02
7.518419600390394662e-03
-4.846295045061774914e-02
-2.142946803948260828e-02
-4.020387327817070977e-02
2.709402145814896953e-02
5.712586297961997489e-02
5.606466928957399773e-03
-2.357933010927672213e-02
-4.003213718217625561e-02
-6.340470436031096779e-02
-2.910111249396951302e-02
-2.746070550472956909e-02
-4.328929651428860270e-02
-7.818865005817897743e-03
-2.943540871353010971e-02
-4.041868514553105529e-03
-3.735615131285100615e-02
-8.292760203982143391e-03
4.473094399516448771e-02
-8.385908473903898319e-02
-7.953976667766182729e-02
-5.869501983507290771e-02
-1.950115459763870907e-02
-2.941389628451721028e-02
-4.395398019743717438e-02
-5.868776082704008079e-02
-8.247126422984285554e-02
-8.029169036903999190e-02
3.804689932463167085e-02
-1.838138580644835540e-01
1.059125159443401187e-02
3.267567327716612846e-01
-1.824295297058928234e-01
-1.269273703441059498e-01
1.316662999192125816e-01
-1.460106852505787256e-01
-1.047931641894172122e-01
1.521415901146326577e-01
1.149860667405079723e-01
2.372005760305456734e-02
1.540167258003600770e-01
1.085318604972083517e-01
-2.590900927277219046e-02
2.015616445882159602e-02
-2.285096734426950854e-02
-5.956153418865309246e-02
-4.956988628437161704e-02
-5.672073773427215027e-02
-1.505926742018618737e-02
-9.827608318540807797e-02
-4.766121862432219289e-03
-3.596506994356276493e-02
-2.544044207593658680e-01
-9.420461611118252643e-02
-7.782927503493924926e-02
8.928659936757236959e-02
-1.435359735809681736e-01
-1.430840855583160875e-01
1.136436795168519476e-01
-1.565188235780431147e-01
3.019757159156979953e-02
6.283861942031462866e-02
-1.211581000222606425e-01
-9.841189316109652530e-03
-5.099266971351066463e-02
-3.349648074379646401e-02
-1.057027056015377026e-02
-2.535350965365280873e-02
8.798645496934017277e-03
-5.680107113887785525e-02
-3.747964978450386148e-02
-5.544172275278524270e-02
-8.459074996292054172e-02
3.695068784591817868e-02
1.276500114197499369e-01
8.689210042637189602e-02
-5.216759285652720207e-02
1.003327010927056034e-01
2.352967243358142224e-01
-1.080109087489559139e-01
-5.175418330082872699e-03
1.613613992285301002e-01
8.932559132405233637e-02
-1.690805998496065082e-02
-4.412321544961365222e-02
5.796270389230689241e-02
2.319779073054756974e-02
-4.766885200939148526e-02
7.649054503884507869e-04
-3.356773388037490730e-02
-4.756735840329669868e-02
8.635289332505406007e-03
1.368802257770471847e-02
-1.030571583061481583e-01
-2.197749826352826154e-03
-4.236014854516654410e-02
-2.250623978334843206e-02
-4.458523411575098655e-02
3.581053176114434855e-02
1.397403993805571287e-01
2.265989505931504874e-02
-7.480723032304098519e-02
4.455476091357162167e-03
3.134112015510889804e-02
-3.815389354874623717e-02
-8.073897882842212548e-03
-3.014369459577419339e-03
-1.495414737127334810e-02
2.196028589758236213e-03
-3.364369092580393045e-02
-6.583220917783617898e-02
7.144337890671211000e-02
1.550776050129349694e-02
4.271202924915384891e-02
9.984529240128292571e-02
-6.693715244127727403e-04
8.311045324404982282e-02
6.224551192679592809e-02
1.998430801093865894e-01
7.574778921161100242e-02
-3.717656289941814046e-02
1.456785794346101247e-02
-6.984420135845599564e-02
9.798269226322534053e-02
-6.258529176369563574e-02
5.306244378891279007e-02
1.888702768592089628e-03
-1.695481585382356826e-01
-1.854392555947174948e-01
-2.009678191944721526e-01
-1.615033045834882997e-01
-1.640049713747583071e-01
-1.745647911300914346e-01
-2.005481615671747542e-01
-2.034220159108234005e-01
-9.968285239082938509e-02
-1.817383875800911708e-01
6.008578606143944595e-03
-2.114249041028410173e-02
-1.421694449612348199e-01
-2.313899310130513101e-02
3.818153332310749576e-02
-1.459576492939833881e-01
-9.561192220253547647e-02
2.965212503838133076e-02
-6.028046631836568581e-02
-1.443995533706154688e-01
-6.286820971604220598e-02
-6.825750640811042991e-02
-1.001000915686549170e-01
-7.322951712954257008e-05
1.019433662759530873e-01
1.362291284459629936e-01
1.308338558194309664e-01
-9.737519228629157308e-02
3.980392256817862073e-02
5.342697579120658791e-02
1.318224893952877133e-02
1.297549490608947420e-01
5.941942319160641722e-02
7.084744291093429680e-02
1.021212085094178601e-01
3.051446604993863707e-02
1.551954243843546022e-01
1.413886022489880823e-01
1.233920946976968941e-01
1.900782455775956725e-02
-6.419066073962209629e-02
9.284952956501970472e-03
-1.245390899211503283e-01
-1.240862955956411745e-01
-8.340631310268423193e-02
-9.131802091527384257e-02
-1.707165448197539570e-02
2.134484124892041187e-02
-2.368459537306310397e-02
-1.117745762477599936e-01
-9.551693701213961885e-02
-4.214423634548806336e-02
-1.201014304154723183e-01
-3.129856699904466633e-02
-1.823017987124410100e-01
-7.923856708869576881e-02
1.234757839271328345e-01
-2.276280983656777113e-01
-9.123207537448393967e-02
5.918616184966290356e-02
-1.777384220619882271e-01
-9.573546691158268951e-02
3.524774838614822686e-02
-1.092528794825024935e-01
7.592560444439709795e-03
1.452308103890192353e-02
-8.326330147803151505e-02
6.316918488179819845e-03
1.037115676732320441e-01
-5.986467245076522448e-02
2.871870193197445520e-02
1.026722667498026903e-01
-1.216542656201396733e-01
-4.700399802899346557e-02
7.174509807691481500e-02
-9.423233515219142653e-02
-9.919403596616933882e-02
6.545668030989020003e-02
-1.244972985061404691e-01
-1.289405689566552604e-01
-3.272871460430134410e-02
-6.685451021623818428e-03
3.778153735533749252e-02
2.508679211198743680e-02
-1.578250797830403271e-02
2.184429497922602340e-02
-4.013087968408553252e-03
-3.476062010616107895e-02
-1.545519321923586806e-02
-2.938887737408256082e-02
1.766160885627330798e-02
-4.716012562943364128e-02
1.331570674380978814e-01
-2.181359326985756603e-02
-1.515201475442677082e-01
1.147634937661961702e-01
4.788390067282906337e-02
-8.402277472402107372e-02
3.851447699442965555e-02
4.192057502553734466e-02
5.477512437627507502e-02
5.625187105337393217e-02
5.144590037962566004e-02
6.965187910783950109e-02
2.959856378384107672e-02
8.678572983707705246e-02
8.233230950792254366e-02
5.078484037366194637e-02
-9.221357198597759930e-02
-5.275186049615084027e-02
-3.191062329889243071e-02
-9.288571485612789891e-02
-9.681884931020481172e-03
7.532658588540300237e-02
-6.577997862893604497e-02
3.730821977171872722e-02
9.980586738721376749e-02
5.104208080571586564e-02
-2.357267266967056490e-02
3.518663574093375962e-02
1.491847654824410008e-01
4.387943989207468420e-02
-1.054820384918687265e-02
1.502155785384794440e-01
1.060415997114353137e-01
7.637447404127589712e-02
2.721928328770799044e-01
1.472413524045623756e-01
-1.228821666432104026e-01
3.498289972890621935e-01
1.371645332272335427e-01
-2.619063011412944841e-01
9.483092068874561520e-02
3.169841615464074475e-02
-1.534907657276099180e-01
-4.403674627582349066e-02
-1.443978174635587863e-01
-8.765327565215651207e-02
-2.178026832309953517e-02
-5.225577053436391423e-02
2.326585953583085870e-02
-7.471329432105879020e-02
2.205641217195637716e-02
1.347703584326843951e-01
1.430825484105235634e-01
1.191389909751261605e-01
1.623672341501460892e-01
1.847554042679452890e-01
1.320254040833742093e-01
6.979114079802974102e-02
1.475244486692599277e-01
5.589438278863816112e-02
1.497998351582533957e-02
-3.110785513054779676e-03
1.954759834726000917e-03
-1.910769670786853155e-02
1.008755844762287274e-01
2.986132682092567173e-02
-5.161764816634010350e-02
1.784024107221348909e-01
2.453192719859277615e-01
1.167461131560008775e-01
-7.338161434511991654e-02
-1.768467096201599420e-01
-1.184677434363975296e-01
-6.803479655203402421e-02
5.297109850233741590e-02
9.645780900632430765e-02
2.344395518048681196e-02
2.296861787142974454e-01
1.946014559551381140e-01
9.979116135942373012e-02
2.680433796574680297e-02
-9.163165467551601107e-02
1.881029187559150884e-01
1.057603756935190098e-01
-1.303717394989801215e-01
1.245395391129896917e-01
4.687182995761346449e-02
-6.810103120422486556e-02
1.752905901390160448e-01
-4.645785841316810855e-02
4.487983887442336534e-02
1.904078428142392809e-01
9.454155919599242786e-02
1.373729174318285562e-01
3.908730710934077979e-01
4.182130933795468741e-01
2.359300066754389524e-01
-8.992831338598062524e-03
9.121498760739091965e-03
-1.021192530996217242e-02
-1.141337195449190073e-02
1.133258560498592513e-02
-3.462157564465787041e-03
-1.181941974876213504e-02
9.044267687428666005e-03
-5.917479926535540793e-03
-1.145671318915052206e-04
-1.654099971166796525e-03
-9.891598586792488875e-04
1.679711041673377008e-04
6.603899060585718614e-04
3.629405447007679614e-04
1.019893882315146090e-03
1.926308581227851821e-04
-6.941603530823651927e-04
2.216235442750792185e-03
1.468602288516135737e-03
-8.351271865990693823e-04
-8.447835029371129553e-04
-2.903194287846663931e-04
4.050503932566273013e-04
9.302763688092904621e-04
-1.161830552204069127e-03
-1.997290455827097511e-03
-6.431302380163628728e-03
4.070598765714347755e-03
-5.036207787467943293e-03
-6.974156500913466540e-03
2.476157436547821427e-03
-5.799415239844402624e-03
-2.866023716386340101e-03
6.124907768737159613e-03
-3.554235710305046758e-04
-1.519249752531940268e-03
-2.622429498383503210e-03
-1.750346786441969336e-03
-4.442888533043305548e-04
-1.636871573936247949e-03
-3.379506878950345561e-04
1.482701288224225417e-03
6.201696859182248382e-04
7.525651844436803423e-04
1.845825784715491094e-03
-7.312678755270094703e-04
1.695816943613406977e-03
3.517806372898895414e-03
-6.116318167621004028e-04
-3.243004105464356826e-04
1.052297778323977098e-03
1.197641863657016937e-03
4.852859021758262458e-04
-1.733862270530072162e-03
-2.402587750617483833e-03
-1.347725765737354305e-03
-1.722815346161111648e-03
-3.855555846632974758e-03
-1.829862338695247004e-03
-3.026212006378360860e-04
-1.867435625264467127e-03
7.072649740704602334e-04
1.569394015691325840e-03
-4.721390021679447522e-04
1.830181334064989165e-03
3.272368666094364561e-04
-1.551567667596540990e-03
-8.363227243286762685e-04
-9.403760688567919419e-04
-2.905819822696584058e-03
-1.097061917640161643e-03
-8.738025514315123435e-04
-3.999855255220915551e-04
-2.544689929687699373e-03
-2.075983150038095224e-03
1.248382202534966149e-03
1.511902711180703439e-04
-1.698135009724338444e-03
-1.088127400022905790e-03
-5.579051429462551261e-04
-2.363144833509838155e-03
-1.472966083404702231e-04
1.807921148875626114e-03
-5.207200666826391350e-04
6.210354517056056785e-04
1.958454203495932008e-03
1.408043797198315272e-03
6.217884881472477386e-04
2.454219776414172643e-03
-8.738407161610873240e-04
-1.367852807269925950e-03
-8.616676013616059865e-03
2.471272351162228254e-03
3.201924958303200338e-03
2.297367039665927039e-03
-1.858577106198301167e-03
-3.827069957204683789e-03
-1.229180821148616841e-03
-2.313222719961330874e-04
-8.583960677971521009e-04
3.359315200043407057e-03
-7.765912163736164850e-04
-4.994020980727620698e-03
-1.784755488931694459e-03
-2.653812267270831198e-06
-4.348216288619815781e-03
-2.663837126945452043e-03
6.260666109391063716e-03
8.771127350573621872e-04
3.247420514734446900e-03
-2.664905629070863941e-03
-6.100015430536678655e-03
-6.639894136314597331e-04
1.052572321711006025e-03
-1.944266079217043348e-03
-3.546844658181843614e-03
4.961326161382795426e-03
2.155783393525572463e-03
9.154923342658678699e-04
2.789735841349310751e-03
1.181341773837169939e-03
9.589015153794554344e-04
-4.106273412138557351e-03
-5.775191666832976689e-03
-1.517457223571470849e-03
-9.559640445317377916e-04
-2.784265931119190825e-04
3.165422821123871355e-03
-2.809720923324186131e-03
-1.848903229672545570e-03
3.767190158317714962e-03
-2.091254226094344925e-03
-2.127798609202654224e-03
2.548318336564484986e-03
-1.374647893977252360e-03
-3.049672726009035242e-03
1.716384368622360336e-03
-3.276035017095351668e-03
-2.517418362536548958e-03
9.284133012807193426e-04
-5.430484740836847776e-03
-6.563756162628701755e-03
-4.461390264488342659e-03
-1.097191642614709674e-02
-3.374322646315904700e-02
-2.665516109592625665e-02
-3.153262764780217359e-02
-1.364638082508117523e-01
-4.365156023883200176e-02
-6.081323720075665351e-02
-1.527212847323687894e-01
-2.939694130738280953e-02
1.046440946445414445e-02
-3.280614571122419248e-02
-1.819510156138423465e-03
-3.409041988995792360e-02
-5.237571010564070345e-02
-1.980484331135822992e-02
-6.166310407552789974e-02
-6.948747969076639330e-02
-2.208876639010173143e-02
8.585160392910545779e-02
1.661072627509337651e-01
1.420624386434892472e-01
4.701339780540744057e-02
7.352030319630968591e-02
1.272656076826044480e-01
5.970118564793033822e-02
3.069956027786440583e-02
6.341863486129756255e-02
9.046468965873272206e-03
-7.254060926104062557e-02
-8.085312484092682661e-02
-3.308011969060931350e-03
-9.913782209767735276e-02
-7.955981552533127055e-02
-5.031118382832994260e-04
-4.073772610527198745e-02
-4.198646167971688964e-02
-1.258539661248697129e-02
1.844257307158972750e-02
2.478870206869182233e-02
3.321984237719391962e-03
1.895471888876792271e-02
4.193335392187948207e-02
2.343009040550034228e-02
1.944396491149131059e-02
3.609825669790102387e-02
-3.647320339782249982e-02
-1.401528313723352237e-01
-6.595109857316988622e-02
-1.169300739489133878e-01
-2.599867170513070480e-01
-1.273828817825412851e-01
-1.310061703153616863e-01
-1.929853025350869444e-01
-9.186797588605830067e-02
5.799222909102220991e-02
3.434173565074952889e-02
1.902819488575337517e-02
6.561159464579059686e-02
6.204315980544151954e-02
3.857873368372201350e-02
1.503507267599308965e-02
-1.589472936263086611e-02
-2.534165024849189402e-02
6.887659722713986021e-02
3.641441461425525689e-02
-2.468452796886965155e-03
7.112539397775451133e-02
5.776765338228207619e-02
3.870949909673892034e-03
7.491315773871579098e-02
4.158085980159520467e-02
1.956062708579602710e-02
1.633151049881713390e-02
-6.073869008435315783e-03
1.621147724317528391e-02
-4.269709800385236564e-02
-4.341802026879264254e-02
-3.290587661204381204e-02
-7.466142570877476459e-02
-1.803299417598295054e-02
-2.589463236870223270e-02
-3.242022927105581154e-02
-2.327696225510869285e-02
-4.902105293233088856e-02
-1.440418134226836150e-02
-1.806624978855781924e-02
-2.320586408333646239e-02
2.183579254044397400e-02
4.505030044767687099e-03
-2.594688862154095887e-02
9.871742419717514927e-02
1.056745754125342773e-01
1.142697746800278580e-01
6.406365239342376450e-02
1.112778676203863074e-02
9.109123462344889677e-02
-9.357828307164547596e-03
6.635964128801623285e-02
1.494024915919873742e-01
3.112031355442702873e-02
-4.869833952555883971e-02
-9.069472578053595913e-02
5.337099866117887143e-02
1.462800237600378819e-02
-1.952983315121268118e-02
-1.418303062022284802e-02
-7.105116430401170469e-02
-2.381469215389466279e-02
3.170110385136481329e-02
3.773163694537675500e-02
4.474265059357801499e-02
4.671775686705798708e-02
6.105603292032456188e-04
6.210175692551551246e-02
8.699969320990097454e-03
8.140645335297133980e-03
7.855083700548826098e-02
6.100662965844275837e-02
1.034854688628535947e-02
6.295600710444764804e-03
-2.538118084397622196e-02
3.334414214205547178e-02
3.494981403753982807e-02
-4.229753751875772738e-02
7.135854463132317027e-02
8.355743683594629712e-02
1.342653481233611612e-01
7.884552960884502748e-02
1.254233821082987622e-02
5.079139072120204823e-02
2.654798326979569342e-02
-8.758016406768331930e-02
-8.170822353011558681e-03
-7.908142544265566592e-03
-7.121369893928337913e-02
6.376054855780560748e-02
4.480281695850305002e-02
8.512304806659778955e-02
3.365367668717135496e-02
-7.489197592796877079e-02
-6.850008727185148694e-02
5.509985428097550347e-02
-4.184327008355380462e-02
-1.038467944775381263e-01
-2.512389570263687949e-02
-7.017139621504119018e-02
-1.076783278641651673e-02
9.771202090470505752e-03
1.582492262519078763e-01
1.805873216458121419e-02
2.127445197187555724e-03
1.499322892369082671e-01
6.838236966271481199e-02
-1.282334521097047708e-01
-1.228224491916063837e-01
-5.203951884042623544e-02
-1.018698635226915061e-01
-2.499834041633881149e-02
-1.729711342298004620e-02
6.050070519737589525e-02
-1.341899346962866987e-02
4.930315332036987533e-03
9.601190766166948359e-03
-6.563898431387027443e-02
-4.650893957664204575e-02
1.685986145919340096e-01
3.932407698155757081e-02
-5.312444127262910126e-02
3.612025030829674188e-01
2.746375065806633819e-01
9.682488572512044922e-02
-7.344972778934753810e-02
-8.076340646259866363e-02
1.672570157952655472e-03
-1.160107314415035618e-01
-9.022611100345770407e-02
-1.183616637163594637e-03
-9.753712949211709726e-02
-4.462641561389949114e-03
1.253998313755924632e-02
1.727729461612377126e-03
-3.153666469389033306e-02
-1.420506383376474516e-02
5.650150923006633935e-02
1.862074703237562995e-02
1.344487877996509593e-03
1.078362123479075646e-01
1.070006405979844755e-01
4.550283729160729124e-02
-2.444768220585217394e-02
-1.479958117481950386e-01
-1.515478919796435231e-01
4.195011945448710172e-02
5.414456101620327387e-03
-1.105385997753878802e-01
-4.248795772114853653e-02
1.927266121668434751e-01
1.544108524408940308e-01
-7.038710055701899448e-02
3.655721985100248567e-02
3.637882345713976118e-02
-1.219129546487171950e-01
-3.243891248450275766e-02
-9.632288533701759137e-03
-1.597347858030463419e-01
-9.465926607740977883e-02
-8.617667368246358095e-02
-2.053827147667270595e-03
-4.024059011995508722e-03
7.663483080824047555e-02
2.700873453161897059e-02
-6.340088604387358537e-03
-1.148022331371285898e-02
5.249163799255466417e-02
-6.089869693107773790e-02
-1.075494081904928567e-01
-2.809208576531935144e-03
7.905390302694306759e-02
8.104634058790913254e-02
-5.092258416369516150e-02
-3.791054097244811460e-03
8.612696017254593828e-02
-4.119816531026795903e-02
-6.655544688779480023e-02
6.667417103711857813e-03
-1.500219671796932004e-02
-5.751937823795209848e-02
-9.569501640954003463e-02
4.113222800419635838e-02
-2.839717822932221608e-02
7.859440022847682603e-03
1.291337784503431840e-01
4.079144565521441307e-02
4.481794397138422203e-02
1.499558510480463683e-03
1.326665134543898172e-01
-8.026721112265215730e-02
-8.458896156306713876e-02
8.270881906367488767e-02
7.371305646521220112e-02
-1.447324793231722084e-01
-1.204904835272447294e-01
3.587240546068849040e-02
-1.237686264097371952e-01
5.683592785512926737e-03
-8.906121654072620200e-03
4.748501766423336712e-02
1.006301706383151418e-01
-7.350415612805244817e-03
7.686340319195682225e-02
1.640252799994684485e-01
-2.837218951342166534e-02
2.710149320741742085e-01
1.775088147024020124e-01
-4.523647721392229371e-03
2.319355871419357951e-01
2.088431623068612297e-01
3.841363897959900603e-02
6.704363454180989335e-02
3.708042401920987052e-02
-5.081360785814188763e-02
6.802008138007016591e-02
1.440635360109810137e-01
1.107591842056500492e-01
-7.043396765709068752e-02
-6.999335747232894589e-02
-2.610321361633968079e-02
-1.781013933275651662e-01
-2.591614479871757193e-01
-1.651795559228699528e-01
1.203486255148836087e-01
8.476228671027193073e-02
7.134623461303604697e-02
3.060603420128723065e-02
-3.784336668670774950e-02
9.108114020924708634e-03
1.545915526014778052e-02
-2.542575450692741851e-02
-1.194819257820698907e-02
-7.300483812357826119e-02
-7.618353548703800382e-02
-7.600080041473593340e-02
1.226530705398552329e-01
1.268244545703670068e-01
1.264004282994693751e-01
9.087408485871192182e-03
-6.277844724748428418e-02
-1.060545423097627483e-02
