-1.661845346762080289e-01
-1.696477547574052058e-01
-5.264104454778796571e-02
5.926628831478487208e-02
3.041918670883297232e-02
-8.785800998822600183e-02
5.152390320988958772e-01
7.534704248522794065e-03
1.123718690789861918e-01
5.357158806317524613e-01
-7.408983174200771404e-02
1.394759445471017035e-03
-7.532561557805914076e-02
2.365565311191553111e-02
-4.976515883421324393e-02
2.229623626978414000e-02
4.833599417797575931e-02
-3.518855316361644420e-02
1.289220817368579575e-01
-2.175877062593303043e-03
1.240349649459265985e-01
3.995138066103797181e-01
-3.493722539054119891e-02
2.154982902325725327e-02
4.524884405574950974e-01
-4.538667441785598222e-01
2.649487954351119334e-02
-1.490709494370982269e-01
3.223731693689494415e-01
-6.201512800631619332e-02
-1.415173183777987051e-02
9.483398089279121423e-02
-3.021583135516375893e-03
-5.417501893695966970e-03
-4.536989854005889222e-02
-3.700645807520701325e-02
5.642435056256889930e-02
2.423088810471925592e-01
-1.257260561311786436e-02
-2.520075085562123104e-02
-4.994297112282197748e-02
-3.257034071859259139e-02
-2.656274403891601549e-02
1.009679435930958408e-01
-8.941863579157777187e-02
2.784777719221060918e-02
-2.722305753433291731e-01
-6.983174476340411885e-02
2.018148538142497395e-02
2.804991124865613070e-02
-1.443608746669687234e-02
-5.670886177251124871e-02
-5.123077380457526780e-02
-5.401787929316219372e-03
7.079073437039526406e-02
-7.916032883791240815e-02
-1.183091816586034073e-01
-7.358778998792833703e-02
5.531140091699517265e-03
4.159454056038520108e-03
1.612207824356021169e-02
1.377107762248800660e-01
3.032808830019615223e-02
2.400358704780090890e-02
-1.000985793252377742e-01
-5.549983726359599551e-02
-3.680045071709790727e-02
4.263119661961897733e-02
-7.149454938326349311e-03
5.905052427243343699e-02
3.597401580559687895e-02
6.554939779285015589e-02
6.240116753325841703e-02
-7.138451935396439296e-02
3.433657835514808063e-03
-4.931950297563865958e-03
-3.771086640504303644e-02
4.201367195363703289e-02
3.751411991749527969e-02
-2.016980298387631779e-02
-1.033181594652556046e-02
1.620951626428653383e-02
4.694566711471840487e-02
-6.426812295971535971e-02
1.136889456173280116e-04
1.560083479309420096e-01
-4.199280237882287853e-02
8.763582811909849390e-02
-8.911257544534464947e-02
7.836499265493455935e-02
7.204173408442066107e-02
-5.153541032996115934e-02
-1.032384264827086034e-01
2.262941575574027031e-01
-3.045247739771162476e-01
-8.440467300553608498e-02
-2.228449467822041230e-02
4.051147857659772450e-02
-5.031544665931989707e-02
1.031122568338814216e-01
-8.473292708490284819e-02
-9.861164328180054006e-02
-9.795234126371378525e-02
-1.925326179901313065e-02
8.320396832404282350e-02
-6.907985429406426903e-02
-4.454843345495522466e-02
-7.180147566624121326e-03
-6.929139393537003290e-03
-1.527156366576887248e-02
1.323317122088404733e-02
-3.989309220974453923e-02
5.208558167541186071e-03
5.424708747075822346e-02
-7.658161599664652097e-02
-4.129212802613276348e-03
-1.627441031968020896e-02
5.223470922421821760e-02
-2.588146038526771553e-03
-1.265906582221659055e-02
-7.538558336142235639e-02
-1.263447296741199433e-01
-1.685619441788355904e-02
3.251171898025812662e-02
-8.634836959074878443e-03
-4.858033024306301212e-02
1.048247308396712402e-01
4.516409005923999881e-02
-1.721110663304377120e-01
3.905132788141758154e-02
-8.228066968961328387e-02
-7.470619621261467835e-02
4.470127835304964908e-02
-6.402826418980271661e-02
-1.189793485284800639e-01
1.053613795062533463e-02
1.074934489005237442e-01
-4.137153860932642202e-02
1.131410445973987378e-01
-4.585430513217411859e-03
-3.735697519570677777e-02
-1.016077776324003125e-02
-7.470487711093394545e-02
-9.426315762326857584e-02
-9.380047912286047784e-02
4.055380632011117148e-02
-4.750646864534084635e-02
-3.234334511218724117e-02
3.218087603114436895e-02
-1.489453149421732930e-02
-1.119462554953491312e-01
1.808107911219651934e-02
2.051927028623189431e-01
-8.680640285422348834e-02
1.513615941219532413e-01
7.752691947210642309e-02
-1.493374958005556086e-01
-1.282313908504572053e-01
2.310614635451201382e-01
2.124393811126931014e-02
5.087003317042643191e-01
-1.526509905344045070e-01
-1.531730986679737810e-02
5.690548945332893349e-02
8.254907962166774249e-02
1.541161078175532773e-01
-7.461357337433992265e-02
-1.764024299736649537e-02
-3.129321481000107291e-02
7.065644800133026593e-02
-1.712297082070326770e-01
-1.205283682484648705e-01
-1.085674527795765267e-02
1.206359378232426532e-01
2.259590611004228672e-02
1.413777147591261107e-01
-1.389380997119217531e-02
8.401225989236296710e-02
1.412214369804261002e-02
2.401608635627033167e-02
3.061166098605841088e-02
-2.624638154951858954e-02
-5.860247174090876116e-02
-3.501716608561715113e-03
-4.334621082756127258e-02
8.870154588024871736e-03
-1.028499671340868220e-02
-7.512277032898013671e-03
1.302319929505355300e-01
1.221607282371988366e-02
-3.438011957609144603e-02
-2.526984368695344915e-02
1.822419885841711773e-01
-1.213738013130268370e-02
-5.700029634100785003e-01
1.424748560996644819e-01
-1.762055261814178819e-01
-2.661031908172574734e-01
1.710488681704314118e-01
-3.281821033889792318e-03
3.319057457280762957e-01
-3.207389881049179103e-01
-8.760329286833911516e-03
8.332600929802852496e-02
1.841395211519052943e-01
1.228628633725320496e-01
2.407029984989324679e-03
-8.396916521494360644e-03
-7.688376776699003268e-02
3.383118332110189586e-02
7.213246310795687344e-02
-4.353417493031132290e-02
1.275310020485608264e-01
-2.794504126451358671e-03
9.989774957541482092e-02
-3.885296704286573394e-02
-2.086929365614970111e-02
6.235387170071662877e-02
2.728476503205708517e-02
-7.985070724672398146e-02
1.234448712833183803e-01
-4.563735178024829614e-02
8.849250991994060678e-02
-3.972995432427325890e-02
-1.738707701278447149e-01
-1.025639882904000877e-01
-7.134086581847504105e-02
-7.285277279914073589e-02
2.203189293377258787e-02
-1.259748772512577775e-01
-1.483219952206928094e-01
1.512453180604812486e-01
7.346419563996937907e-02
1.341909879840611497e-01
1.512606924494124261e-01
-2.827462333658615004e-02
-1.833780809442948634e-01
1.925063939117101497e-01
1.772410861491653666e-02
-6.803442273567372571e-03
2.848831237439783740e-02
-5.098198437239453810e-03
6.156507067809042361e-02
3.500104120871040669e-02
2.351887376284107073e-02
-6.413276535325186656e-02
-2.177509335559265138e-02
-2.694533332945212023e-02
-3.305299064585295876e-02
8.674000756797700315e-03
-2.261534639532709542e-02
5.242726326892672289e-02
-5.822852148508662201e-02
-1.610097257956197569e-01
1.458657928373544715e-02
-1.490502651736231969e-02
-1.666236560570985223e-02
-6.350248198893196361e-02
6.983209870955961462e-02
-9.576719468143793726e-03
-3.456302029041762036e-02
-5.741793452054315405e-02
-8.175051903117602770e-02
-2.469485110864334809e-02
-9.637660381965015843e-02
-2.213496237381604517e-03
-5.327746878849601124e-03
-5.256654513512318272e-02
7.802921955318907477e-02
4.783993165059361591e-02
3.403723898909667006e-02
-6.579449225753565555e-02
1.230154434721781737e-01
-1.701899882776871514e-02
-2.760434275186929853e-01
7.254322786290595682e-02
1.339771734730932640e-01
-1.001752632942208149e-01
-1.651067909288234659e-01
6.196554433728112404e-02
-7.951157567484744282e-02
6.689650216144330530e-01
9.131914053375661533e-02
-1.202418029992902843e-01
7.896876719903592190e-02
-2.513790168986587692e-02
-1.993110608744117981e-02
6.826469678300925437e-02
2.259961190592933711e-02
1.467046830403335349e-03
-3.461015789950373789e-02
-1.319271694050523983e-02
-1.092766120211818327e-02
3.018663384295166077e-02
-1.704073082638388279e-03
-3.100178450061574428e-02
1.092550338269905781e-02
-4.393927817289193516e-02
-6.424614222867794898e-03
1.506843325397553418e-02
5.547043274158432700e-03
8.781794066138155774e-02
3.554264192960239488e-02
-5.720721332729428871e-02
5.972114497172260894e-02
1.071029029661265675e-01
-1.804198180772069726e-01
-1.233639040188704433e-01
-1.932993063367988845e-02
-1.092271243516126228e-01
6.177724158383161510e-03
-7.155966941839238260e-02
-1.902985262995751659e-02
-3.997066104517948276e-02
1.087200247775686190e-01
1.279336497952124341e-01
1.961340108030490068e-02
1.124863288508132775e-01
2.190357100940414081e-01
1.341091103260334538e-01
4.241091441920041838e-02
7.972801770863232468e-03
1.057008318230371474e-01
1.599223239594177726e-01
-7.577639157189314245e-02
-1.323842791403148367e-01
2.881179509840181910e-02
-7.625548672764750902e-02
1.502285162574445165e-01
2.758674103899332736e-02
-3.429525629849133200e-02
5.027211557674400588e-02
1.503549114024038680e-02
-6.309541318168721512e-03
2.678251333879542173e-01
-7.989459435938170082e-03
-2.626467945935190632e-02
-6.807178837228176210e-03
-3.656662402583654714e-02
-7.150226335126910748e-02
3.484349669206711353e-02
-7.268932584136340858e-02
-3.139471141193700410e-01
9.182499751707010049e-02
1.197335507023075812e-01
-1.494307340275370655e-01
5.249305879554180473e-03
-3.556764272135998217e-02
-7.196154510981595323e-03
1.092588810786956077e-01
-1.125299176937301082e-01
2.344551498873851947e-01
-1.804997338900330983e-01
-3.903102594911718459e-02
1.224830471932193549e-01
-4.696380807849107747e-02
-7.385199738099418668e-03
6.874183149716829588e-02
-4.232021326014621943e-02
-2.750310011678302590e-03
5.355468640981522581e-03
9.539429966511323022e-02
3.434900804247612710e-02
-1.351200202618286703e-02
-3.027493414387205130e-03
-1.268604035647337425e-01
-9.370770657447176355e-02
-1.112907021699670734e-01
-7.121914639778080536e-02
7.063826219085402036e-02
3.052340465637895517e-02
1.291828695737443945e-02
-2.077972321133755851e-02
1.298994350450446422e-01
1.151726803767223611e-01
2.086964823414762943e-02
-1.956705984927887762e-02
-5.500895169366734616e-03
9.969054217308596227e-03
5.478307081279235047e-02
-4.737787997239070736e-02
-2.842246516450131627e-02
2.358209243790776108e-02
-5.197471345873364706e-02
-2.114155841642609279e-01
9.710276066766897890e-03
-1.124092495190603946e-01
1.331369044579962246e-01
-1.194619705195020115e-01
-1.145661750111004185e-01
-5.985591955285252813e-02
-4.702815276516158355e-02
7.239301942560404102e-02
-7.192975056133739387e-02
-5.445852326900357115e-02
1.084940047076756453e-01
2.703887862698168276e-01
-1.309025507905503816e-01
9.285372209379787189e-02
-1.143266370108893260e-01
-7.494885247167359238e-03
-9.189998533866733377e-02
-8.927446491300687625e-02
-5.309687273835997715e-03
3.322126469885430117e-02
-8.795762933826711816e-02
-1.865755087515318655e-01
3.971080702697971088e-02
-4.019204530687579130e-02
-8.974496015605711030e-02
-6.970295997618900299e-03
-8.412169116276076164e-02
-1.834412078535102575e-02
5.189643181702068703e-02
-8.199216595788368089e-02
-1.202714459456744878e-01
8.043253473604070058e-02
1.135947635783828430e-01
4.955739796357078175e-02
-2.012642657186562711e-01
-2.209559119506828984e-01
6.573695790243623549e-02
-7.016148520560185065e-02
6.918936523655920545e-02
-1.293603617769531755e-01
6.892014361408944911e-02
9.017617236801926672e-02
5.933614058257891816e-02
1.882065816442870035e-02
1.344499306166415699e-02
-5.575129454927312683e-02
4.620415728665495936e-02
-1.623871047096562548e-01
-4.042564817263442217e-02
2.593252471857188102e-01
2.462131128094117993e-02
-7.222790953108872147e-02
2.809687978573676900e-02
1.898924316671614099e-01
-4.198582364311236048e-02
3.066051425071722372e-03
-1.210368153409397685e-01
-9.523651386735330904e-02
2.599972941923443803e-02
-2.158353430791947955e-02
5.299818426530939625e-02
6.427640306587599495e-02
1.456034531066050484e-02
4.716822181908217337e-02
-4.343656326814069463e-02
2.413383385934977365e-01
3.848372303747496503e-02
-6.710734696529097737e-03
9.456566810870210837e-02
1.430476920523879869e-01
-4.299713857218816909e-02
-1.539975391309145736e-01
1.301070224404337894e-01
-7.394463229758610479e-02
-4.969398522868029300e-02
1.102795832749359356e-01
3.635267366753144186e-02
-6.714066318129485733e-02
-7.651561441872134495e-02
6.707358770713352583e-04
9.391270092716253468e-04
-9.328640250814858705e-04
1.308794608896114267e-05
-1.109987289305989751e-03
1.289843528562942699e-03
4.536777424404081298e-04
-1.001949824589012114e-03
5.183039626671451239e-04
-5.194802353217332436e-04
2.211513841628609707e-03
7.266550652969241324e-05
-4.419901049979478515e-04
1.146759884658521801e-03
-5.994111031913017468e-04
-1.083994309343994013e-03
-5.062554379963622730e-02
4.467200307209162613e-02
-5.026262251497518596e-01
-1.020162527161354443e-01
1.345039943316616859e-01
3.492817176174123905e-01
1.490717722669666623e-01
1.322172634150128590e-01
-1.117976886357603672e-01
-3.506912897874916446e-01
7.225323982530007516e-02
-7.954684338982458136e-02
8.345172362220930340e-02
1.807232612883506295e-03
-1.401323336047270163e-01
-5.143237956783720810e-02
-1.817752998212730786e-01
1.550917361057453474e-02
1.158119865295531709e-01
-4.024577293344355072e-02
3.711617873996515132e-02
9.092432192612306951e-02
3.606686135312769936e-02
5.824105739413783928e-02
1.656395300498805095e-02
-3.896534133164170077e-02
-5.353346417834508458e-02
-4.866391094589343769e-02
-1.029354098055699496e-01
-1.110397056351854345e-01
2.393249743152175979e-01
-1.198360704708328894e-01
