-1.028048843128087642e-02
-1.494982888867582745e-02
6.439467220018083547e-03
1.456793753219681395e-02
-1.423942670111539785e-02
-1.464298864255654531e-02
1.562611076785832068e-02
-4.324831343338176801e-03
3.724091399510172894e-03
-4.522058529985046975e-03
8.867232992067673736e-03
2.928636058313940568e-02
5.381781078131611662e-02
3.032903127924631639e-02
-2.239358510429491703e-02
6.453306483579726409e-03
-2.098758417383287181e-02
1.043318571531921075e-03
1.221333199011076683e-02
-8.868339298716193531e-03
-7.393219897257475269e-03
9.638115368158259137e-04
-2.166865999195865828e-03
5.906082915467493477e-03
2.117306581998662594e-03
7.209346746007074848e-03
1.345572979008042604e-02
1.255721137603846467e-02
9.109375753761949843e-03
9.095473398666772957e-03
-3.507537512292175936e-03
-3.722133865961618575e-04
-9.489030074414810112e-03
-2.603755364823344409e-03
4.913119189337828048e-03
3.307134718457371489e-03
-2.007301744455105598e-03
2.526481465112778366e-02
3.808334369662919223e-03
-2.103647773791002609e-02
-2.335983872442088521e-02
-2.517887278879379562e-02
-2.314067874982573755e-02
-2.914330561887545912e-02
-7.646487629764211688e-03
-2.028377708673762339e-02
-3.083000519165849003e-03
9.232433415509616256e-03
-6.872173549131825598e-03
-3.634021451352949239e-03
5.175865746354626519e-03
4.667696515904209802e-03
3.151160236294041697e-03
-1.532967638474991724e-03
-1.705429787000816572e-03
6.602138902386343183e-03
1.591264639463668348e-02
5.171374545011769505e-03
3.830883656870337408e-03
-3.765084784222812696e-03
1.565122357261784433e-02
6.561098199023552430e-03
-1.512742307553231226e-02
-3.299214356586163688e-02
-1.831056223928382090e-02
2.429928692283926314e-02
-1.678004982818845706e-03
3.069170414052623322e-02
-2.171192009265435208e-02
3.719836113014485159e-03
-1.254488139085566285e-02
1.571878408977835095e-02
-1.910751006837013016e-02
-8.032337471169862311e-03
-3.586970601017353162e-03
-2.713012940816482768e-03
1.093814270478802621e-02
1.309617317567463371e-02
-8.081698455318043692e-03
1.037288326852868914e-03
1.985651341999666170e-03
-1.028081559141041761e-02
-3.723445898497714738e-03
-1.195554931213564740e-03
3.345936350783253015e-03
7.376068497786137344e-03
3.318939619264299912e-03
-6.094245273392900203e-03
1.845226548440187086e-03
5.152419270404195659e-03
-2.584499896628789442e-02
-4.065009553783240775e-02
-2.370359090967613311e-02
-1.498153577629514864e-03
1.176319085842746429e-02
2.334844663219628330e-02
8.204347209304007141e-03
2.039254214172703597e-02
-8.246693161167028760e-03
2.333177995208742667e-02
3.500351861505037604e-02
4.066230171436068658e-02
-2.829286736301055583e-03
-1.517043725492793699e-03
-2.049212059455122331e-02
1.666622897047140544e-03
-1.733195997787643008e-02
-4.228076745442370908e-03
1.049528270919665267e-03
6.355961504962856501e-03
5.072169553361890668e-04
2.227305313909941700e-02
1.429355143524727208e-02
-1.111199464786103916e-03
8.353285119868309946e-03
1.237742933761584339e-03
4.012103062891641918e-03
2.756260151844036610e-02
5.076771334489331086e-03
-5.042536545506190807e-03
-7.048451802631593849e-03
-1.906867146304879260e-02
2.198081553017737499e-02
-4.015475915922320747e-03
1.897635599902058748e-03
8.748815441250079941e-03
-1.146154039974413633e-02
-6.650661718903529140e-03
-1.260760319443617918e-02
9.826282135706979060e-03
1.707667569070912134e-02
9.575903045671128530e-03
1.589843383950162448e-02
1.298291810654864098e-02
4.955457339559606912e-03
3.627977044999031956e-03
7.001036140767412028e-03
-4.480139633179662517e-03
7.407851705808928249e-04
-1.936708763263396416e-02
-1.729204101484374881e-02
-1.303068891269030258e-03
-1.346621621351718791e-02
1.118067283493013719e-03
-3.923059672697885684e-03
-8.718142706538353770e-03
4.421780324607064473e-03
6.846506219318124024e-03
2.071970222479843984e-02
-4.202578650054382067e-03
1.625153458518820149e-02
1.362157808485232185e-02
-9.711770187891072270e-03
-8.148187006556423251e-03
-1.651695476865764440e-03
2.073862319609210900e-02
-1.825675544522345744e-03
4.590581929444551706e-02
-1.195961743019917194e-02
1.594955219848860628e-02
-2.593015105852614424e-02
-4.129217715891872822e-03
1.342706566980874164e-02
1.644762227472846032e-03
2.420837379286826588e-02
7.445133184919891511e-03
7.093357110840594303e-04
1.597253771161225369e-02
9.484046295739716886e-03
1.697234030882819244e-03
-4.910590465793900246e-03
2.326741928796065978e-02
-3.169153764458420251e-03
-1.012507496007426051e-03
6.989902508150153126e-03
-1.023510080028498109e-02
-3.975646876728881874e-04
5.472916155567526288e-03
9.180894964238177358e-03
2.231478902874268339e-02
-4.069431977976697284e-02
2.631100422996695415e-02
2.704646969161301779e-03
3.546861117459918639e-02
6.068251775948994495e-03
-4.495098185830119497e-02
-2.023450423508904930e-02
-3.402858944245454320e-02
6.693935020917604270e-03
-8.630935689665358845e-03
8.127735701029493651e-04
-8.464928472897013034e-04
-4.729624490208594184e-03
1.757413774154560626e-02
1.177691596372100989e-02
9.019746150961365297e-03
9.202901999604285940e-03
-7.439468470940372715e-04
-1.279173632719119748e-02
-1.432943702900325855e-02
2.125670600570370161e-02
-1.185644155673253909e-02
1.279768437646030405e-02
1.009618621345665865e-02
1.732900292074675969e-02
2.390842927905555484e-02
-7.072882152543444843e-03
-4.678991502950859138e-02
-2.513984104715220880e-02
6.061750251856730387e-02
-1.986044314334942107e-02
6.896195958997121400e-02
-3.686387190642571171e-02
3.710480151365590229e-02
-3.012000651001418144e-02
-5.654620471048501379e-02
6.540439995107582595e-03
1.291659481960712869e-02
1.424938236086837826e-02
1.077197075630610158e-02
1.364649316607289761e-02
-4.144058708810789519e-03
1.882232554814173512e-03
-1.953747825969905354e-03
-1.328417816451297855e-02
-1.081080661319575446e-05
-1.177163890619657618e-03
-5.429765037483558383e-03
-7.707756117090112415e-03
3.564604678749670481e-03
-3.210237754913389946e-03
-7.162616530158621986e-03
5.221093202768200235e-04
3.712797749382395866e-03
2.160681680027121826e-02
-1.219609409221471437e-02
-4.038595612463844603e-02
-2.236203979434716813e-02
-1.282001682414934084e-02
3.180255627870286206e-02
-3.962058111260737675e-02
1.935486891453648550e-02
-9.765082287085190271e-03
-1.737301823636161827e-02
6.992321564102377783e-03
3.508564792707819652e-02
-1.727498870774188541e-04
4.492836234067464074e-02
-3.836159145931639092e-02
3.947412938381593406e-02
-3.735824841586325717e-02
2.058098744163434912e-02
1.346565528891157347e-02
-2.626308620726572948e-03
-6.833895807119254664e-03
2.885678799038431802e-03
-1.323246387219137801e-02
-6.776847317159900028e-04
6.801499728142763011e-03
4.487693623868493388e-03
1.126339764080889691e-02
1.532962056030800872e-02
-9.365161248198814251e-03
-1.692482313833806873e-02
3.092242673974095538e-03
-3.017385764339279575e-02
1.672151886411530480e-02
-3.569559685134314226e-03
1.590873996591464154e-02
7.271968266418063140e-03
-9.624619688690074643e-03
-3.385625411374612939e-03
-4.268051385348389185e-04
-5.126089112436183967e-03
1.988640641575555555e-03
1.417791364832350284e-02
1.203843779719334034e-03
-4.704511721624282661e-03
-5.091898659617815313e-03
-7.249827406167812412e-03
-6.599078075714010991e-03
-2.027945694733422621e-02
-5.639419831533970702e-03
-1.526858085210635978e-02
6.784180298369541645e-04
-1.523183129403840944e-03
-3.078612951866992013e-03
5.700208073441698046e-03
1.396633393996158171e-02
1.345872793812656794e-03
3.652832810157735990e-03
1.953216584191796654e-02
6.454930782265765402e-03
-4.226497095217230000e-03
1.548694819225418387e-03
-5.791212954939896698e-03
-2.657565442216063001e-03
1.748080840957924945e-02
1.332179634934999501e-03
-1.727063325376152272e-02
1.315937215382757472e-02
8.081306898495692684e-03
-1.082378130140240584e-02
1.339435559302518119e-02
9.152860150476593501e-03
-1.630988495865888380e-03
-4.019020198773065600e-03
2.461568248677533776e-03
-4.916455199407170594e-03
3.496525479637456382e-03
1.582102758802539713e-02
8.095659621973467363e-03
-6.258404286462752354e-03
3.058118109354643257e-03
3.172991756753960283e-03
7.813456420686567270e-04
-5.534923259418260931e-03
4.020423976186268504e-03
5.347827399832015029e-03
-2.788408939691347011e-04
6.259825238875688222e-04
3.329803184668986586e-04
6.893470756929630586e-03
3.616236900662730697e-03
-4.126440230866383618e-03
-1.855090234421274617e-02
-2.213891369417868640e-02
1.141171834581754469e-03
-2.606300633111842402e-02
-2.940509175958963897e-02
-4.111575268597885378e-03
-1.126787716542779726e-02
-1.482733117492938783e-02
-9.135835153176799506e-03
-3.298890304143917152e-03
-5.242857704875860010e-03
2.003938819440830108e-03
5.345838222590265746e-05
-9.949530877517622635e-03
-2.119286898326264677e-03
-4.853196106561173673e-03
-1.399607010995302693e-02
8.966196788610885857e-03
1.405457886553534291e-03
-4.385129296155848740e-03
9.266694710392093040e-03
3.450329860551693082e-03
-1.050005876504782332e-02
4.868205271911842449e-03
-2.240224324364912829e-03
-1.791972668034111718e-02
-8.390654294652070966e-03
-1.151433395055062071e-02
1.856308655668532925e-02
4.956534288068710666e-03
2.488802779584563252e-02
-1.743488201419059191e-02
-1.276047609348137692e-03
5.768515858215450196e-03
2.577143394442548991e-03
-1.024578512452725687e-02
-2.219978791563325358e-03
1.369587230456325092e-02
-5.821345042132969327e-03
-1.587032429829663121e-03
5.448688143391121168e-03
2.642334897810399898e-03
-2.738842225041200639e-04
3.373255599414354006e-03
5.987087469908907887e-04
7.876559711749275827e-03
-1.058908716057691555e-03
4.419271299682576287e-03
1.380880573462265302e-02
4.598828561171939546e-04
-3.356009446111510221e-03
1.601200912401216534e-03
-3.491281082316533089e-03
-9.887350686927549176e-03
-1.664704693230416657e-02
7.087213452938335469e-03
-2.242877638771643284e-02
4.674130451557660486e-03
2.329807673132116078e-02
-1.654461255727606057e-03
2.015180414395628325e-02
2.629525916841050741e-03
-3.105569176310465224e-03
1.051706536056219070e-03
-1.567424156433735657e-02
1.435690793225556476e-02
-5.919806081346331260e-03
-3.169010502595183409e-02
4.789258712751712915e-03
9.678571836282881936e-05
-1.509174252633103258e-02
-7.326253760903930594e-03
9.873981399473420045e-03
1.608412404821375416e-02
-7.977816372510009371e-03
5.717979871340139568e-03
1.127664578347305734e-02
-9.545125434140343257e-03
-7.350191137966205143e-03
2.697864906198845034e-03
-5.972961701784741152e-03
1.003954572027161360e-03
2.662351356264905725e-02
-1.084186468017922338e-02
-1.972798760510208194e-02
1.669996042985673682e-02
-1.298759204448981857e-03
-1.722032834870079396e-02
-1.091827223905421883e-02
2.689968309730914140e-03
1.226222489020197502e-02
1.128909498165580130e-02
1.342930181033808595e-02
1.697617345964601634e-02
8.087545661385546827e-03
1.622421851356444650e-02
9.679250583350233056e-03
2.508754887553057717e-03
-3.036166117651060200e-03
-4.175638575230059511e-03
7.461965813173525135e-03
5.772500346627423666e-03
-8.594568382385486469e-03
6.924918181439880440e-04
6.486395827879637942e-03
-9.297332567869496384e-03
-1.146444336447694640e-02
-1.605047797745026011e-02
-2.387802133124960341e-02
3.911063955456763747e-02
-1.572504071582686222e-02
-2.897841727958938227e-02
2.762511138527450408e-03
2.048754899904083049e-02
5.695839115286837652e-03
-1.363903917692464544e-02
2.750228833210286924e-02
-4.227224672319631303e-03
-1.816908231407341270e-02
5.028289045807741303e-03
-2.302593884915477181e-03
1.601865771287636899e-03
-8.722296374251245488e-03
-1.347699458889748542e-02
1.224817004150812079e-02
1.774216324986473831e-02
-3.584285414693875321e-02
-1.935117721600664725e-02
3.002976726933367230e-02
-8.215504890118283110e-03
-3.576232789726325068e-03
3.449585760659543143e-02
1.899061094000838862e-02
-1.702640447715474820e-02
2.250468597095964945e-02
1.488843151699276689e-02
2.509908861146439504e-02
2.227625600636223141e-02
-2.901877321937604975e-02
-7.800142937092610466e-03
-5.699177772126901194e-03
-4.047825545145022907e-02
3.983290692400617419e-07
1.342411688122546395e-02
2.885370698912321716e-02
-2.401828534459889489e-02
-2.784135577835706449e-03
-2.069187182757432908e-02
-4.676730563729052798e-02
-3.182108959565995571e-02
-3.685527135944635657e-02
-3.499324054248497350e-05
-1.615113352073478496e-03
-8.853457097411310261e-03
-1.276770769944736428e-02
-3.825626763706632596e-03
3.691276918901974756e-03
-6.914221362157344820e-03
1.679078836670173111e-03
4.212242483266357210e-03
-1.901100671564849923e-02
1.367373340482771690e-02
1.043713588258748416e-02
1.172851048660264288e-02
1.802081641459531147e-02
3.161571692692654711e-03
-7.448676651196506869e-03
4.092763037065396022e-03
2.519698981957611481e-03
-1.267789706730452874e-02
-4.091360087548740615e-02
2.403268403700667584e-03
3.342298073636695843e-02
-2.887235041852788398e-02
3.310782242095233058e-02
1.518364493116355039e-02
-2.696071929286825500e-02
-8.828058802280317006e-04
-3.669977744425791805e-02
-3.290403791912252518e-02
4.200109300633778769e-03
2.215294701536918778e-02
-2.625580625632172038e-02
2.981692609104452663e-02
2.885064615836355900e-02
-2.152698773700816026e-02
9.514988426836666971e-03
-4.955844090606223960e-03
3.081602745221497311e-02
5.587868310240003134e-03
2.913825802821850327e-03
2.185332097227171699e-02
-1.519078343201204356e-02
-1.741774612765759761e-02
1.677970935563334251e-02
-3.138818211094751738e-03
5.759139941721606003e-03
2.091718320988832525e-03
2.769264560465684033e-02
-7.617782806792286650e-03
-4.241492598777172295e-03
1.886770950976878608e-02
-4.388026777564031991e-03
-4.046230778067283484e-02
2.870332614634258511e-02
-8.732738468514661401e-03
-4.453519068070317796e-04
5.807241185867204752e-03
-1.864620972802341625e-02
-7.026587470673738636e-03
-1.792787069973368966e-02
-4.442533696972610080e-02
-1.661844647573145969e-02
-2.551230076401783675e-02
-6.096071406618187687e-03
1.187322590490172414e-02
-1.273214719868778592e-02
-6.746748543406964720e-03
8.984244704476748375e-03
-3.042193930424611642e-02
-7.630862908159203629e-03
1.331200879826704465e-02
-1.779434381414271224e-02
1.694505609328732579e-02
-4.362323224378841444e-03
-4.362749966888392061e-02
-4.282812576499864937e-02
-5.005230924921967584e-02
-2.829944498998637065e-02
5.591626284393703267e-02
-5.599782862104035752e-02
5.134190490004736721e-03
5.631624989754781263e-02
1.096122394808868653e-02
1.935327813393911481e-02
3.634490876859016589e-02
-1.457265773533913955e-02
1.697761970247427862e-03
1.804230740663257532e-02
-2.378485781064120647e-02
-6.901987733124499529e-03
2.044768600976060342e-03
-1.698482544259687088e-02
-6.342289253046748398e-02
-4.311355442099974733e-02
-7.303960407875659255e-02
-6.295890647575067001e-02
3.172706598985831211e-02
-5.270738192799615668e-02
2.531223917291657976e-03
8.623973167505144533e-02
-6.127770360105541138e-03
-1.489232451453361729e-03
2.520328079629215613e-03
-5.910078666379138534e-03
-3.901086089583492324e-03
5.760788915379417424e-03
1.045744402003777329e-02
-7.201331503344125980e-03
1.156189966952359850e-02
-1.288317777213004653e-03
1.354428917559271327e-02
-1.381482517916271351e-02
-7.630831114613541993e-03
4.310922335131172831e-03
-2.290135596562446405e-02
1.231368860854833427e-04
1.875052651886957274e-03
-2.608202194565703829e-03
-1.784022154517518957e-02
-6.608267813686187790e-04
8.705200395376777936e-03
-1.583262068256615501e-02
7.114656923548757887e-04
2.301246924364350188e-02
-2.219654459591158605e-02
-1.516379395918174104e-02
1.185906549401694217e-02
1.193201116885739439e-02
-5.619859727206578427e-03
3.772798199679521999e-03
1.743397897738303143e-02
3.566752978481711744e-03
-6.754510576478855999e-03
6.648076893415276814e-03
6.647049967438831662e-03
-1.521160219249977595e-02
9.148510992468161795e-03
3.579167040868212746e-03
-1.801024579609307799e-02
2.542575091991170280e-02
-7.441278797653564682e-03
-3.693514699262474832e-02
1.337960989557827364e-02
-9.127577414769529052e-03
-1.844118583506540454e-02
-1.125730024691806025e-02
-9.169719674822400871e-03
-1.258080621854716554e-03
-4.189430684702798863e-03
-1.010979268989734741e-03
-2.692567106052381706e-04
-7.247566965880299777e-03
-2.679318015153911957e-03
-7.457122798433015939e-03
6.697246852541396435e-03
-1.490487598845741113e-02
-6.525025284141410323e-03
1.240932900957101952e-02
2.759002346151565293e-03
-1.291322950638729497e-02
9.576942989303881618e-03
-1.033899949860695973e-03
-2.522866673306387725e-02
-1.013492449979938766e-02
7.968664277782014707e-03
-8.126598566066322790e-03
-2.485116654779042505e-02
4.545035411516572255e-02
-2.098647832468084062e-02
-1.076691986273108081e-02
-5.920570797520168828e-03
9.951486433086886504e-03
1.052109738045933253e-02
6.842178010947367987e-03
1.192991479817062661e-02
1.006621591534296797e-02
8.789431274298391186e-04
3.077663643267039909e-03
1.033568683870844315e-02
3.158496965612893684e-03
6.555292005506698936e-04
-4.443566705771249958e-03
-1.142618831842411769e-04
-9.144267566511200124e-03
1.744034200446083118e-03
6.569463274242529939e-03
-5.507073857934433048e-03
4.345095852345157335e-03
-1.056685035391937777e-03
-9.126709582068841253e-03
8.482739845511880553e-03
-2.233881622159270691e-02
-5.087479140590836502e-03
-9.806337753343705166e-03
-1.696563793955646257e-02
2.888091193264200399e-02
-1.497964842015889891e-02
1.054941316773418819e-02
1.014895568197824588e-02
5.329157313424324853e-03
1.673400319851016047e-02
-2.326341283990856351e-02
1.737553261316559378e-02
3.391805846607909986e-02
-3.999268744836595446e-02
2.013944882968046052e-02
2.460625019323795307e-02
-1.084201949157669390e-02
-1.149710224542167120e-02
1.094065450673688614e-02
4.936691096988792861e-03
-7.473941210328860670e-03
9.226527237509010715e-03
7.586952766787768802e-03
-3.512255788056338219e-03
4.376336421664800934e-03
1.147703255828945966e-02
-1.072472128647440279e-02
-1.572718689370119355e-02
-7.817156513095299556e-04
-1.130431301385729712e-02
-1.480684299351592813e-02
4.197140795375694372e-03
-2.661764536007857514e-03
-1.339530606632272948e-02
-1.111316089433763386e-02
9.859953595179476310e-03
8.233338046116580808e-03
9.912465639420603783e-03
1.497223861564280986e-02
1.459440475686179031e-02
8.114063987003670986e-03
1.404398566779469296e-02
8.573005850414618795e-03
7.586591779921356832e-03
3.289901112654600515e-03
-3.788457201729462410e-03
1.013629945991536760e-02
3.444230459942624950e-04
-5.350487638778788670e-03
9.492501628570532840e-03
-7.578749607750530533e-03
-1.619371736557532289e-03
-3.270484130324527255e-04
7.537193657217375331e-03
9.098826673652209499e-03
1.234217846726009919e-02
2.766320943300902904e-02
1.647888149950646128e-02
5.804015209943681405e-03
2.353604655438264540e-02
-6.435001912417632856e-03
2.392204850255098304e-03
-3.363811827786770958e-02
-2.342985855946631401e-03
-3.437330206970070799e-04
2.000414266841846547e-02
2.381647411239110057e-02
1.124899831032332397e-02
-1.114197774795737221e-02
-1.732358737517102065e-02
-2.222700482706724181e-03
-4.127211254105109771e-03
-3.382602391369941407e-03
1.865190291164127434e-02
-1.432844825333855904e-02
-4.276231152491618420e-03
1.743556133195054564e-02
2.370856496886332172e-03
8.209776524287884167e-03
2.464268909783279629e-02
-3.298035434757711978e-03
-9.600443469893525303e-03
9.677453412905689598e-03
-7.335178167280737363e-03
-8.255364557006426504e-03
-4.012270352833094411e-03
-6.877189178438503254e-04
1.269545745936491790e-02
1.840532673138952149e-02
5.082534027067089899e-02
8.708288887834021372e-03
-1.459888487464766453e-02
1.261916296422230764e-02
-2.460927564546243687e-02
-2.283269510058907187e-02
-2.469594031559681560e-02
-2.737903532147727831e-02
-2.530065162219393912e-03
9.020366739317232582e-03
1.491589142358952166e-02
5.993413483901811369e-03
1.408447480114606229e-02
1.343972069203499056e-02
1.689258859355570659e-04
2.360999738488496285e-04
-4.766815284290426905e-03
-1.106637960510060623e-02
-7.640977772752789027e-03
1.128328506738855014e-02
1.518995251399009143e-02
1.787795508488323332e-02
1.148178875217759423e-02
4.483969970776893743e-03
9.108597756531146283e-03
-1.037702954249651241e-02
-1.119387114241593775e-02
-2.325279921518013868e-02
8.020645461197760395e-03
-1.641972338118243696e-02
3.147961205542798568e-02
2.082116249378582196e-02
-1.495353136515368067e-02
1.808423831047447413e-03
-1.818311015075323167e-02
-1.483247809484097325e-02
-1.441283227425887818e-02
-9.110105798428426091e-03
-1.213283740219792302e-02
-9.246881608542060690e-03
2.238630527850598597e-04
5.803522161972368872e-03
-4.668554502690293794e-04
5.424139634244087502e-03
4.108439022282297723e-03
-1.438341489103891688e-02
2.932545835303451730e-05
1.355646790822179128e-04
1.475444717461994563e-03
9.226668423972725352e-03
5.837873844022197119e-03
1.495766237642894448e-03
7.242994364239493596e-04
-4.231761739066627892e-03
-5.521485737384660558e-02
-2.499034456783981971e-03
-7.969661525739208524e-03
-3.058329845523711371e-02
1.373297093450263906e-02
-6.832413853762526676e-03
-2.368947193123423223e-02
4.206741814166586185e-02
1.333001338104147435e-02
4.043434600050563321e-02
1.243633051576596184e-02
-6.200523420963673094e-03
2.151963820853955781e-02
-1.590864663277271468e-02
-7.556398213055312736e-03
1.150439410416984054e-02
-1.648935606368916174e-02
-1.126643716118782938e-02
4.318411514645716098e-03
-1.706898977672345087e-03
4.531974740569383840e-03
6.434799244622557181e-03
7.218532157687584938e-03
1.639402581766858172e-02
4.795872142890001549e-03
-2.005757593074715579e-03
1.316751378281236229e-02
3.892758478037207544e-03
-8.985145571689284391e-03
2.075872248114203535e-03
-1.184351766737661363e-02
-2.678882520114718273e-03
3.253437062490752672e-03
-1.554295602047396337e-03
1.947841833426662561e-02
2.650746705169274367e-03
-3.560796395239985025e-03
1.114047046988343942e-03
1.548086863960929788e-02
6.951003539169260323e-03
1.372694755088202032e-02
1.982156088132424471e-02
5.682320837233986385e-03
1.634937652384507029e-02
8.272886028096436764e-03
6.888130184079217268e-03
-8.032456716239944408e-03
-6.887243385171868716e-03
-6.985220533702008253e-03
-1.141541046635009306e-02
-1.196632518531253082e-02
1.075114716318901391e-03
4.681356182007409810e-04
-5.974733165488576268e-03
4.247779453872470128e-03
1.969261088179724561e-02
6.698472424897184731e-03
9.544658591412587224e-04
-4.104209871723490423e-03
-1.167203198909579423e-02
-8.144544836828200574e-03
-1.312736169673194703e-02
-2.590931150342072262e-02
3.917397343053961173e-02
6.337913415736561029e-02
4.434982811134319941e-02
-3.300288355576352396e-03
-1.172389097109027140e-02
-1.594216423596889892e-02
-3.669394000741242612e-02
-4.328084228358848595e-02
-4.130260355217184320e-02
-3.442887258300947849e-03
-4.572742927151654362e-03
9.340809063659760887e-04
5.185018378539772016e-03
2.962995062045273385e-03
6.569491912511724388e-03
2.324614908827785792e-02
1.897453981979708992e-02
2.685477426524325931e-02
-1.393651043115751165e-02
-1.521504498982351357e-02
-1.934935745223327619e-02
1.548805885087974153e-03
3.366287251227232085e-03
1.138636185633497278e-02
1.595429887021236268e-02
5.804297697458498870e-03
7.529674667110455508e-03
8.693401043904936884e-03
-1.587951637589435014e-03
-5.002718527556400223e-03
-1.115480390545543245e-03
-1.289268875978803047e-02
-4.151348776629871541e-03
-1.197750608236118619e-03
-9.975810216054098109e-03
4.239087170297000133e-04
1.528242639596218318e-02
1.408896211812875852e-02
1.747990010663834359e-02
5.370008828699015559e-03
1.135019537284290541e-03
-2.011329608477612114e-03
-9.203735979563332573e-03
-1.080978467030641391e-02
-1.354732893480261983e-02
1.429421104966133171e-02
1.515976968196216385e-02
1.392206552509495446e-02
5.089135705991019824e-03
2.196853338772172121e-03
-7.166943728494610394e-03
4.976908088609918387e-03
-1.383625901633583725e-02
-1.151813238720235215e-02
-1.521376543710157474e-03
1.889888869066962476e-02
-2.342314284757237609e-03
1.008472161173756647e-02
2.294083936217745923e-02
9.604940249174399609e-04
-2.203264228926289300e-02
-4.186370054728610207e-02
-1.303723598413713582e-02
-8.715929618457025907e-03
3.803496148330392200e-03
7.182295621705117941e-03
4.658839589614533969e-03
1.266252267919317637e-02
5.144119262134503288e-03
-1.256315428130788843e-02
-8.447518608739974441e-03
-1.203522292748589358e-02
-7.625660525712788657e-03
5.304894890430222713e-03
3.505571187836704385e-03
-2.335430953147625381e-03
2.263620765063266687e-03
-2.910868184400625461e-03
7.003907252673162095e-03
7.826818541138825733e-03
-1.497935160673025167e-03
9.783044057551956545e-04
-1.016501679813932094e-02
-3.223897802494140458e-03
-6.369887851658075084e-03
2.486866303148655387e-03
-1.564425559804784706e-04
-5.049569105060853526e-03
-3.570625885439780538e-03
-1.174806618503278742e-02
-2.325784198576539771e-03
-5.956622684740062353e-03
3.000688562157687099e-04
-6.562954893387247177e-03
-7.785529965867609217e-03
-2.217961392929566553e-03
7.748789338736706937e-03
5.085246710380926689e-03
5.103610746033825606e-03
-4.337454298202193977e-03
2.355925598176769001e-03
3.721376258109468458e-03
-4.323560364573962762e-03
-2.717175976725151338e-03
-3.910706686287760032e-03
-5.702307871579276191e-04
1.605994244119678159e-03
-2.667492120214101734e-03
-1.061591474063379101e-02
-1.087904031870148142e-02
-1.434119380576096524e-02
-2.890799181842499603e-04
6.143874553144358999e-03
3.698150492832527267e-03
1.769164953125872825e-02
1.704568885570677608e-02
1.630027691382385235e-02
-9.358609114477773119e-03
8.917942571428764433e-04
-9.106076771906262274e-03
-8.924228474051167440e-03
8.181711677149441919e-03
5.743661394709436742e-03
-1.076757312774620848e-02
7.921948320756809839e-03
4.338713076740777913e-03
-2.527487022668215098e-03
2.566444323649255156e-03
-2.947161253438511722e-03
-7.385903621040492556e-03
-2.789042894310206442e-03
-8.851390991185592583e-03
-1.284125165351703707e-02
-6.572537841538032659e-03
-7.445174420737586847e-03
-1.223775689550521233e-02
-1.130926071258209382e-03
-1.097189473455716970e-02
9.368717488780115054e-04
1.562128862454992793e-02
8.358925825446204133e-03
-2.386997487242449589e-02
-2.613654687245745359e-02
-2.957865748919687870e-02
2.069291745357708379e-02
3.751974710422711478e-03
9.383599396548899033e-03
-8.536220516650501206e-04
4.487150375074014375e-02
3.482981846683388255e-02
-4.176408296960749250e-02
-6.401431583379493806e-02
-5.379165352603890865e-02
2.102351228132812513e-02
8.462360870084272360e-03
1.205066500808692903e-02
-2.750281004484132503e-03
-1.619543862695636133e-02
-1.476514628447914319e-02
3.468330340706935605e-02
2.489719207931454653e-02
2.623223222480940142e-02
3.155515056065858349e-03
-2.094106223193575259e-03
1.185354296264241446e-03
-6.249817066345457299e-03
4.023856710237094965e-03
3.760595219083053171e-03
-9.171831477171745557e-04
-2.237419005247062026e-02
-6.692840800699284901e-03
-1.169625687508830773e-02
-3.616833819139694730e-03
1.297534317730909825e-02
-6.421748515828222710e-03
3.177493031836113591e-03
-1.432724566197883867e-02
-2.241787218428104023e-03
-1.497281305195277083e-03
-4.914794226585226383e-03
1.998604577870713092e-02
1.379066036779438842e-02
1.613669026594328690e-02
1.310108623548483960e-02
1.153095229315702526e-02
9.365107348696246475e-03
1.029662333111087740e-03
9.862501298004834973e-05
8.336161616359713403e-04
1.494065920182273063e-02
4.043532716099950894e-03
4.738780159743116033e-03
9.469118397815147470e-03
1.470285178388006965e-02
1.165994452860864665e-02
-2.410747611198534035e-03
-8.852815107491416799e-03
-4.025973334702661927e-04
-1.118892032043457101e-02
-2.818424228981380661e-02
-2.485181111828865461e-02
1.084932599867500028e-02
7.513582673384064381e-02
1.800958649950830381e-02
-4.205936078662174393e-02
-5.335957029279302793e-02
1.993979338690223761e-03
-1.298620482980366100e-02
-1.699180552602425065e-02
-1.702475707835974378e-02
3.733063024105621585e-03
6.936018116415253697e-03
8.056344783618970065e-03
-6.510509014310605046e-03
-4.545376799226856848e-03
-6.246322639161739493e-03
1.021546148373964069e-02
1.141558960373186341e-02
7.487968752529199773e-03
-1.187541014075075597e-02
-5.200870922422462864e-03
-6.946875672877953801e-03
-4.745480243864162642e-04
-1.885875841735503745e-03
-4.400896443290622587e-03
6.490881341623740142e-03
9.824151175672984557e-03
4.371488982525192912e-03
-1.777876998394901584e-02
-2.035968785332972070e-02
-6.559282616128402250e-03
-8.423890938820409501e-04
2.796185847985390750e-03
-2.634775056344538201e-03
6.001184962595804834e-03
-1.091808803118605661e-02
1.345199635727186219e-02
-4.205153224572225068e-03
4.880940420830954564e-03
-1.499907271223094654e-02
3.508635294245737550e-03
-6.565480731544550905e-03
1.816140080049648969e-02
7.070218968385550209e-03
1.639192732347395220e-03
-4.201404024206584382e-03
-5.804409953450940553e-03
6.015262102504169602e-03
-1.973678073563374120e-03
-7.872385848572435382e-03
2.162310785767982552e-03
-2.990317482967015921e-03
-2.181236500994205782e-02
-1.627228428075122579e-02
-1.203703853408436691e-02
-9.353954877939359115e-05
-4.611007312977317973e-03
-1.345660336911055736e-02
1.819597335744204541e-02
2.404406851472730769e-02
2.218035148856884256e-02
-1.648461950054150305e-03
-7.276004633225772143e-03
-1.391647203450384861e-02
-5.833520451906252895e-03
-4.135148353592924854e-03
-1.605221677681024917e-02
4.851043177055422602e-03
1.755212322882697060e-02
1.046494054447790964e-02
-1.698308609819439846e-02
-9.783803213799614068e-03
-2.729359702533914935e-03
-1.496207428041411609e-03
-3.758749649526066643e-03
-1.487696385832627290e-02
-2.977873123760317337e-03
3.069100559833409618e-03
2.667981893865938991e-03
-6.698739467572445601e-03
-1.216771255515979207e-02
7.331216555009792239e-03
-1.689788395450216030e-02
-1.909809526744692121e-02
1.976712863838849324e-02
1.777324090777595081e-02
2.537288238912941210e-02
4.505377471800927486e-02
1.057312936089211709e-02
-1.069579007972121763e-02
-4.007833723560435234e-03
-2.714441939209861002e-02
-3.325942891049381289e-02
2.208604950977627671e-03
-6.997005405199298311e-03
8.392723958449609329e-04
1.375907215826915712e-02
8.811434983900681348e-03
-1.820348721590895821e-02
-2.414719777743253720e-02
-6.075002979326307034e-03
-1.867257761660225807e-02
-5.343230058446997270e-03
-4.620116152044394936e-03
-5.832885595910306887e-04
8.829630546002749727e-03
8.768243927505693994e-03
2.920495622663954807e-02
3.601617822243938401e-03
2.234393137552012631e-02
7.338612001347284697e-03
-1.673550866496160278e-02
1.894072287560974455e-02
-1.784295513676531150e-02
-1.766671225473338130e-02
-1.252595736793948172e-02
-2.162399420785664304e-03
-5.336736385505923101e-03
5.955221061265635052e-03
1.828593933330530802e-02
-1.102660289151262754e-02
3.259181992545463237e-03
1.036632802860203498e-02
-1.416092119704010464e-02
-9.695140350864488166e-03
-2.110157888002264087e-02
-5.236918663147476297e-03
-9.814959171988924674e-03
-8.647768448923081122e-03
6.477375896884823847e-03
-8.990021029584328860e-03
8.530121843434389922e-03
1.999903762134175658e-02
-4.297424727741898202e-03
7.972722953843099786e-03
-1.021555748633402828e-03
-3.079306329501117333e-03
-2.456444660943059733e-03
-7.075813345048838701e-03
4.977517078586512177e-03
8.226127790542219972e-03
-5.009567570363953476e-03
-9.890236356943518312e-03
-1.428595203322926242e-02
2.799444709542925173e-03
-2.331891936506507584e-02
-1.497101508204515090e-02
2.989995488268209697e-02
-2.501942701515485340e-02
7.126032264322637588e-03
9.973241115809491214e-03
2.541043487445792271e-03
1.269661305375841508e-02
1.453739576152505639e-02
-1.349493667039607971e-02
-1.441743186070875826e-03
-6.826758728337096842e-03
-1.329741374518237165e-02
1.065596154366577498e-03
-1.950701449908159163e-02
1.979560297003076647e-02
1.115503948251309572e-02
-1.702933845634966095e-02
1.918466732247686365e-02
-1.212209295155378770e-03
-2.061282945749266446e-02
4.184638291930557058e-03
-1.056050959846864881e-02
-2.386464874612485854e-02
-4.114871602703489527e-03
5.387281100945610218e-03
-1.904573723675634031e-02
1.787327172723790145e-02
5.322660941934815627e-03
-9.796418276804857994e-03
1.200643893061104604e-02
-4.926793455646512332e-03
4.401011989525535108e-03
-2.263782448098817374e-02
-3.624909444195659799e-03
4.798729694128496710e-03
-1.211855731242981321e-02
2.221377571679926388e-02
5.245002966675253210e-03
-2.964309689606036378e-03
2.224025276056392983e-02
-2.052763312697220358e-02
1.371062331977448805e-02
5.007678097319701396e-05
-2.285474937287380534e-03
5.434933086519270779e-04
-1.581268424143297477e-02
-1.556926946206931180e-02
-1.310995450253427813e-02
-1.850146498402317416e-02
6.402729501064296461e-05
4.598452787332627315e-03
-1.007883760469724735e-02
9.007737575446934930e-03
5.430180369880531748e-04
-1.320210543249813497e-02
9.333316121796945281e-03
3.923554723610334950e-03
2.470823469406001078e-03
3.496652303387619287e-02
1.145570231031097126e-02
9.538705188308523042e-03
-7.905439442833213023e-03
-5.969297771118340333e-03
-3.355631948540592838e-03
-8.360642352324287527e-03
-1.704021581529182108e-02
-1.260989808980506749e-02
-1.509615337127291797e-02
1.360387903706521085e-03
-1.201651672317162987e-02
3.855085068536190894e-03
-1.039036784208185842e-02
-2.244198589119955622e-02
4.025340066677476989e-04
-1.224201705494838005e-02
-1.250570120387982029e-02
1.249734374532123285e-02
-2.013672246687624873e-02
-2.020830174196341922e-02
-1.357653498592970888e-02
1.175413203124075177e-02
1.586521396098502026e-02
-2.703779560613806324e-02
-4.324966646061223496e-02
1.779840832514815313e-02
-1.335535634425683710e-02
1.467579367346598038e-02
-4.559093763036149716e-02
4.644189790144027420e-03
4.804720446276089518e-02
-1.266479142532949201e-02
-5.331624445697229209e-02
-7.865933920258602260e-03
4.078585267284869781e-02
1.843203339711500105e-02
1.086229307392463928e-02
-2.079126992873706579e-03
2.085379771445323473e-03
1.345035130310329521e-02
7.061014818322628415e-03
8.383956196328886876e-03
5.745267217597734184e-03
-1.116031350602026762e-03
-2.129787809977454639e-03
-1.147956787409860208e-02
4.158153143806292765e-03
1.446159475123844768e-02
1.414362230164327959e-02
3.584873415912463897e-03
-9.863886157285344999e-03
-2.731594242765626561e-03
2.382277990012702032e-02
2.211093475316790180e-03
-3.019393210813288431e-02
1.607768052968275296e-02
4.560256683403018235e-02
-2.940496187618058671e-02
-3.730870227280518037e-02
6.915721818942715616e-04
1.695850481781999760e-03
-9.925743899186317392e-06
-4.101754859701607636e-02
-1.446347397319166887e-02
4.406839431674934582e-03
3.579106112649131644e-03
-4.327354356563880905e-04
3.656825991212862923e-03
3.429678362394417666e-03
-1.257077366189871068e-03
7.622390224453825906e-03
-9.671072896529910382e-03
-5.950442405116964512e-03
8.014122424824038837e-04
2.357163142674415998e-02
1.734586392414952730e-02
-1.529367722590836004e-02
-4.752678719058899860e-03
1.582627301278142010e-02
6.044459243392322212e-03
-1.315878463959495662e-02
-5.442242041596283275e-02
-3.896288595157377382e-02
4.823161338036380946e-02
5.598331720408491335e-02
-3.324013470408634235e-02
-2.124276427833044628e-02
-2.617160612035037554e-02
5.508761063452242285e-02
-2.713697342394132128e-02
-6.191870964335618663e-03
1.554861652363747270e-03
2.901899165943002887e-02
-1.281822313261106287e-02
-8.852948704306392094e-03
6.916675885472812861e-03
1.577163911571305985e-03
-5.509271633601379309e-03
-2.888469841109778460e-03
8.659012998733849747e-03
-1.642312200023477537e-03
-4.914457988078897027e-03
6.153260759195783303e-03
7.952607106074051010e-03
-3.209405794814069839e-03
-1.816985128886709766e-02
-1.774613704374160099e-03
2.849488533000841661e-03
-1.434893279314314101e-03
-9.123377994929314505e-03
-5.242032163232965107e-03
-1.088322540923940610e-02
9.002295387817153827e-03
9.571699639643512988e-03
-2.605678855011919065e-02
-1.492236840972576729e-02
5.993993865371709598e-03
-8.683851108956194137e-03
-9.019241922280242518e-03
5.113469327591557700e-02
2.938122007513464806e-02
-4.286349964833426063e-02
-4.056107228546917270e-04
2.377864073488973606e-02
3.442467479674839875e-02
-2.004601791630453503e-02
-5.229494688227633199e-03
-4.213277720182190440e-03
3.461529266368475969e-03
2.183375934484398269e-03
5.030543715106331089e-03
-4.523879919099032740e-03
-7.221604106179631451e-03
7.294118482110723348e-03
-3.451604083344764727e-03
4.094529742780286460e-03
3.582766143147440852e-02
-1.230236525765317744e-02
-2.912146418698389333e-02
3.398150568951886427e-03
3.864877255653731414e-02
2.074234539707366792e-03
-1.939055455057482613e-02
-2.163427501962124702e-02
-1.497434595428547704e-02
-2.254670724278955238e-03
3.529138121312875784e-03
1.509163137660784852e-02
5.108406414538507051e-03
1.259276530017295649e-02
-2.637331660081000412e-03
2.163613573846600874e-03
3.084313795386943360e-03
-2.241921041748443783e-02
9.689715240883587169e-03
5.825178673714419622e-03
-7.404602855628848734e-03
-1.126806924926231426e-02
4.435003128710127487e-03
-8.777063987168856954e-04
3.564221402690903855e-03
-4.832122046531484721e-03
-1.155327797909301221e-02
-1.045154265712196044e-02
-6.126009036124068982e-03
-6.275101042391892890e-03
-8.839508636267846831e-03
-7.660822639452891970e-04
9.779777169284029417e-03
5.520345172484597204e-03
6.323234937993895723e-03
-9.900380808024545135e-03
-1.271362669983800743e-02
-1.543018501339955481e-02
-3.447006658913877308e-03
-3.818448063217694428e-03
6.442052543005268549e-03
2.779523673321339372e-02
1.980845771192745255e-02
4.804343065023198613e-03
9.767508934956132746e-03
8.708621226388572542e-03
7.538891529541593556e-03
3.976913121896238218e-03
3.620761575719396320e-03
-1.364402315648290077e-03
-1.758797642014029231e-02
-1.610805848707917362e-02
-1.417186237899077314e-02
-1.055567108723997477e-02
-5.610066140222130272e-03
-9.755800416692118546e-03
6.560586412433655999e-03
1.026355055300358539e-02
-4.032298880898192196e-03
-8.205515047515558983e-06
7.816018416833007878e-04
-4.606861076195228367e-03
1.513507471871832497e-03
-4.446820720257375209e-03
-1.513947152442495555e-03
1.255183335364948305e-02
-6.345955026868889404e-03
6.657503946321455387e-04
6.619413919460950292e-03
-2.174076952540386024e-03
1.301788295731006080e-02
-5.080254424356607556e-04
-2.109208895341750396e-03
-4.486560897971274275e-03
-6.745405836851374112e-03
-7.180541749100612624e-03
-1.268360939707475349e-02
-1.329916725367837754e-02
-6.879123858993466643e-03
-1.312759910707303641e-02
-3.090289664641174966e-03
-8.038795525608175962e-04
-9.197655603930258994e-03
-2.217013243850385947e-03
5.702980355539774126e-04
-5.319608906794851856e-04
-4.962697192024021972e-03
-8.182225127226131975e-03
-4.053208827791894044e-03
-5.654264152924323369e-03
-1.316573060687080757e-02
4.438725910978085637e-03
-7.404379958148691893e-04
-2.615107585323839245e-02
1.760959461016181268e-02
1.108334239492868301e-02
-1.287122723322270228e-02
2.158368150311380448e-02
1.361321095575543372e-02
3.907559918262817032e-03
5.489584897223294402e-03
-1.435750940767282612e-03
-5.889450436578414112e-03
-9.487023751281432275e-04
1.129643068376673040e-02
5.644780674603410743e-03
2.679604914924741798e-03
-1.033665250555160231e-02
-1.030997040245454181e-02
-4.198443007948336921e-03
-1.181654346434458241e-03
-3.317135335997560205e-03
2.453303449428058131e-03
-2.484536617327670182e-03
-5.263010823029232697e-03
-3.581912391799958392e-03
-5.388959750179811090e-03
-2.950848208567547837e-04
-1.198739072363390855e-02
-1.550029619396767720e-02
2.694521685205521298e-03
-1.904371529359845383e-02
2.572258623206939189e-03
1.281616600838429189e-02
1.295317843161201792e-02
9.701232146603946602e-03
6.811054967701806254e-03
1.500195737980985176e-02
1.365728100927314156e-02
-3.115763994882319882e-03
1.546626646881877135e-02
-7.448993880347752486e-04
-5.214335081815990895e-04
1.238880357444514281e-02
-8.563511633633096726e-03
-1.937087877393071575e-02
-1.169071187526040528e-02
5.220234185668779642e-03
-1.079254022804757712e-02
-5.529902661453717054e-03
8.652850915476465593e-03
-6.732329891781896163e-03
-1.747375725348988829e-02
-3.718664850518494606e-03
-6.061798476711316441e-03
-1.313034963947731955e-02
-9.734948127296562392e-03
-6.250746144278509879e-03
-8.177765269167724602e-03
-9.384029926317006068e-03
-3.335136108072487421e-03
-8.585883923038275037e-03
1.577776531728610279e-02
1.149109048979067398e-02
1.412147107432389949e-02
1.378331321947660025e-02
4.990359809767930428e-03
7.695950891671752073e-03
1.362011721134485411e-02
4.376730444747060043e-03
-8.524831376067878248e-05
-3.740297539209141487e-04
-2.850484880514187521e-03
-1.391875270569347843e-03
-5.044699135755273053e-03
-3.248644803177053696e-03
-9.488896271257794141e-03
2.151976766065058012e-04
5.094284415572322353e-03
-1.282999200669720889e-02
8.651903127923922174e-03
9.071761093160881154e-03
1.825044826929726055e-02
-4.080519277310832400e-04
-1.506756988810846291e-02
-4.035808378222245293e-03
3.104904724361920790e-02
1.496753634000404232e-02
6.411144495971536975e-03
1.214024107903989851e-04
-2.238552507835699437e-02
-1.085075539084023774e-04
-2.670375892010618674e-02
-1.028077731416877395e-02
1.709080290030165830e-02
3.431787307785177064e-03
2.758881115339093318e-02
1.844952994630204637e-02
5.900283877174027948e-03
6.995243494848123363e-03
3.909566458980157436e-03
1.297157649164461940e-02
1.105824066882160270e-02
1.611278243961660958e-02
-2.755888680693146554e-03
-4.723269482290032122e-03
8.660870982636518361e-03
-1.847854446735941545e-03
6.204948902247091336e-03
1.058192952226279411e-02
1.191120873273389391e-02
8.808251358705896164e-03
1.607769476650577727e-03
2.481537850115343724e-02
8.489432879095081333e-03
-1.283298200520741929e-02
-4.209413594079002702e-02
-3.648415791101884686e-02
-2.756647723458130299e-03
-4.064079380241817805e-04
5.619924689230153259e-02
3.024015306602510778e-02
8.736895399284421229e-03
-2.922617155383878257e-03
-3.516817106068787641e-02
5.367039393662026252e-03
2.844052382023504969e-03
-4.624842707443945107e-03
-7.450449526845860822e-03
-5.999616292765317348e-03
-5.878102090890831820e-03
-1.317024982712991857e-02
-2.976629736814050044e-03
-1.051848809891703547e-02
2.520488636483920672e-02
-2.219608566076938447e-03
-6.376308442230068339e-03
-8.137976505512492867e-03
-8.984783674565482992e-03
1.624868254696985523e-02
-8.104566744827190056e-03
1.457380548256765121e-02
2.216708193882658065e-02
1.893402952147972551e-02
-2.504788748740469431e-02
-2.434591264333948665e-02
-3.025039467630063345e-02
-1.580455006203594854e-03
1.114859281071854669e-02
-1.611047277898903021e-02
1.553496096603662439e-02
-6.864785601279880904e-03
1.766825180442915116e-02
-2.826323340653300216e-03
-8.711121962485855394e-03
-3.399330433971298453e-03
-3.639446721488900915e-03
-5.158570991288456177e-03
-1.434775355689263919e-02
-5.832387414103432609e-03
-1.104427390397689189e-02
-1.689593962742380259e-04
-4.272753640736782869e-03
-8.516621809835245999e-03
-1.189503030922628261e-02
-8.450895698814341397e-03
-4.660418635522043350e-03
-1.082208293173671232e-02
-2.543050416610871060e-03
-9.700835704421829561e-03
3.528462736226694197e-03
4.325702779360170863e-02
-1.792725236859754254e-02
3.289656111327955712e-02
-1.229174523199483282e-03
-3.989371105681518981e-02
-4.403767553716187583e-02
-5.090579765987553879e-02
-1.651961073317523288e-02
-2.858399680667696521e-02
-3.858125821672560296e-02
2.165362858761096104e-02
-8.598017436089889359e-03
4.096591869495706112e-02
3.951559355921679950e-02
1.882415663011731757e-02
2.481564577923892068e-02
-2.493084668374980634e-02
7.944672354799953151e-03
-1.476740579899713489e-02
-1.872529343605387362e-03
-4.884816136845705932e-03
-1.492335851220816939e-02
-1.244487802641509313e-03
3.836551485583641983e-03
8.874218289981599186e-03
2.033682775401965404e-02
1.018779963754322740e-02
4.630310974092836929e-02
-4.367907743913962415e-03
4.151445566961555617e-02
1.505365522899152798e-02
-3.013667595026378945e-02
-3.198647518254394556e-02
-4.052456428224498336e-02
-1.044238930336756875e-02
2.501153901766840770e-02
4.861784325257316811e-03
-1.465778331210370634e-02
5.873734658982903215e-03
-3.678332308203292184e-03
-1.822178741924189004e-03
-1.258811073255793750e-02
-4.270894573164427284e-03
-2.024496373608361890e-03
-3.018937157967276595e-03
8.491223102312085019e-03
1.344803072647141398e-02
1.503262260348697636e-02
4.374919339023118289e-03
-1.076311166687618157e-02
7.027849531431929787e-04
-6.561305779030319335e-03
-1.095267662417060903e-02
3.413055904622791948e-03
5.549290915400230785e-04
8.725017765460391095e-03
4.726685550108102735e-03
-1.743435867781995127e-03
1.464997972965115160e-03
1.386382681604401458e-02
1.306136050377274850e-02
1.549095885931988867e-02
5.370214661509659440e-03
7.722294494908864097e-03
6.524206233416169481e-03
9.606913271322509509e-03
3.084047560437776968e-05
1.650619901972207731e-03
1.191391978074783685e-03
-3.298035691232260717e-04
-1.783063459094710477e-03
-7.324400055606803892e-03
-7.305917814622417579e-03
-2.913758774071567928e-03
1.160631064629759167e-04
4.499493798378407898e-03
8.086637929981085882e-03
9.523476306844216172e-03
1.415342762639092145e-02
1.449782102332642514e-02
-2.790037322574622381e-03
-4.830367284873664062e-03
-1.083475050954882737e-02
-1.279917047326235673e-02
-8.083605068892977044e-03
-1.019191882167964393e-02
-4.574814677580490811e-03
-4.673654802987041619e-03
-6.937787355972704385e-03
8.882475614435763472e-03
-6.033921801628990868e-03
-1.029382612748264668e-02
-9.399833151658768676e-03
-1.061944824242479733e-02
-8.321462192411132122e-03
-1.399330822020112761e-02
-1.296773863782280795e-02
-7.016181624089331235e-03
-8.294436513155178589e-03
-2.035168959175947829e-03
-7.084169898506687858e-04
-1.628812482172865535e-03
1.844232883599484715e-03
2.008413954062936851e-03
-4.573462945224719711e-04
-3.349904410717038407e-03
-4.674160969670403121e-03
-2.224113652574293432e-03
1.288014386326984161e-03
-6.630469676955127317e-03
-1.755122195878972783e-03
2.053267479250461044e-03
-2.525141412928986421e-03
-4.727685983815148839e-03
-2.982594856126201920e-03
-6.587912010020499642e-03
9.490415430626000445e-03
1.212754333356323190e-02
5.273035142233972565e-03
3.619133693532291998e-03
-1.198736654978021197e-03
-6.419899680288148475e-03
-7.019255013003874305e-04
-2.790853742703765066e-03
-5.781217524469514646e-03
1.654514194945627724e-03
9.958891580319656142e-03
7.592105837065731000e-03
4.042337674214281640e-03
7.648955685107761138e-03
5.999075459082720170e-03
-2.071254245999312304e-03
3.890637708393044052e-03
3.126337743717926519e-03
-3.850497052043531411e-03
-8.110736810333009361e-03
-6.413318996027940998e-03
-5.045014898256622304e-03
-8.568413760181548336e-03
-6.769240748766740604e-03
-3.503411745138490085e-03
-5.167165077299698366e-03
-3.324416546900790456e-03
2.119872978721586056e-03
7.507839518045603469e-03
2.396902229766848576e-03
4.813611701754290720e-03
2.531238608842753448e-03
1.395309081966964100e-04
-5.664419777857378734e-03
-5.860667240661837640e-03
-1.293426868924584276e-03
9.580444461647670204e-03
4.070312394444183454e-03
1.335905808400624352e-04
-1.185433921949819282e-03
1.121926869662094161e-03
1.122328560782668476e-03
-1.008114902875866144e-02
-4.188384439394771293e-03
-2.470258285451541660e-03
-9.565330686646051142e-03
-9.523593233934953342e-03
-6.027905747597513478e-03
-8.056864636551600012e-03
-3.128600058727240563e-03
4.273442172012836826e-03
-7.295028763723797154e-03
1.601144738670862632e-03
9.288622209035559546e-03
-4.250357694533667303e-03
-1.198468533225850036e-02
-5.813278656816027630e-03
-4.351092970087905819e-03
-8.081572296594244365e-03
1.072567615944356031e-03
-1.256386073920925765e-03
-6.465003012099472014e-03
-5.466248364279637726e-05
2.939749182935623428e-03
5.807602691608941374e-03
4.815221949905073608e-03
2.844944766747928896e-03
5.413953154093683121e-03
3.777716146576559023e-03
-4.112740027416543140e-03
-5.892395527455067828e-04
-4.668404293728117480e-03
-5.685640837614666480e-03
-1.191293900734808307e-02
-4.576266608519918323e-03
1.282716399150537210e-03
9.867611705361215273e-04
9.034561715590576358e-03
1.163713593862605693e-02
1.162378072637409131e-02
1.170237021789295555e-02
-1.275432339797243249e-02
-1.289882394018523372e-02
-4.459784372786100223e-03
-1.147517190817282789e-02
-2.799964910201018647e-02
-2.829787477868684134e-02
-3.891697762215600050e-03
1.635121969552229965e-02
1.206244484744936965e-02
-1.250627733477506671e-02
2.105916688197685249e-03
-8.192632528227045477e-03
-4.022471540958767050e-02
-8.543981175057278887e-02
-5.225598798164475534e-02
8.523522236100214422e-03
6.270265851069593832e-02
4.316807208388185463e-02
2.748597915318472945e-02
1.319582087587643782e-02
1.698148351118924232e-02
2.922256260263836683e-02
1.385272146712172685e-02
2.232061004580969399e-02
3.856542518903488450e-03
-1.589714569223782056e-02
-1.118738249888565593e-02
1.544151668912780101e-03
1.198914201513117013e-02
-6.670058815899175021e-03
-2.696661222307461005e-03
-6.490901553881920673e-03
-1.471787759342693333e-02
-1.177748796721819757e-02
1.778211768540477813e-02
6.002259171648149927e-03
5.517285946523706663e-04
-3.273398711507132571e-03
-1.637492114541318905e-02
-1.562578768201096716e-02
-2.353545340854405700e-04
1.932830450676837480e-02
6.275700219084814034e-03
1.388329643786830742e-02
-1.296282086651069469e-02
2.993883427179331105e-03
1.084848489326663452e-02
1.501435954208747009e-02
-6.684744479196666998e-03
-9.520650565158743014e-03
-5.039675128578413946e-03
1.890781809816620765e-02
1.390156793678673508e-02
1.487191192088385856e-02
2.519040488846031531e-02
2.751053891479339486e-02
8.732294765937505948e-03
-6.286404520659847478e-03
-2.777592689018327024e-02
-2.256748157718273251e-02
5.686707644752656693e-03
1.182987951524596369e-02
1.393328129991689562e-02
-3.731407296015769982e-05
3.926861438063886794e-02
1.403157656325938925e-02
-3.290565849348687372e-02
-8.302703226013423421e-02
-2.290030675288265427e-02
8.346447007419417405e-03
6.626346154567160085e-02
1.168248179453315952e-02
3.472251968732316570e-03
6.937301949247469575e-03
2.939834383856569471e-03
-4.394550574101021602e-03
-5.945956432645378362e-03
-1.162193016155905513e-02
-1.217293315655106241e-02
-2.408305026124552082e-03
4.902136749238476896e-04
1.566271114784903527e-03
-5.255255224792032553e-03
-8.190644858985877616e-03
5.908819141782882360e-03
-5.761744567902770883e-03
-4.887929130432218036e-03
6.545611145871696457e-03
7.789407721949053419e-03
8.884770680399486920e-03
-1.611972650006110105e-02
-1.686492979928192609e-02
-2.895651508245482980e-03
1.483288132487548330e-02
2.086894793947049673e-02
1.871652099567752171e-03
-2.834694009274304691e-02
-1.671601422205768253e-02
2.454138871853832424e-03
3.310914864173476139e-03
-4.225298731243588846e-03
-1.973296485194276501e-02
-7.568524463967599668e-03
-1.847585741712639076e-02
2.254216389119170078e-02
7.477145386098350485e-03
2.094384994204181658e-02
-1.032675785690097096e-02
-3.891961780907734515e-03
1.845154460836283955e-03
4.684396819503458542e-03
2.643155174081946238e-03
-1.136539233365914565e-02
-8.441021916111523388e-03
1.099811020895224110e-02
3.919730925629538038e-03
7.482961326375472434e-03
-2.831806969895177273e-03
6.317896027778745378e-03
-1.735991666111376223e-03
8.106092621861354583e-03
3.064507122290041977e-02
1.207741862239949601e-02
-1.409178687929309171e-02
-2.637908128834606097e-02
-3.430509810407113974e-02
-4.886659732575926798e-04
9.733201674300960907e-03
-4.002437541592501931e-03
-8.556122019402066098e-03
6.245887188214011964e-04
-8.406583036824913369e-03
-3.137110957591764376e-03
4.602001404280271898e-04
-1.656158838399264879e-02
-2.344379073645226977e-02
-1.538884947747699156e-02
-1.441238588141312629e-02
-5.446388394761989514e-03
1.234944220066013475e-02
1.997677657733243350e-02
-4.222070475311394161e-04
6.063154129309366344e-05
-1.415946400533477610e-02
-2.016101863168644551e-02
-9.704744799659274085e-03
1.119461188885081981e-04
1.044322514849335345e-02
-1.017278877791362099e-02
6.639111240495713245e-03
6.083396599019563582e-03
-2.438769650440615350e-03
-2.876567971467035301e-03
2.219584724826610678e-02
-8.944576448823935572e-03
1.547646756615378254e-02
2.481261419270000546e-02
-2.163060264157263407e-02
7.320976804166865783e-03
1.263838536536628261e-02
-7.706050479863414508e-03
-5.146622941249525372e-03
-2.215530133673987087e-03
-3.952226392802102133e-03
-7.867075542800415142e-03
-2.593192589061127915e-04
-1.734324144454583907e-03
7.859102690864056256e-04
1.895841492754161365e-03
2.864486198701341911e-04
-9.525811190492200486e-03
-2.566730774472692281e-03
1.553026294480168781e-02
1.692167183663976365e-02
-4.664323553225842474e-03
1.364119308945470170e-02
1.231738853782089402e-02
-5.978484418517781467e-04
7.860720207947083024e-03
1.218349186848721212e-02
-5.556718188924562873e-02
9.636105383502431912e-03
3.455972939116553483e-02
-5.439422216646799813e-02
-6.313699873629017092e-03
4.595796170936504443e-02
-2.942046480283814006e-02
-1.326892277011825633e-02
3.397832648621221252e-02
-2.346123153721962895e-02
-8.045342123017397082e-03
-1.144486585312861824e-04
-7.347591146791781526e-03
5.463037966058969597e-04
1.264296683065081577e-02
-1.205127840677733785e-02
-8.616701799161607597e-03
4.198328579921730731e-03
-1.161540592093718294e-02
-9.128706247257375919e-04
1.363154985304804428e-03
-4.865895652527108483e-04
-5.976759029467953142e-03
8.006398543260817915e-03
-4.096758293198577111e-04
-6.683847511124450629e-03
6.337175918158216570e-03
-6.239684069153861139e-03
-4.717442454284225331e-03
-2.019503935781725643e-02
1.219083143661429079e-02
-4.008213518345885018e-02
1.229030986205837360e-02
1.898993176422400855e-02
-1.847306081688762647e-02
-9.699014312330014875e-03
3.051370275528034279e-03
7.874634454342787498e-03
8.625958766189746607e-03
-1.480497750844495626e-03
-1.696455178707231446e-03
1.166972828620080165e-02
1.229646497574287583e-03
8.063520067954969795e-04
1.394926935251756053e-02
-2.753211484382853038e-03
-1.007436387576575443e-02
-5.914663471017793904e-03
1.048328344273482746e-02
-4.745905018271532640e-03
-4.706283498635996550e-03
-8.125453087310206953e-04
-6.936271625408006562e-03
-1.152894018421005140e-02
-8.888913276631967356e-03
-4.900320870412474411e-03
-2.576508316539792218e-02
3.433115892953688547e-02
-5.425642275911536291e-03
-2.548935499431951440e-02
1.380032842450610968e-02
-2.683982540615988295e-03
-1.248121287267222983e-02
-1.639810472852782849e-02
-2.907439713540867828e-03
3.651543465124021393e-02
-2.998695010587555318e-02
-3.171665290953754046e-02
5.429884715014691304e-02
8.476060376049597165e-04
-2.788391131133020895e-02
1.152770398721822756e-02
1.623334182882664803e-02
-2.203869275298048908e-03
-1.257852767217111298e-02
1.196364115124494247e-02
2.943138023105349756e-03
-1.781130398262763259e-02
1.125116537034126854e-02
7.268030678229450876e-03
-1.731243044372546974e-02
-1.027529076797465378e-02
1.342896877403643337e-02
-2.482858576784734844e-02
-2.036208792838958143e-02
3.090030846036985815e-02
-1.857855262642479910e-02
-1.099656053257449910e-02
2.865055816678285100e-02
-9.753397418847099820e-03
2.884374234891574559e-02
8.891003675621601821e-03
-1.855098959540779201e-03
2.632904095738835062e-02
2.258061046866716680e-03
-5.248160157734682064e-03
2.878920007781782253e-02
1.086676322294692111e-02
-2.103006061758754507e-03
-5.950373591381560162e-03
-1.362172664255704296e-03
-6.047924044447128798e-03
-7.993338048927709980e-03
1.022058764503884845e-03
-2.803153955336398599e-03
-1.117949114118720576e-02
-6.797591919815325866e-03
-8.819701542886918683e-03
-2.834701380515594962e-03
1.058861521423929775e-03
5.950737954957300083e-03
2.479197363454945999e-02
-5.307026214983493091e-03
2.670249240057056671e-03
1.974936364611033432e-02
-1.301247543163509476e-02
-1.365823667264690067e-02
1.730302762198531949e-02
-1.300015184998026298e-02
1.309635695524588757e-02
2.267252566108983111e-02
-1.186192631849147631e-02
8.379911918648879493e-03
1.153305798650450242e-02
-8.626031890864785737e-03
7.361588944745265164e-03
3.406358897888061166e-03
2.265720873872211719e-03
4.823856628540477975e-03
9.354711965800439552e-03
8.518168001637410267e-03
2.246595425024174378e-03
2.648410831549834112e-03
1.439374251205880742e-03
-1.134678433044572325e-02
-5.492513423817809055e-03
1.568874967117522140e-02
1.364198755022923149e-02
-8.662553325705755689e-03
7.781812778621977587e-03
9.087592256105676836e-03
-3.943134107424515512e-03
8.047800457537848673e-03
8.007964098718142396e-03
-1.605067608305514940e-02
-1.461195972817181526e-02
-1.186050937441554889e-02
-1.318553708333950261e-02
-2.675405696907949896e-02
4.059743372192332889e-02
-2.542394552520910525e-02
-2.182276196715765212e-02
3.197711101558546598e-02
-6.209722390868068799e-03
-2.574215020966334495e-03
-1.056723476832015229e-02
1.661602399666410297e-03
1.592559131723649034e-03
2.930280109150970765e-03
-5.873752342588948842e-03
-2.342982335050923168e-03
-1.278422238669702686e-03
8.901069429668905658e-03
8.117832887588861956e-03
-9.960048274391940584e-03
1.709483902431024535e-02
2.633068981843767007e-03
-7.626587152536293268e-03
1.499201717350948093e-02
-1.534113690779708924e-02
-5.759192681864661739e-03
-1.534793321269165359e-02
7.574604793596133659e-03
-1.418413243806446872e-02
1.962422840758178827e-02
-2.755240545252179984e-02
-2.575518040925659294e-02
2.898332531881056898e-02
-3.376303120189131507e-02
5.192792051735210627e-03
1.750367518478117062e-04
-1.239288171556138067e-03
-4.611317180267623830e-04
3.040453794391618738e-05
-9.242519887191968583e-04
3.366382451547037403e-03
1.777053161234027874e-03
-3.610839708491526425e-04
7.382351769504244716e-03
1.134233758169915854e-02
-2.899672839842379508e-03
-1.535868389989756416e-02
1.903883664781591892e-02
-1.683015292327627328e-03
-1.425483749422887594e-02
1.223152664238482019e-02
-2.143831442611513101e-03
-1.214121757367822747e-02
-1.912880373816164617e-02
-3.288668384067829856e-03
7.717210388110549296e-03
-2.556841593184554576e-02
3.975675305566018364e-02
-2.173853640507538570e-02
-5.498397408729787349e-03
2.953848907563070766e-02
-4.000667434396928263e-02
1.261337844406172984e-02
-1.814132680038604622e-03
-1.570680139037456107e-03
2.738140391142502433e-02
-3.552250471827173711e-02
1.271538173063252453e-02
1.046535055614247756e-02
-3.639975955820741460e-02
1.828091165471649668e-02
1.122798908231215261e-02
-4.020980124988141752e-03
-5.399139940582369651e-03
6.917890047489099782e-03
-5.567461792806276469e-03
-8.190955483551318542e-03
5.294667611448332367e-03
-2.263934860980928478e-03
-8.609056991480051185e-03
-1.391021086117650261e-02
2.719721251216290422e-03
-9.338599428716058692e-03
-2.223886310768637825e-02
1.404388422811836401e-02
2.155198102889101415e-03
-1.997316582208062338e-02
1.518528748021941502e-02
3.528524074953590106e-03
2.071844791638103103e-02
1.244431546704672861e-02
-5.791483885583927825e-05
2.249902932604721378e-02
6.337118600788487627e-03
-2.111326502416704595e-02
2.643345946615449985e-02
1.073223273508418273e-03
-1.693417923846375628e-02
2.619004503719959270e-03
6.829892937911918004e-03
1.470109247372145380e-03
-8.613763314163178086e-03
-7.843674397981016981e-04
5.994938967115855284e-03
1.714058996068445031e-03
-3.070676956077418238e-03
6.179908779171066659e-03
