3.186773604053300124e-02
-4.487273566013849635e-02
2.391941895175094326e-02
7.229144714613084700e-03
-5.076683252267017582e-02
1.159707240692207236e-02
-3.270490086527987061e-02
-1.391973980995874285e-02
-3.489327672477537945e-02
1.069741927368322854e-02
-5.788754617745610429e-04
-9.688088560066400456e-03
1.356179874600969004e-01
1.125207730579710075e-01
1.134170406048805868e-01
-1.441599495650883189e-02
-1.860305647249056726e-02
-1.932519655954133275e-02
6.690459185049635327e-02
3.736144015672751562e-02
-3.332899790184570832e-02
2.092016879574131599e-02
1.697833813806866321e-01
-1.227895667569583321e-02
4.573205994867262508e-02
6.374871420662468757e-02
8.952546095018348860e-02
-1.612550001627380226e-03
-7.361521342938648349e-02
-2.266144947986507840e-02
-3.480307691547806365e-02
-8.366459314077327736e-02
-3.044382618273974023e-02
-1.139115715163318936e-02
-3.976129345108941199e-02
-4.540751123305145770e-02
-2.492563488537460903e-02
-5.708163159249086266e-02
5.204993829952855172e-02
6.070228492128845049e-02
-4.456268877595408011e-03
-1.355657228514848016e-03
1.465908167775977211e-01
9.140920808072852677e-02
8.158883721813903200e-02
-3.035053593559182764e-02
4.473453923122655551e-02
5.144839932933456539e-02
9.875134597838897133e-03
-3.196165614061993732e-02
-1.123996201858826031e-02
6.956184504594102591e-02
-7.212585972129073597e-02
-6.454223762676528087e-02
1.458435484996219687e-02
-2.769424121201090327e-02
4.189867657892217163e-03
-9.698272703964597521e-03
-5.445347435721027696e-02
-6.001323696280719266e-02
-4.177991735085326980e-02
-6.523711451413638507e-02
-5.848664687636920961e-02
-4.717863538396742384e-02
9.340683586826885321e-02
8.010411865969121331e-03
-1.728000828244078968e-01
3.028712161142621540e-02
2.681003722525720362e-02
-1.034664392795355409e-01
-1.238826506691148854e-01
-4.633134321365501435e-02
-2.376728968898485228e-02
1.451195878231580777e-02
-2.861033949106842403e-02
1.369838656500006191e-01
1.465565754970476510e-02
-2.620217436927442523e-02
1.640959310519769093e-02
5.400228970188657857e-02
-3.560640819056294648e-02
-8.508241137738811743e-02
-4.554429378918239263e-02
-4.222520917916288558e-02
-3.004176701389239812e-02
-5.094710028799255552e-02
-5.489791725329771360e-02
-1.666560753266578196e-02
-1.107297339916640255e-01
-1.009730939010935746e-01
-9.369512797678626256e-03
8.843763088379852366e-02
6.682860379543682783e-02
2.283956093705803020e-02
2.228664539664987343e-01
2.084088846589902955e-01
7.157299895070337592e-02
9.606803046229815679e-02
1.871041242102083058e-01
-6.314405538515783546e-03
1.319658039568781353e-02
-6.878283664256440444e-03
1.027337509307039640e-02
8.542826251052683395e-02
-5.382255847795670151e-02
-1.289995718887543448e-02
2.858759784437134646e-02
4.948602403551694527e-03
-1.997073293817669404e-02
-3.787114535130409188e-02
-6.207303153970636367e-02
5.193005426162168592e-02
1.146509742394893373e-02
4.630060415886737973e-02
8.442293202233919214e-02
7.487491930744241686e-02
7.419161508035200525e-02
1.015481871618959114e-01
8.480202032264691492e-02
8.121637200912253107e-03
-4.702327165900718753e-02
6.781705706477514362e-02
6.264750914715283558e-02
-9.031632701976007038e-02
-2.255644559086074710e-02
3.077303439015139502e-02
2.832843212369623442e-02
-2.298136203158238078e-02
4.487636669640535786e-02
-1.083073713152154366e-01
-3.960982446894056180e-02
-3.214680856255158758e-02
-2.440420692063815025e-02
-8.547692651055029123e-02
-5.621582215147340883e-02
-9.454193026147943157e-02
7.255625922962651540e-03
-7.154833833176692248e-02
-7.386477110353757702e-02
-3.014932277084293386e-02
5.420993527780988697e-02
-1.088802687119066609e-01
-1.558031006336416113e-01
-9.269474705758809496e-02
1.521044720558497113e-02
-1.189752283929669668e-01
-9.275625773101174587e-02
9.125859460909836740e-02
6.776886606959846510e-04
2.322841922037591211e-02
-1.084613396072425379e-01
-1.777438624308542992e-02
-1.022868287904573764e-01
-2.078078910374163077e-02
-2.079776293910262086e-01
1.175067633823396879e-01
2.240906955429847192e-01
5.158852604710654211e-01
4.327929820587192444e-01
-7.464297607643813337e-02
-1.050243885970957858e-01
-1.895502809411185874e-01
-4.148284196729550705e-02
-3.308809965766405879e-03
-1.854030896514708426e-01
-1.050448317191530201e-01
2.049274018096676475e-01
-9.132846920029001614e-02
-3.228016436434571340e-02
-4.723202918552284191e-02
6.233489579452867330e-02
8.078865853579701717e-02
4.191384875378525304e-02
1.780449807304435028e-01
6.664354686218450230e-02
1.201935940260087654e-01
1.053901551592811292e-01
1.044782301482145570e-01
1.924866243336532667e-01
9.171048893334225738e-02
1.421903755829707558e-02
6.835855059183371801e-03
-2.271622301905152838e-02
6.527637307719387494e-03
-3.615825839419704174e-02
-2.236199704368319052e-01
8.982675300722094136e-02
-7.199268706903066972e-02
-1.573175819508642048e-01
-6.635716538710438595e-02
8.392495699400492892e-02
-1.939601290182833282e-01
2.890810160127142009e-02
-1.248273636185489727e-01
2.083118228844412292e-03
-1.662656538010620078e-01
-2.130077786766167991e-01
-1.306443491178320426e-01
-2.357800549586864733e-02
2.680042371665255357e-02
2.246557789899025492e-01
-6.407747818466451306e-02
-1.301970713838475346e-01
1.731068379377500022e-01
8.708856035263015660e-02
6.691283255423639831e-02
1.292089930766235628e-01
3.095098989910252674e-01
4.025283086533223420e-01
-2.273406897577610608e-01
-1.191466928571435768e-01
-2.227701587412264372e-01
1.250147043890815213e-01
4.236198154357061485e-01
1.812537864984314628e-01
1.122181810360154269e-01
-5.357551751624479303e-02
1.657311639307184892e-01
2.023467687409289673e-01
5.976370744818043645e-02
-2.192696918396792038e-01
9.274128981034027858e-03
3.992087367170399186e-03
1.877582084189763634e-01
-5.248675949938311214e-02
-1.991625942685257833e-01
1.659670775592590394e-02
-2.390860455512717753e-01
8.208768561782553430e-02
3.048809539752905806e-01
2.456020329459127072e-02
-7.994749161432752882e-02
8.495678002710579935e-02
-1.627368438440295328e-01
-5.198006338672351845e-01
-3.321234406521402782e-01
-4.841319189174603244e-01
3.004751945225372922e-02
3.370065914464998036e-01
-1.611445343999794999e-01
1.810404491872932564e-01
-6.858559546072699742e-02
-2.035757736857544617e-02
3.088933166531510760e-02
4.497224291798999213e-02
1.260984920607891302e-01
2.881535026766632868e-01
1.833343274717664367e-02
-4.962827418161915860e-01
8.790537684923528661e-02
4.995052355876439254e-02
-1.138622346884865105e-01
-5.872561104310217162e-02
6.715844155562043782e-02
-1.569075213650005796e-01
-3.699446741415194501e-02
1.469973713035100868e-02
8.176278752312679532e-02
9.148515239838785063e-02
6.817029610262836936e-02
-1.863231119165348615e-01
-7.593242511136713557e-02
-7.153058362739768243e-03
1.325120771905511641e-01
2.884659624648372792e-02
3.282518688670565954e-02
2.155100772569576995e-01
8.069866791250104865e-02
-5.189969525209674889e-02
1.148927191415083232e-01
1.502459344997424118e-01
2.588592909402653852e-01
5.198866016396428563e-02
7.933961449112411635e-02
1.800703679381308042e-01
5.823173010147829256e-04
-1.580099211660942202e-03
1.282482018931890566e-01
-6.719455121982467749e-02
-1.184918658820572207e-01
3.712942935064826866e-01
-1.013742211568803703e-01
1.371400533800666566e-01
1.257896587047017956e-01
1.266930669333530268e-01
2.192313121000952214e-01
8.565082402094909009e-02
1.080295702034169136e-01
1.603331931858288650e-02
7.018509626468990431e-03
1.377871591132808415e-03
-1.181649821439242562e-02
-1.010384291949547111e-02
-1.359661136043756845e-02
-1.254760445898097862e-02
-2.462540510568661176e-03
-9.948860815940095345e-03
2.600576420692906482e-02
6.270933030371713193e-03
2.987377785133953079e-02
-2.609670803399254460e-02
-2.673086635474471173e-02
-1.695928462965326164e-02
-3.188203681581125437e-02
-3.921507287563346517e-02
-3.042998002464034416e-02
8.738561593950299258e-03
-2.840978385101815100e-04
-2.241611044644369923e-03
2.807895023167606210e-02
6.430859394241722309e-03
1.894108958317934372e-03
2.137510210609032055e-02
1.849172582613294036e-02
4.083123671579187014e-02
8.702609969496974711e-04
-2.645085263299751591e-02
-1.929569065128215397e-02
1.497622266079295071e-02
-6.527785135454562855e-03
-5.419394364873052899e-03
2.445371012060508151e-02
2.159582413983710328e-02
1.389076330053810350e-02
-2.468756722517377600e-02
-3.279233330750367520e-02
-2.208739945770129068e-02
-1.772924201406608780e-02
-4.674614455362916671e-02
-2.661861587129245310e-02
3.318987303352936326e-03
-1.397036046918461068e-02
-2.246397660447675346e-02
-1.635090202451344385e-02
-1.777995937864548792e-02
-1.084058256457012814e-02
-2.252973723845013571e-02
-2.072900115376860239e-02
-1.637668464138645336e-02
1.057314688332026097e-03
2.313857138321589318e-02
1.034920048200438196e-02
1.535983367102100594e-02
1.776694458693791473e-02
1.862105742266220026e-02
1.447862500710983547e-02
3.344101681015324012e-02
3.070066965029069617e-02
7.592740850292972916e-03
-4.882631564005696437e-03
5.399951048862076768e-03
-2.238963178813855801e-02
3.929629824884818545e-02
3.019150696258548691e-02
-6.812419251212628937e-03
3.366382203872451961e-02
4.975803019420306506e-02
-2.106712250436608078e-02
3.155944823116732805e-04
1.310579863187615046e-02
-2.485135681617097955e-02
5.225477320471115240e-05
1.885756904784846935e-02
-2.875986015686493417e-03
2.397914641026412802e-02
4.166714994126528154e-02
-4.932709576079803183e-03
2.426086622223554493e-02
8.210044320728294347e-05
-1.008537070944858643e-02
-3.623459585821083018e-02
-2.935864951674222595e-02
-5.534269299164300965e-02
-8.022267919470862929e-02
-7.131598120144064246e-02
-2.170959881600050857e-03
-3.145437357995835292e-02
-1.668226605503185869e-02
-6.839142411323954375e-03
1.883155573169059162e-03
4.503955941042856077e-03
3.619430235490892281e-03
8.402863571738337879e-04
-2.597531732374528182e-02
3.405432001414257503e-02
7.006999309584973842e-03
-4.534214518400098842e-03
2.602870103967481683e-02
3.846752536342039341e-02
6.956212932398989079e-02
1.029806016873605415e-02
3.490787286185914606e-02
5.816163614440938989e-02
5.877164843295899083e-03
2.611582156833348184e-02
3.548888013775540473e-02
-1.348440327044364388e-02
-2.896904870520977324e-02
-3.601425339380026625e-02
-3.222915149494115505e-02
-7.818895655019575397e-02
-6.519916712409479231e-02
4.437046493643426529e-03
-2.283373382688003508e-02
-3.439507961810036457e-02
2.795295490172799990e-02
1.230883710745375422e-03
-6.894227780953001219e-03
2.695137001288637132e-02
1.403781979917436730e-02
-1.449377869667435419e-02
6.197785089810582508e-03
4.100759646013137083e-02
7.495857995485653846e-03
4.027544171686991102e-03
-1.913067411472930274e-02
-2.982043258529080629e-02
-1.108440361068813913e-07
-7.520459510891676358e-03
-2.735159876583292959e-02
-1.510547686461339613e-02
-2.552180492314873664e-02
-4.203822579740153220e-02
1.356654256774843595e-02
-3.954205460563372729e-03
1.691166001574325589e-02
-3.861071469135194008e-03
-1.155152874793359931e-03
7.822216640237888638e-03
3.480305257140015734e-02
-1.430485471435885038e-02
-2.787078750643338845e-03
2.201301647558482136e-02
7.787030616157698815e-02
4.977877362113450332e-02
6.692912792593536109e-02
1.364947972486970362e-01
6.209474341687980237e-02
5.708805958317624690e-02
1.046152154766615272e-01
4.962462614061583649e-02
-8.907505036231305739e-02
-1.100219695199855519e-01
-1.697181740045829446e-01
-5.515221264317108490e-02
-3.023313523845843481e-02
-2.927431145725586589e-02
-2.309104350630987110e-02
4.575864578378545378e-02
-9.617078745382028060e-03
6.728331526461134304e-02
4.277937499139904814e-02
1.598710451443076386e-02
-1.176570332535936333e-02
-6.921408562994412796e-03
6.929608086692762292e-02
6.997440250741995826e-02
-3.651633636989902454e-02
7.098685355028326593e-02
-6.381569866580273642e-02
1.017898497440931568e-02
-4.692296864225694447e-02
-8.823660747236994339e-02
-1.906880280618754656e-02
-4.615267567761480172e-02
-2.539908227536110535e-02
3.078246529947127955e-02
5.524794861820153669e-02
-5.901175815640340855e-02
-1.538403786477452947e-02
-5.916226576140207194e-02
2.409357074882464284e-02
3.847244564013325291e-03
-1.137152845444434346e-01
-3.144085972070308904e-02
-3.133484225595696560e-02
-9.024426679159465448e-02
-8.369830182237794625e-02
-6.592414201464785739e-02
1.093907369122570916e-02
-5.719414597145491136e-02
-4.604337127336872310e-02
-1.944740927710661080e-02
-2.450561345138145553e-02
-9.925311912907434572e-03
-4.716781711492058077e-02
-6.674752748940521174e-02
-6.944815945313341510e-02
-1.866172497464691632e-02
-7.679518223757585138e-03
-1.096511205114871906e-01
-2.501806585747678655e-02
4.163676898736050347e-02
-6.311368040182217289e-03
9.818355662114687521e-02
1.078898200409580434e-02
9.357714739098785262e-02
8.071082318793580679e-02
-4.039141225635072691e-02
-1.726320945930934769e-01
-1.240052827513710293e-01
-7.533164449931037399e-02
-1.298356907358107770e-01
-2.429858736136581154e-01
-1.360526052540024233e-01
-1.387156204173435048e-01
-1.425144003299504483e-02
-8.576543739683488432e-02
-3.924652583405462830e-02
-6.899998774782284405e-02
3.629330457195684145e-02
1.455604758504165930e-01
3.929136653365368492e-02
-6.425261206857445229e-02
-1.046065287348883627e-01
-8.069416864813401535e-02
-3.715621531595054289e-02
-1.158220273833737157e-01
-1.286706929020551282e-01
4.649730997701380375e-02
-6.631765854699347984e-02
-1.146120450612701097e-01
3.640064109051530800e-02
1.810598264843460772e-02
-1.107978999542545001e-01
-1.145351299639692753e-02
5.046320093594018619e-02
2.832738173876298005e-02
-2.303155774438350040e-02
-2.976820917305756861e-02
1.975682365137928359e-02
-1.661554690742823599e-03
-3.476019565761601787e-02
-1.046416559697467899e-02
3.826145763533349980e-02
-7.182108259804749484e-02
-1.157965732098057907e-02
-7.475375870576545130e-03
2.286828146081400226e-02
1.413309119760866317e-01
-3.433365168148080817e-03
3.407404406616014458e-02
4.935222607998898670e-02
1.064890395557409192e-01
9.961093921324970513e-02
9.380874234367934938e-02
3.171222711667864846e-02
4.872758636464871729e-02
-1.422455391362183359e-02
-1.182529484925807922e-01
-3.875810278574253614e-02
-1.031475720348630325e-02
-1.739496986345798746e-01
3.027789156614697774e-02
-1.012300599428494485e-01
-1.139163154754651436e-01
5.287984061387090290e-02
-3.821043401953117674e-02
2.567077289893753347e-02
-3.540701449039193593e-02
-4.397084896834298900e-02
-9.829787461821662409e-02
-8.985458739867252520e-02
-1.397933111487632482e-02
-3.971770849253836166e-02
-9.684922673965264128e-02
-4.622856999363201408e-02
-4.534673142159956899e-02
5.906986782435258432e-02
3.799608183334157729e-02
-1.440777999485044585e-02
1.191690670153561747e-02
-1.851039979395195656e-02
4.787148597867172534e-02
3.637243472899298613e-02
-2.423934877348715364e-02
4.056550221639383669e-02
-3.326130886854412883e-02
-2.927749712668468660e-02
7.165287258956308525e-02
-2.937211127633884006e-02
-7.083336018859562322e-02
-2.452639046006569942e-02
7.836278000741400337e-03
-3.582763205439746385e-02
-4.274193913666158445e-02
-2.942935331861498693e-01
-6.336923861149665327e-02
1.174200307615904781e-03
1.169380050144300416e-02
3.741039676235010519e-02
-2.936167411624753670e-02
2.400282592439319934e-02
-1.081466905702028469e-01
-6.724288868904899907e-02
-9.911520793909983640e-02
-1.448730217644597640e-01
-2.328156642502371143e-01
1.754500601471101900e-02
1.084641739869911942e-01
3.419639684766473051e-03
9.236765257086901326e-04
1.527633062614525417e-01
6.703665183105371461e-02
-2.724732694804543054e-01
-7.055860472082040036e-02
3.629517142457735351e-02
-2.227803770567871877e-01
-3.217451647713542168e-02
8.069136348066668560e-03
-1.768392926130309961e-01
-7.957214435856968526e-02
1.244015960226928230e-01
4.199208963199395350e-02
-4.298250986954496589e-02
1.132468692967089630e-01
1.026712412977433125e-01
-5.616074166814112416e-03
6.223880759322164384e-03
-3.890900427808452466e-02
-3.099314029200100906e-02
-5.101146552694148240e-02
8.232646312907207498e-02
1.411898973722007788e-01
2.751405261283691450e-01
8.860965462120240499e-02
1.191878676463011405e-01
9.054114955489149519e-02
-6.683850152843014147e-02
8.814346674974956816e-03
-4.843727883579933280e-02
1.404871972235146281e-02
1.230881557109706759e-01
7.410648289329742344e-02
-9.931248187926761117e-02
3.715322793572517490e-02
1.877124166296420191e-02
-3.635720838372396950e-03
4.462632298923547430e-02
8.719372873559944059e-02
1.590220651906579519e-01
-1.418726022028060918e-01
-4.286722333262348028e-02
-3.173527543137606988e-01
-2.219863451581872982e-01
7.171758351005833032e-02
-1.435830399863065043e-01
-6.101967391240033928e-02
-1.900532810556830043e-01
-1.244231566508227499e-01
-1.246311871482419092e-01
2.749604230851143694e-01
3.317657623350853818e-02
-1.207327468357382722e-01
1.022798794700709585e-01
2.893304312738929213e-02
-7.858739408052199671e-02
-1.905667053914336939e-01
-3.561300772139204540e-02
1.876375166757749124e-01
-2.151227245574793834e-01
-2.168685203984969667e-01
-7.814831009369674342e-02
-1.368292352562860692e-01
-1.015611236748862473e-01
7.743235628268929638e-02
1.323108278983237962e-01
8.233172394345295020e-02
-9.446924628965758242e-02
5.150656016120661734e-02
9.051550539447494881e-02
-1.322635386411068759e-01
9.930551321395626740e-02
1.134739910334706531e-01
3.644617765051134245e-02
1.121035990405270036e-02
-2.687629699331270383e-01
-1.020444626459074237e-02
1.460081289155374384e-01
3.933933255928943606e-01
1.816489387079111770e-02
-6.828155109600532457e-02
9.968428920973297636e-02
-4.695155015266112147e-02
-4.295753749902302132e-02
-7.385523479254117729e-02
-9.277930535696872483e-02
2.122768166715829630e-01
2.444779104239786990e-02
-1.210167278661131718e-01
1.738186137687013633e-01
1.075390440722217289e-01
-5.374765652887357470e-02
-1.175220082036256691e-01
1.283901749651402413e-01
1.502349477834932778e-01
-1.256054540723941515e-02
2.639203150656263194e-02
9.263511469688089084e-02
2.081593385380433869e-01
1.462281632029199807e-01
8.866935549368215597e-02
6.268105915518841498e-02
3.524745107253926535e-02
-1.110095845777956391e-01
-1.864835294570308111e-01
-2.354994450818068477e-02
1.194754227572940586e-01
-1.176226235883500448e-01
9.859868201935638454e-02
1.203203549487722041e-01
-2.745405873965657273e-01
5.408873442099729895e-03
1.919926949272258432e-01
-2.109746529273646420e-01
-2.190174825638810108e-01
-3.723556773170594997e-02
-1.271359537905117632e-01
1.707295284995447374e-02
6.519456962467182204e-02
-5.244124695396716086e-03
-1.734294355234731674e-02
-1.702143433793350258e-02
-1.101470534799644900e-03
2.685817319644925177e-02
1.524091598386406905e-02
-1.016142436467503372e-02
4.352985833209941334e-03
-3.426914778359361428e-03
4.139142750698438650e-02
-4.554939551993687080e-02
-2.323556062215477794e-02
5.769874181643092764e-02
8.462385800570758343e-02
6.633648133237795598e-03
3.154422563138029045e-02
-3.271619350591933179e-02
-4.220844137542375391e-02
-1.795276957534818960e-02
1.847500513830978297e-02
-3.306092326661480042e-03
1.587366199405296956e-03
5.820892988178623384e-03
3.301932253687628327e-02
-2.897057790799410087e-02
-8.212871485143297123e-04
5.208682390069138690e-02
-5.223700814827651751e-02
-4.566999197633021118e-02
-3.995747159101054047e-02
-4.459604930332461414e-02
-3.554162597022067493e-02
5.437989918656132562e-04
-4.177437330407140353e-02
-4.482591312804586059e-02
-7.054133761117936663e-03
-3.427809439103889078e-02
-6.943052251612756576e-02
6.023223505435833887e-04
1.738036054139242143e-02
-1.737300993415159117e-02
3.995771140993889699e-03
3.551161718684897606e-02
1.778190330149163889e-02
2.369525790151463807e-02
1.185178232136810741e-02
6.832381576018471681e-02
5.543179317957712751e-03
3.420563032663810621e-02
8.392623102657746983e-03
3.708584832551654799e-03
-6.566748705770312708e-03
2.410054246524279131e-02
1.399802663567302312e-02
-2.188667130762917898e-02
-1.669683680028942116e-02
3.177697461395144474e-02
7.747217480610926743e-02
2.245967098732989942e-02
5.738367420126747748e-02
5.689820319419654215e-02
4.248298692240417423e-02
1.527196991697595159e-02
-1.099430921939944517e-01
-4.686817551564481654e-02
-2.630239544808852734e-02
-2.211196076955972492e-02
8.030636327940626762e-03
9.154120983670526943e-03
4.275822783955242345e-02
5.339346424130093915e-02
3.934051488205685815e-02
-1.112428793683717561e-02
-2.567858347841415687e-02
-9.533310944055949088e-02
6.047759495193079371e-02
4.030838428163190101e-02
-4.565895506940456650e-02
2.583302163205601978e-02
1.360483774278566926e-01
2.662530273354757684e-02
-7.259555638613671147e-02
-1.194593638461038769e-02
-9.312325551180694605e-03
-9.231341631357799227e-02
-4.889901875217467220e-02
-6.317562596684107856e-02
-1.034289231075580379e-01
-6.562355935128856566e-02
-1.058987355184302787e-01
3.445766116994698758e-02
-4.590751429809550310e-02
-4.849133809365139408e-02
1.096601477483003195e-04
-6.948104157771718692e-02
-6.329813259670746817e-02
6.874260872721810189e-02
3.976703651149761376e-02
1.490297969647979420e-02
-5.252858293365886971e-02
-2.213118189013219689e-02
-1.048143958047227237e-01
5.191466428021247054e-02
-2.290117553994982028e-02
-8.404359045106007606e-03
9.920285908588242010e-03
-4.533086706674643168e-02
-2.221797225558078820e-02
-5.036857573570115848e-02
-1.402717458428877906e-01
-1.393663508450165012e-01
-9.611892380893918841e-02
-1.896182813767990083e-01
-1.894208653672579401e-01
-7.954261225243557110e-02
-1.621517043150113857e-01
-1.735771702668075234e-01
8.117916803688222938e-02
1.402066386691931954e-01
1.431412369191322753e-01
1.642968270307473833e-02
1.252738617326758785e-01
1.280294817549633424e-01
2.171567098651136507e-02
2.857474367618520125e-02
1.127284267240253601e-01
-9.428674908604783161e-03
-1.209945453419739025e-02
-1.486382637650360793e-02
-2.683900967430935883e-02
-6.556094461885814129e-02
-8.819188192733992682e-02
1.377552493787911891e-02
-4.928477430552714172e-02
-1.075159843082777039e-01
-3.967067642828770585e-02
3.565623009513773506e-02
2.826301572286688685e-02
5.057026554893929472e-03
6.598478530307357037e-02
-1.107481193049927870e-02
-4.308868889763265569e-02
3.307254348857580073e-02
-2.727912977005901227e-02
3.522252841267286411e-02
1.996044464924934952e-02
3.767199692190166538e-02
1.567753629016598385e-02
3.498870916056590757e-02
4.438608275808963305e-02
-1.124176146151517099e-02
5.536934870234119441e-03
9.690067358703620751e-03
-2.916490106813802909e-03
-8.179586609474317344e-03
-1.368735027654832161e-02
2.244208941193416226e-02
4.574111567427242148e-02
2.792121597398607852e-02
2.196612150425510720e-03
3.803356207262092309e-02
1.880995070094908933e-02
8.824300928246835499e-03
2.777429774806541504e-02
9.765640582413288515e-03
-3.040427812537840890e-02
5.374769905063165633e-03
2.435857985943076440e-02
-2.388615243044251227e-02
-2.919620334282272897e-02
9.172540230653059012e-04
2.270513706824715122e-02
4.450252014295007913e-02
6.722981263956295805e-02
-7.017317227256720732e-03
2.529814694630227317e-02
2.929912864340670359e-02
-3.817246616595741660e-02
-2.683163714881537515e-02
8.106785641106237575e-03
5.708869907073160603e-03
5.263033648022850952e-03
1.368561362618918309e-02
1.690844027619798837e-02
3.649000382089821748e-02
5.361189977685718554e-03
-3.281526895430230285e-03
2.072021887188125674e-02
2.781446285922483871e-02
2.686091011662694594e-02
-2.119960354436111263e-02
-3.132857785401795686e-02
2.172352854288450014e-02
-5.754648702273609112e-02
-8.280950188479107785e-03
1.086500411207777690e-02
-1.916485658571825262e-02
4.562769996791888986e-03
-3.530026995509980003e-02
-2.136215162351401409e-02
3.180877265293880624e-02
-2.152459394724481542e-02
-1.838090693964567965e-02
2.633477489629451607e-02
-1.355066505169059791e-02
-5.505086525099461489e-03
1.421105977345686264e-02
-5.620077920729443788e-02
-1.789400365527011455e-02
-3.555846882507877199e-02
-5.164491543864273976e-02
-1.494364687106780306e-03
4.485007436306220376e-03
1.129721854065886440e-02
1.071953586615823420e-02
-9.510982856253558798e-03
2.235578301057401449e-02
1.512108917139732937e-02
-4.036505741541927816e-02
2.253253424245346692e-02
-1.272457818863139377e-02
-5.388108390816572640e-02
1.194808729289484513e-02
4.683203273786618048e-02
7.456973112834373342e-03
7.041687134253499236e-02
1.109109789734391421e-01
9.409319304321932254e-02
7.904171887495826943e-02
1.338995871319049458e-01
1.048530356928948776e-01
-3.612608278524136185e-02
2.972088924828248171e-02
-1.787687327227524894e-02
-2.203823606007219993e-02
-6.787553263253807978e-02
-9.819372983509780384e-02
-1.797901904232651615e-02
-3.567824116394180400e-02
-5.101524832058824260e-02
9.100665121074684102e-03
1.426497042897550971e-02
3.033042492381685801e-02
3.221921942303521136e-02
2.944691685732803849e-02
2.449744537531768976e-02
5.844175988108719216e-02
2.808108425065067304e-02
-3.244363508924501260e-02
-6.615350179653092409e-04
1.899083105018952583e-02
3.423333077179976924e-02
1.665499973508507287e-02
9.981464119423796161e-04
1.726915140199915266e-02
3.744698596573728389e-02
-1.924343618998070049e-02
-1.816149303931129805e-02
-8.986718974789545400e-03
-1.844130658823354973e-02
-2.888200930479139020e-02
3.352389945572962267e-03
-1.021826381207433659e-02
6.950497758957473182e-03
-1.715072794361423292e-02
-8.831540851325814234e-03
-2.760752610331292448e-02
-1.078251222232607352e-02
3.209677725861049408e-02
-6.807452575948056035e-03
-3.226025917809438679e-03
-2.574175635533251447e-02
-1.252303296386125635e-02
1.314302911438535067e-02
-5.676586567938168675e-03
-2.309346765255585951e-02
6.403312553728073009e-02
1.510293914650259577e-02
-1.072110689953559119e-02
-1.141424123854729335e-02
1.233095517731860533e-02
-1.853778612909695936e-02
6.932088001406576556e-03
6.369382622624837620e-02
-2.672155839184973524e-03
1.730485682696247546e-03
5.837818357906567751e-02
2.358182291231786416e-03
1.181444085946203593e-01
-5.395839516931438817e-02
2.340532763173926167e-01
1.471945753415960590e-03
-3.601072814447063564e-02
-7.063318425402209839e-03
-8.192818323911923994e-02
1.354789730836918615e-01
-4.525312976762776301e-02
2.351482055922919645e-02
-3.691933396691672309e-01
-1.500710785573246830e-01
5.983619764840945876e-02
2.795265399486545621e-01
6.848724481680848464e-02
-2.919098181808481574e-01
-2.403598719300773304e-02
-4.448513394935413867e-01
5.868908982386028539e-02
2.176563803961735835e-02
-3.182052218961858164e-02
-4.800416863721971850e-01
3.296073463842274509e-01
-2.348434797863330759e-01
9.198949404043883782e-02
-5.053223932516015537e-01
-1.851282967130862822e-01
3.864499421032141502e-01
-1.720939675761106735e-01
1.796865892152896271e-02
9.950714723567745390e-02
-2.465514652723043432e-01
-5.154981076011620755e-02
2.663386486333109704e-01
-5.115850276397410079e-02
-6.036773297917258363e-02
8.787689493538175523e-02
-5.668774088653596999e-02
1.536794327127868343e-01
1.341904935777769869e-01
1.567905544755056613e-01
1.143196685399823498e-01
2.894285265568771748e-02
-5.339525572789419194e-02
2.710197775106946705e-01
1.571182221450028171e-01
2.455542174355345719e-01
-1.897640362211872322e-01
3.446043492004652875e-01
-3.881303008631661888e-01
2.546701568421935995e-03
1.929488722238141551e-02
-2.086041215971649043e-01
-4.296343657686458456e-02
-4.781645915198923236e-02
-1.570001987991390124e-01
1.352015834327708887e-01
-1.932248703490935526e-01
-1.433823443700939781e-01
9.719804775507856487e-02
2.184261504096402240e-01
1.948856745118717204e-01
-1.435663736361934284e-01
-1.690290041836870205e-01
4.137947941764290039e-01
-1.278987103893559352e-01
-2.291369796065813313e-01
-3.333684937170450779e-01
7.771319164925387657e-01
1.597866190391230012e-01
2.848366201064861936e-01
2.771075374066924168e-01
1.508888012767822251e-01
8.267351732993775959e-02
1.217000532235431101e-02
3.136317531605458120e-01
-3.438562393821827934e-01
-1.194071814952617910e-01
-1.771659503728481022e-01
1.159676047524854231e-01
-3.334969351956727779e-02
-1.377728847942948087e-01
-9.019020378104643243e-02
-3.679920502304262486e-01
-1.141240896110577718e-02
2.329966323071847034e-02
-2.798956787441804761e-01
-2.559345959116953728e-01
-3.055062321292839611e-01
-5.739430267868846913e-01
-1.999543707447583030e-01
-7.358612067752430541e-02
7.508174342282730729e-02
-2.204482751909843385e-01
1.609486711166808748e-01
-1.817581497760058229e-01
4.178968469818866716e-01
-4.082588108164150187e-01
-1.318313449479508181e-01
-2.354764774768703384e-01
6.583927222338809004e-02
1.475104333526876532e-01
1.076869560765089245e-01
2.682398205411248848e-01
-8.426844373931565713e-01
-2.615832013009380397e-01
4.319530319880306168e-02
9.954678374500509908e-02
-3.502473884871416532e-01
1.760360681709779163e-01
4.139368213396101004e-02
-1.016129008771259751e-02
-8.395689762675817569e-02
1.524137852131226267e-01
-1.602569547059783106e-01
1.424842518900610311e-01
-2.113562736872701131e-01
6.870802134557447982e-02
1.718017014175083068e-01
2.283653054001314742e-01
1.339771397397359343e-01
1.131211383501122963e-01
2.502481446869112003e-01
-1.275075543624615282e-02
-3.416014185563795991e-01
-5.102953030845678445e-02
8.218682208201988360e-02
-2.974059233455019768e-01
-4.271040777944527800e-02
-1.966663036800285480e-01
1.291452061019004172e-01
2.052344323987822794e-01
1.895966503341430243e-01
1.904018676323742110e-01
-1.844321493917882027e-01
-3.452021742494567613e-01
3.197607827775452716e-01
5.384424246187994451e-02
-1.670193482044733946e-01
-2.485198881496120948e-01
2.541092621513478256e-01
5.528453924624643356e-03
-3.167238513029803637e-01
-4.698967869917785589e-01
-2.087017196324010906e-02
1.388400565534993365e-02
1.594406412923228544e-02
-4.380925760453637657e-02
7.440870630700205206e-03
-1.725327061903301346e-02
-3.377596823725480257e-02
1.229298894284729365e-03
-1.186838689783310807e-02
-1.056327279544449771e-01
-6.416107574172411065e-02
-9.036179174319133867e-02
4.407128113410069270e-02
6.613422394340665034e-02
4.943273473372287313e-02
-2.665750346983436145e-02
2.745224991984101387e-02
2.455077613209023790e-02
-6.092214850254354212e-03
-3.434474749808460320e-02
-7.631466593288112332e-02
-6.290248606599449510e-02
-2.750391992184906750e-03
-1.197826990713517920e-02
-2.011055143730634820e-02
-8.362215446393719831e-03
-2.261826654105338411e-02
-5.623735912508143892e-02
-1.197223724663237375e-04
-4.456918024495262060e-02
-1.183047935396333433e-01
-1.008988347426108684e-01
-1.320233186954008764e-01
-2.530409799233940965e-02
-4.220269944901454406e-02
-6.417045212347129157e-02
3.409314751998761966e-02
8.163921703083620862e-02
4.281117486774188574e-02
9.326117600607523872e-02
1.245941309882119263e-01
1.057761420603725577e-01
1.095600838259520732e-01
1.181442949199035253e-01
8.476724538572180667e-02
-3.949098124006016237e-03
-2.263990203038656474e-02
-5.724733987645498623e-02
-4.131961400214390762e-02
1.022594151381539529e-02
2.752858016693714507e-02
-8.077463398964176977e-02
-6.807306710578543696e-02
-6.856038859882039593e-02
-9.523310491703762537e-02
-8.590841965202433705e-02
-4.844463140399716400e-02
-7.387558738789543056e-02
-1.491178107010605325e-01
-1.052900266179808281e-01
-3.421398368383388178e-02
-6.934121370976570331e-02
-3.748150948916501024e-02
-2.171300637262585376e-02
-4.439966392919585808e-02
-6.573668822655019672e-02
-6.190346569102528340e-02
-1.041558214467124405e-01
-1.226004402053639114e-01
8.083534576054388077e-02
8.995173452449716986e-03
-2.667752005885304367e-02
1.702382249326914523e-02
-1.002682652464315233e-01
-8.630655478327234342e-02
-3.891133067243440075e-02
-1.140339659999139305e-01
-3.902467536002978549e-02
-9.063221429609734717e-03
1.196524407873107926e-03
6.510886785179710590e-02
-1.584583840583796491e-02
-4.033841477071111598e-02
-1.638359135186713209e-02
-1.827292264477607953e-01
-2.239169873384163623e-01
-2.039851829577677966e-01
-1.991821524715360614e-01
-2.160664402014156327e-01
-2.403645691856887145e-01
4.678592178912467647e-02
1.970507648887038360e-02
2.183920597126870825e-02
-5.929769457759719031e-02
4.682351518207839708e-02
5.383392768174202064e-02
-2.038396022937984803e-02
2.649462283990201492e-02
-3.604253219088267984e-02
-1.583310265548278778e-02
-3.305276995928888711e-02
-8.087858664812631881e-02
-4.815259863826844983e-02
5.449783930253991604e-02
-7.368909247895180648e-02
-5.384001691348257179e-02
-1.545166566851958849e-02
-2.787029692313567134e-02
5.256843751864954950e-02
1.122401883421478563e-01
1.403644106823452864e-01
2.610786454565970985e-02
1.212153054853481182e-01
1.335367967028774638e-01
-9.893964037836029679e-02
1.030983906669387384e-01
1.002970431554422032e-01
-1.202373440545443373e-01
-1.454203266377787629e-01
-1.111975322845752678e-01
-4.616019455016854428e-02
-1.435805216580599286e-01
-1.865672118000474000e-01
2.986009030879532150e-02
-1.258667792183455203e-01
-1.645055123543287257e-01
-4.148694450156525243e-02
-6.909487606042336028e-02
-1.839254553611898574e-02
-1.130261313446450366e-01
-5.412762869716283842e-02
-1.173489683137990403e-02
-4.611676830150920198e-02
-1.919397100311088372e-02
-2.684949180705707619e-03
-9.829559489116151960e-03
2.858673794729816794e-02
4.268348395498032521e-02
-3.454561150141818165e-02
5.079800332013953423e-03
2.321263525964247995e-02
-2.696358275353348891e-02
-4.266477211536008618e-02
-1.017070331107698331e-02
6.978273222127507475e-03
-1.347147950670831481e-03
4.382886408612884747e-03
3.465197399998467230e-03
-2.706164362944062443e-03
1.103319537216876410e-03
4.469436282673743162e-03
4.674706150456165501e-05
1.206194434704624787e-03
-1.481459954020492020e-02
-3.929318926340403151e-04
4.241570044466431251e-04
6.303110122949350793e-04
5.487987409445380972e-03
-3.097596966897321526e-03
3.567407801518790011e-03
1.128581511323253211e-02
-9.399573945217108185e-05
-7.713982378155629510e-03
-1.953018537614166147e-02
-9.256950722874798115e-03
-1.865854028973318009e-03
4.007711973309306154e-03
-1.000718741291956211e-02
1.140148687986653961e-02
7.328249060806858901e-03
7.958013200419465638e-03
-6.470787709764239982e-03
-1.978040427174612703e-02
-5.586959995703965308e-03
1.181301537672255729e-03
-1.193591326486618566e-02
-3.295568294720815916e-03
-6.094988268470185721e-04
-5.060173076765937632e-03
-1.019747225560474913e-03
-3.392413381149218029e-03
-1.059651061097621316e-03
-6.859478542155507895e-05
-1.221679162220759909e-02
-1.055426177836217387e-02
-1.338260286869162249e-02
1.563014708845326126e-03
1.960401590961743587e-03
7.173462562715698281e-04
-1.735326260007499614e-03
2.206109527752030380e-03
-2.859900717926890535e-03
1.538318142915819152e-04
-4.431757522889916514e-04
-1.163089492046641676e-03
1.279902597631615326e-02
6.924623094943137963e-03
-2.152148107066357511e-03
1.279397936287588432e-02
1.881319434823855094e-02
1.369083453610096292e-02
9.812814178363443371e-03
1.470217586953109085e-02
1.182683777577558937e-02
2.139849428471578621e-03
1.098922301069855251e-02
-5.560206292253896260e-03
1.754837513779837011e-03
1.750480402594081124e-03
9.680948497445009647e-04
-1.025705888139144366e-02
1.071863079452017690e-02
1.870452434198937794e-02
-8.575287198547516115e-03
6.391136789103813928e-03
1.350669029411949267e-02
4.725611331156966653e-03
-2.339250317650550144e-03
8.913728395950296091e-03
1.316890343293509319e-03
-1.016571306150816992e-02
1.816928003671676017e-03
1.453593213777514513e-02
3.183548595020996904e-03
4.990451798931457364e-03
-1.389955388058360108e-02
-1.743892500796166700e-02
-3.224117138187006931e-02
-1.954209586765827053e-02
-3.079748132300134250e-02
-3.718986721696566217e-02
1.480597463896044571e-03
-1.058369027764763208e-02
-1.637071720060276001e-02
-3.243005804956736876e-02
-1.736743665948937976e-02
-5.614649847459071870e-03
-2.836737094846882717e-03
2.551996218626739494e-03
6.387160577795272798e-03
1.972126908957035421e-02
8.141974204069910015e-03
1.355372327999008857e-02
1.051216534198383921e-02
1.385858771628673686e-02
2.743664419999116474e-03
-1.389089874199077486e-02
-1.084245485264388395e-02
-2.274494465976009336e-02
-9.135731007564814460e-03
-2.717398444977996066e-03
-1.021785101890135966e-02
-1.490698552487156915e-02
-8.406215669973510565e-03
-1.490024078194774303e-02
-1.784560827211745249e-02
-1.547620753848949482e-02
-1.021403929876786403e-02
1.550417013112675296e-02
7.692929926737692055e-03
6.786480140506427790e-03
5.371226795897150047e-03
2.622907940865914101e-03
6.099631515683413829e-03
8.324556687008899739e-03
1.414247348029543322e-03
5.269461488144597250e-03
-2.854656956975352815e-03
-2.125042440881448266e-03
2.556782790871165497e-03
-3.608022003080815342e-03
-1.347706555444321995e-03
6.643533983283697597e-03
1.097248300990285100e-02
3.221441132857685158e-03
5.081904054280937319e-03
7.256767062177729016e-03
-9.019626846849345845e-04
5.205253688408972151e-03
1.734100740278714942e-02
5.295075243561723306e-04
-1.238214123557272034e-02
5.620563668050133736e-03
-3.377475223941927944e-04
-2.804682481856886605e-03
2.877060110744259543e-03
-1.062798345738387787e-02
-1.049893952581383225e-02
-7.737774954391614390e-02
1.070539884409273390e-01
-2.059933024078862765e-02
-1.366564362751865880e-01
-5.165498532245420271e-02
-1.079945091290123171e-01
3.846240110461181250e-02
-4.499452160330432576e-02
-4.493018957772184491e-02
-1.399331659684628637e-01
3.061244477665906460e-01
1.588082745131925433e-01
8.819395529365216257e-02
-1.420491082867592625e-01
-1.552777968966190802e-01
1.013459908850159324e-01
-3.714642463513435910e-02
1.957349137074934353e-01
2.402662706118086633e-01
6.895838615730759402e-02
9.218864395481796625e-04
4.156263745066369197e-01
-1.821597935578699867e-01
-1.926402280972636660e-01
5.086098218525240272e-02
-2.796717918623978782e-01
-2.797896606894122173e-02
-1.955268659310141766e-01
-3.407073912982218344e-02
-2.056721709214807403e-01
-6.164631891679074605e-02
4.757281378350852047e-02
-1.309335456119954388e-01
-1.266261928430427175e-01
-1.287720216354946989e-01
-5.904903392327597034e-02
-1.782555828020556954e-01
-1.229311071986406434e-01
-1.846427570911716720e-01
-1.470067885458554713e-01
-1.369940103353575189e-01
-2.271866953649209417e-02
-3.087874520139179471e-02
5.867517135801109118e-02
2.199625357382911997e-02
5.912353044900432730e-02
-2.833431524405520263e-01
-3.117965888451222911e-01
-3.318066542470651803e-01
5.310783072386358883e-02
-1.768154175052041865e-01
-5.563609883430396807e-02
8.205766697208931315e-02
-7.721147720679179260e-02
-1.468131344015770612e-01
-1.779212990795396021e-01
-5.401113869566846054e-02
-7.959736393041483282e-02
-9.152958658820416205e-02
-1.348412727452812931e-01
-2.873107527817451157e-01
-2.440059170894363638e-01
-1.888145771151736596e-01
1.461412857333987611e-02
-8.779698744873359884e-02
2.347432611252665002e-01
7.522947806312209156e-03
4.000464343063627748e-01
4.607606743930627718e-02
-1.041066060522340686e-01
9.186705674297547530e-02
-1.557476133640859628e-01
4.435422736438086877e-02
3.144216402780599523e-02
-4.482120192802289960e-02
-1.895191195261992090e-01
3.538204532502171595e-01
2.595856567705182374e-02
3.471254637719634606e-01
2.298640640780211519e-01
-5.244446219461616071e-02
1.213563114932035281e-01
-1.549415444402152953e-01
7.353562317582927610e-02
-1.064602693416608070e-01
-3.394374303375647384e-01
-1.893108256579839957e-02
1.246330411864798038e-01
-8.470045523903330098e-02
1.800023054858389260e-02
8.848348677825917941e-02
-2.231403821262566978e-01
-3.114985990964053708e-01
9.292278846732646147e-02
-3.937125981223881799e-01
-3.047501074518530473e-01
-5.888863497558311649e-02
-6.273988861272133954e-02
4.828905557795161452e-02
-1.026455922280926775e-01
1.241690926397391592e-02
1.813002024157814654e-02
-6.040384002288384097e-02
-3.475010362190678048e-01
6.693132670533339379e-01
5.675279386180746843e-02
9.280097488092982350e-02
2.611452950479222213e-01
1.709190230536550836e-01
-1.525837121744912789e-02
1.877910815853311710e-01
-6.669185027981988645e-02
4.546030763500678168e-02
3.802800544100690822e-02
2.627469329815960708e-01
1.079930198182843387e-01
5.803772266871597835e-02
3.336264388329012592e-02
2.661023482288171413e-02
-5.242987533483006030e-02
1.690279447804616253e-01
1.857044332981223345e-01
-2.050966990687099201e-01
1.388080254371616973e-01
-6.607401419042963076e-02
-3.360170833300860638e-01
-8.171556300107503390e-02
-2.930669114018340585e-02
4.112052544396024856e-02
2.947408456188266301e-01
4.540184899885578440e-02
-4.712971740986125063e-02
-9.607798165527176026e-02
-3.993030185155648781e-01
-2.345744239653829721e-02
1.513042611873350041e-01
-2.966287520429788938e-01
-3.156359480483559438e-02
4.523692014031958919e-02
-1.043251774405035137e-01
-1.718507810530382762e-01
5.752617451153613226e-02
-1.490096034045836071e-01
4.739544362054341764e-02
1.815285695923349318e-01
-6.038193383760036281e-02
6.956244099975107675e-02
1.636451325608560547e-01
3.947089871015024842e-02
3.257492407398423443e-03
7.614130541874743197e-02
7.851881831995571881e-02
5.401515609260045675e-02
3.465007454564616451e-01
-2.328371483817659460e-01
-1.199387971000430569e-01
-9.735304742067092676e-02
1.259093586003264265e-01
2.088531314060538546e-01
1.290176972039590031e-01
1.608880596571294341e-01
-1.306286810813882260e-01
8.688255844059629418e-02
-1.640854305937606769e-02
-2.559963031902432462e-01
-2.714806723212962458e-01
2.429165751153073705e-01
2.845231796778656050e-02
1.231431368229503887e-01
-1.710819936651674644e-01
-4.499418402460465816e-03
3.597787654742271024e-01
-3.677532487697789954e-01
3.901787608563797582e-01
3.076820066536551934e-01
-9.056455273117396121e-02
3.624109341239323268e-01
1.901456283724389518e-01
-2.301894076793940119e-02
2.134167989269861176e-01
-1.869823239353859690e-01
-1.250792089601711621e-01
4.780710322668439011e-02
-2.669565226892065685e-02
7.812864824666557184e-02
9.733082036444350160e-02
-3.755820338522598834e-02
-1.526172390284990521e-01
-1.535911128606128832e-03
-3.831880332068143824e-01
6.382145604735402211e-02
4.862337149417677445e-02
1.410785119188123771e-01
2.019591261076762040e-02
4.120947506964016405e-02
3.411605148898440298e-02
-1.286766388089513879e-01
-8.299350502445457245e-02
-2.547416406610970574e-01
1.091689055512597706e-01
5.230574747566942018e-02
-2.146233965007884048e-01
-2.513908533932610045e-01
-2.529692600681791026e-01
-3.266297759224381925e-01
-1.912698837417341480e-01
-3.392900654900565804e-01
-2.186190915485834718e-01
5.145897671824672948e-01
-1.111375174243988129e-01
-4.272004379482070013e-01
-4.220251072235126633e-01
-1.444766616433757443e-02
-3.238215142861861073e-01
-5.179005494957532318e-02
2.948225470199364318e-02
-2.943385371814484786e-01
8.133211452962632593e-02
-2.803611797909142389e-01
6.592347006611257720e-01
-2.204897516979558228e-02
-4.255146286014676593e-01
1.806589933881571908e-01
3.291314905790512779e-01
2.772971618249993678e-02
-5.362916354441668032e-01
3.790892347787313543e-01
2.047006152504258006e-02
-1.387829571895341230e-01
4.009202222861514842e-01
1.116943108028848053e-01
-1.619785950928305795e-01
3.369555923374218387e-01
1.112533477379565178e-01
1.586775072604529324e-01
9.415086202685432615e-02
-4.099707695459037793e-01
-5.051158474231449980e-02
1.129668776801046048e-01
-1.057709080347299796e-01
1.894629402168822307e-01
-1.143019013676592199e-01
-1.100754519159641287e-02
-1.595877815511490827e-01
-3.950450156064156393e-01
3.837689293128339618e-01
3.396451082908575336e-01
6.139790372847954147e-01
-1.543937409466340782e-01
-2.897088371322231737e-01
-2.195544590898625137e-01
-1.256477551405118798e-01
-9.220447720994270902e-02
-5.685984696544437583e-02
1.127276113346341035e-01
3.768378203791925563e-01
-4.243256496929683624e-02
6.412065489146388797e-02
2.154299585790622196e-01
2.318668807092169881e-01
1.835938921083514197e-01
-4.051418643056474422e-02
-1.838769053843361256e-01
-5.338414139361463695e-01
-2.018394671766583492e-01
-1.873101917480369527e-01
-4.232988777150287762e-01
-2.906621980047339737e-01
-3.332724857573680088e-01
-4.953567834753678234e-01
2.205005701766505899e-01
-2.405612260454510487e-01
-3.020371961035249742e-01
-3.047700562216014153e-01
5.972222675345285198e-02
1.510447192919876225e-01
-1.810063321207966980e-01
1.650685961409093308e-02
1.241608934019776400e-01
-2.882354399505059894e-01
3.865798136105877969e-01
2.634976185426225054e-02
-2.542215575186495546e-01
1.092057703369939126e-01
-1.813325490616988223e-01
-7.153471991566846822e-02
3.847913223827303386e-01
-1.271586938482971441e-01
1.029729784928635344e-02
2.307887446202131182e-04
5.968068884455571266e-03
1.529378712839964127e-02
1.109818997341737237e-02
5.332025744349992886e-03
8.923110625897965123e-03
-9.057165264602940954e-03
-2.969158500061977023e-03
-9.350142126860142705e-03
1.662479988766464578e-02
1.489820538730412050e-02
2.324544636927145663e-02
-8.664107376427790733e-03
2.091747711679375898e-02
-6.128130181513920076e-03
-1.337326745092941131e-03
1.090475859361817249e-02
4.185457015283534921e-02
1.240966792023917402e-02
4.969626526509631631e-02
4.041731881061014220e-02
4.467168977301402832e-02
1.339771339966732734e-02
4.659341770332373067e-02
4.615930188080175772e-02
4.191760445299399368e-02
1.976366364167894425e-03
-4.582810582235958413e-02
-2.271200214426856087e-02
5.194192482747224393e-03
-4.908469908515395580e-02
-2.806612710738443789e-02
2.178757421834407251e-02
-3.339958891927512913e-02
-3.161235515498663634e-02
9.222401295071036911e-03
2.249927569419865603e-02
-3.437625857298115886e-03
1.535259791098218633e-02
6.316912829386305342e-03
-1.994431235051992088e-02
8.019874238175843384e-03
-2.959348751317373866e-03
-2.511561243766192303e-02
2.582528922526871121e-02
3.527170811108577830e-02
1.937983880901257561e-02
1.313954924780087741e-02
4.644251968606724623e-03
1.536089048538146450e-02
1.578961270539592024e-02
-8.554820728184978768e-03
2.845998413613456263e-02
1.325032146259015435e-02
-3.046246820341334122e-02
4.798868375031100329e-03
-2.713134136541056618e-02
-3.591896545967779991e-02
1.872391078518207503e-03
-5.462855791197586582e-03
-4.305237750934968327e-02
-1.812190984082331577e-02
-1.447486066771097243e-02
1.335263710025021491e-02
-1.880057878137393612e-03
-8.066482621277367912e-03
3.105410775348133728e-02
1.488756727567993633e-02
-4.811889595414690283e-04
2.956781720951013118e-02
3.889049812289573083e-02
-3.862020373274943630e-02
7.835347908425546043e-03
3.333270562413821053e-02
-6.198678550022162365e-02
-3.316508767765783544e-02
3.226298082146482338e-02
-6.066842063148950720e-02
-2.911579228887882162e-02
1.871328400465559205e-02
-4.244783064624870622e-02
-3.498657713942886216e-02
-3.969852466396587426e-02
-4.842689904470788564e-02
-3.753754716572696437e-02
-3.420454055825231099e-02
-2.335575162356057916e-02
-1.856284579141649974e-02
-1.286621335248116539e-02
1.127438257899251485e-02
1.568714379973006100e-03
-2.599891623177404327e-04
3.593690735833312416e-02
3.387649931596059538e-02
-4.969546552814777668e-02
4.626270709296217976e-02
1.176099060619266272e-02
-3.923693510412452207e-02
4.455276990260138154e-02
-2.304678419694755186e-03
-1.385814003106002230e-02
3.850426871202167894e-02
-4.886607450054187424e-02
-6.945530224067029967e-02
-5.727166169008585453e-03
-2.726310235139065355e-02
-4.385518876360776364e-02
-9.815218682926776447e-03
-1.537184348224713247e-02
-2.291053728902346306e-02
5.130666770772324310e-03
1.268180808656424116e-02
2.888664171087248003e-02
-1.783735675514934102e-02
3.939118951179590954e-03
1.618024275679440932e-02
-2.926288186455934526e-02
1.753111893033605651e-02
6.772931663771801503e-02
-3.828963028830745935e-02
-1.168909777312305935e-02
4.074609418875841521e-02
-1.461897553205718410e-02
-1.899468406329979375e-02
4.587092544421272899e-02
2.096779673258041335e-02
-1.881749074288524212e-02
-1.913186489222418879e-02
-1.609787879669837690e-02
-3.190493304332991248e-02
-3.203090980211844435e-02
-1.221287060804806396e-02
-2.200874531807192960e-02
-4.434079190135355869e-02
-1.058773952752548216e-02
3.740867680240875931e-02
2.100143399067767175e-02
-8.227050835864618480e-03
2.203255493621768604e-02
-1.770488548825523189e-03
7.567875557981324289e-03
-1.009819436052551873e-02
1.098933987062297897e-02
-4.639820376373651745e-02
-1.607157759890957480e-02
-3.762291566846293761e-02
-6.872725229100976052e-02
-5.726216448517043589e-02
-6.384607678349585314e-02
7.064036721990561186e-03
-6.528793245063482277e-03
-8.166363035464790227e-03
4.469123500832121627e-03
6.852774989210705381e-02
-1.081004231867105890e-02
-1.210339144346629647e-01
-7.172647828862199759e-02
-1.149360706469636645e-01
2.786237009549853011e-02
1.182240559795742496e-01
1.672769605251947511e-01
6.109138204481675410e-02
1.223486146458388629e-01
2.194478572089119880e-02
9.400823327155358178e-02
-5.744600115366623599e-02
-1.921714318803044094e-02
3.784072049983133040e-02
3.717728674808214867e-02
-3.650722603611657180e-02
-6.806823441094297933e-02
7.292972870835021104e-02
-5.850112860867187625e-02
-1.445392147716232853e-02
1.054949327863764497e-01
2.319346749442769556e-02
1.189708973714209347e-02
1.084790142987875350e-01
2.611999765109970437e-02
1.916447955699266889e-02
9.418154730245872214e-03
-1.591798681401479162e-02
-4.994207950735431167e-02
-3.464554518807561739e-02
2.974006347015179311e-02
-3.939751598932166726e-02
-2.478460211364066218e-02
-1.077019858736049870e-02
-2.078956027022879020e-03
-4.599432700469371915e-02
1.274403017554313067e-01
-9.026219951081761173e-02
1.033093075010527856e-01
1.118168384497080781e-01
-2.410843673756201885e-02
5.753266867809472829e-02
7.708241359777238955e-02
8.770521223795373078e-02
1.451793795488860450e-01
5.219847854192207620e-02
1.773751721053031527e-01
2.746393488418812923e-01
5.169910146418837255e-02
8.731834530733824373e-02
1.574586765367198271e-01
1.803872127481546267e-02
-5.738175768206004584e-02
-1.672239742685961705e-02
1.170309929611047933e-01
-3.682518035712375321e-02
1.796193849313918248e-02
-9.048175723936978387e-02
-1.151037833937024017e-02
5.019846699292263015e-02
-5.604682348864398200e-02
2.197466799392532120e-03
-1.551854379191346944e-01
-1.318976208388795701e-01
-7.693496215661121962e-02
1.151919852286154792e-03
-3.882599269008845180e-03
-8.017820026974606384e-02
4.269770014118248226e-03
4.561906828888162568e-02
8.993358803732796891e-02
-1.016567815462988550e-01
1.109983678779772470e-01
-1.625391358564372626e-02
-2.175180098885531876e-01
-1.290474814790819498e-02
5.737471036280677311e-02
-1.131583985524429459e-01
7.111368308825041784e-02
2.031311062526404421e-02
5.392456942992499003e-02
4.626817095016601267e-02
5.873415464076565257e-02
1.464939893828690332e-01
1.948995199937442468e-01
-6.395694647947264277e-02
3.697581391619409342e-03
6.356304694217015938e-02
-7.317762494137358686e-02
-1.082372290352627900e-02
-7.420535024166269311e-02
-1.904400255522801788e-01
-6.810265130708743897e-02
1.266754164519266201e-01
-1.987457631452817786e-01
-5.967577674863327325e-02
5.963946403323250323e-02
-3.746253818691774179e-02
-1.151940828202095146e-01
-6.380119610002589481e-02
-8.201695578681324206e-02
2.737232498838353123e-02
-8.320397614412756992e-03
4.431666357953442659e-02
1.760210800487813365e-01
2.139440858300817039e-01
8.369819226378601151e-02
6.426128747307049971e-02
1.205382480763273062e-01
1.866648440959270405e-01
1.729945475281334244e-01
8.252995144644423298e-02
1.092983938969356028e-01
1.036699125008392897e-01
-5.683094442167625077e-03
-3.038775582686745191e-02
5.727101304289673039e-02
2.222844610077221242e-02
-2.207945299284329310e-03
5.746098905512615068e-02
2.409700507355409457e-02
-1.762284431616736738e-03
5.166863594299057894e-02
1.220124262007094701e-01
6.220443077151392719e-02
-1.377981586036438645e-02
1.883769664531344534e-01
8.772761737461938492e-02
1.392413352490562244e-02
1.437806138357199115e-01
3.807319586158679214e-02
2.275890242389755347e-02
1.519658765287520696e-01
3.106173213815677583e-02
3.066426680421400889e-04
2.096482548068499471e-02
3.394520849411444829e-02
4.533019152532552498e-02
4.138908186797789213e-02
-3.007640922597738884e-03
1.797618102090804346e-02
4.213768364187856635e-02
3.157438655526768195e-02
9.493026202679116787e-02
1.121399004881901001e-01
7.094002728426800075e-02
-5.579369752586527814e-02
2.623786125059146893e-02
7.187080751014381964e-03
-6.760710096857848635e-03
2.534359002072543096e-02
3.466081001471106593e-02
-1.757979999918336464e-02
2.317566173335361759e-02
7.816253170094053515e-02
7.465813133476219277e-02
7.395342129768953110e-02
1.279989211779373470e-01
1.154634141593197660e-01
9.472799707277601566e-02
-4.104666446910699984e-02
1.679646078162924105e-01
-3.802022434706148896e-02
-2.389124543661330993e-02
1.690069602059422194e-01
-3.653660015532472077e-02
-8.688559441542247075e-02
1.097989314973477071e-01
-1.054469960487034175e-01
1.235065214810413328e-02
3.251791508570758132e-02
-2.210456616125598336e-02
4.496478594383098229e-03
1.402376626328660607e-02
-1.081920876941609364e-02
2.729772171909604014e-02
4.552598751337291749e-02
2.148295872889786917e-04
1.093594668822908955e-01
2.196594728004203773e-02
8.109239549356150878e-02
-2.773724487683128671e-03
2.473745821814661919e-02
-4.189831917440151390e-03
8.702365332319045299e-02
2.332420741656415514e-03
7.397029940641759206e-03
-5.177001214790908495e-02
-1.033907735551324938e-02
-1.168824555954002531e-02
-1.558949019820287663e-01
-3.922645169300503776e-02
-3.784273312736242956e-02
-1.158362852049825142e-01
-4.967916420537387551e-02
-1.247135569704807372e-02
-7.132422761087608976e-02
-1.416419742219839073e-01
-4.996725527131804651e-02
1.541807341772557551e-02
3.842914495597492958e-02
1.369482895246031395e-01
6.814084729459830847e-02
6.251938459261223435e-02
1.018153137182580270e-01
4.260035915627048003e-02
-6.488072770821917690e-02
-5.545394127352962221e-02
-6.261022755755027425e-02
-1.428241036197472613e-01
1.640562349701958633e-02
-3.828837781299557208e-02
-1.319195116264912648e-01
2.107327324716391434e-02
1.610783470912490467e-01
-8.681900848202994680e-02
-6.038877853541375906e-02
2.070723133220805368e-01
1.074906191397402393e-02
6.399355795978148298e-02
1.621185741271380931e-01
-1.642033616297876655e-02
3.610574895000034229e-02
2.666434084503658056e-02
5.906365355488949614e-02
1.608108706841178404e-02
2.010114661830537663e-01
1.932812745682694136e-02
-1.175466095556491342e-01
1.310085048265925145e-01
1.122888661514851033e-01
-8.910411630363691826e-03
1.419460588931448775e-01
8.416634299916225803e-02
-8.524568672558550941e-02
1.970785754086925440e-02
3.182427852352880809e-02
-2.446664742367806178e-01
8.615860888920283400e-02
1.023982588021732643e-01
-1.274866854682439876e-01
4.180708550071822460e-02
7.865416675115712020e-02
8.006675958394057768e-02
2.737152112860608347e-02
3.509243372885748752e-02
6.636789627733549746e-02
5.746215877077858608e-02
1.140613602813226879e-01
9.253847544572776918e-02
2.023296818548550244e-02
-6.124025252200526043e-02
3.063441894687733268e-03
-1.014350535684424293e-01
-1.964349941092481400e-01
-5.991976004907940967e-02
-2.379115018314767807e-02
-7.836986441464165176e-02
-5.694684702513320290e-03
1.090673961868796234e-02
-3.187501211773292875e-02
5.258578655465361018e-02
8.739482663117839611e-02
6.058829198354218071e-02
2.180624158058687423e-02
1.123333713137698309e-01
6.601294310927659226e-02
1.416130592295015110e-02
7.405844559014655715e-02
-5.495309847812773762e-02
-8.181475487551734260e-02
7.473523967827110093e-02
-3.780749934360913556e-02
-2.053969618584480794e-02
6.475787717017673917e-02
-9.681719436631255893e-02
-6.657513354101741998e-02
-1.738013582754910358e-02
-2.517418457405106932e-02
-5.901292413155317246e-02
-7.949485006870292414e-02
-4.157060246005660903e-02
-1.255754886774114454e-01
-2.731522145734506871e-02
-2.055508141775259923e-02
-3.621681714285067410e-02
1.806819180826327309e-01
2.430332194338358509e-01
1.631024512483792988e-01
-2.571293847827925069e-02
-2.622715305502375596e-02
1.887098583066957116e-02
1.239645177914737578e-01
2.033731270602082974e-01
9.717097411933089957e-02
2.816021314399918575e-03
-5.234103446650948538e-02
-1.403939280159750003e-01
-7.883561240805334047e-02
-4.733809122555939636e-02
-2.563874216602151854e-02
-1.834305819562368281e-02
1.516833778145136070e-02
1.704425580758049674e-02
-5.334994782397287777e-02
8.184540433916188962e-02
2.419413910777853775e-03
3.254069045618191575e-02
1.221360948982222611e-01
1.206260790129087823e-01
5.812523161751970147e-02
1.053068190215270122e-01
3.358245197468218840e-02
2.388409277248000617e-02
1.920422043726473585e-02
-2.337000293353694302e-02
8.157766355820955662e-02
3.957287797081935482e-02
-8.067348783469983561e-03
7.236166219424075563e-02
8.523150915759216892e-03
-4.729345777224341907e-02
-3.292687868944638857e-02
3.329126372700166175e-02
1.546733088956782909e-01
-7.081274269462039736e-03
2.477034513189682874e-01
8.977277025589075476e-02
1.256510490056277941e-02
-2.357644561489492460e-02
1.275951232804734166e-02
7.689546980391030739e-02
1.146714932650716723e-01
1.649966514622769054e-01
3.822988438166529529e-02
7.178581094386941863e-02
6.781797761865698826e-02
6.743484303157069003e-03
-1.635725507626709374e-01
-8.038462262607472264e-02
-6.621288236915867653e-02
-8.053243692078351085e-03
-2.762376283916906372e-02
3.523536392139044182e-02
-4.681418273967425520e-02
-6.130118887989204068e-02
1.378270832577299376e-01
6.425115040553749934e-02
-7.400015315512514791e-02
-7.383780933650553602e-02
-1.596586349471389721e-01
-6.509067954847133630e-02
1.031687726055247056e-01
-7.110312257654872840e-03
-1.141391220483458334e-02
7.720449717716848514e-02
1.084764956545981734e-01
6.091857754358320082e-02
6.437557069257583697e-02
5.909085609796838057e-02
1.709534403712823780e-01
1.349312287784242698e-02
-3.134569583848163810e-02
4.448706459614337749e-02
1.070953468779458767e-01
7.539028953336703032e-02
7.962205670663062562e-02
3.773204771625298520e-02
2.547560780133562575e-01
9.315857051968895464e-02
-1.408045000594642104e-01
3.044336526245037811e-01
3.569034424216445678e-01
-1.695529993546641967e-01
-1.385640633481353967e-01
1.774383237723927559e-02
5.785911890787192452e-02
-6.386525700707644526e-02
-5.113481992656521147e-02
1.167162147459665199e-02
3.089252340584280887e-01
6.270675548616945483e-02
-2.556332601526396520e-01
-3.926474320182863492e-02
1.337595196303074663e-01
-8.252089193339933251e-03
5.823519365939090059e-02
3.395991504173151432e-02
-5.448486418057862934e-02
2.158464131131181823e-02
-1.266830631559296705e-01
-6.734964873315724132e-02
4.994245776246680063e-02
4.296971348011655208e-03
-6.189109338256869493e-03
-1.597207122529994625e-02
4.351488733119037583e-02
9.496228074851190137e-03
-1.025536856466998242e-01
-2.374614896379961537e-01
-5.510452755874215534e-03
-2.778401689462165619e-02
-1.140850150020060599e-01
1.077657007826668401e-01
6.233082653208073254e-02
-1.222472897383648505e-01
4.232611016390483427e-02
1.604035464177504255e-01
3.277667817679573090e-03
-1.184614440055419861e-02
1.770188483658292067e-01
1.564058942781075545e-01
-2.602108620704154593e-02
-1.686678226562883867e-02
1.835200205798421863e-03
2.690384914796088711e-02
-6.319202441309362817e-02
-2.276273233694525167e-01
4.494420271888519697e-02
-9.595724291187117394e-02
-1.642887174599215183e-01
