5.043934011886171825e-02
3.634596174436436570e-03
3.675933213260107468e-02
-8.099600207792150008e-03
-5.450780593536479202e-02
-4.274977522753134473e-02
-7.551203238934481310e-02
-1.105001741761427320e-01
-1.033171511028946610e-01
-2.060307717971857078e-02
-5.015481573912973501e-02
-8.030284802896621443e-02
3.292046997380302514e-02
-1.568058285845027808e-02
-8.496482300474919591e-02
9.893550280592694479e-02
8.919317023806254408e-02
1.525117633342911415e-03
3.275415250982709192e-02
1.471493313575123751e-01
1.665074668631134902e-01
-4.408226253574072662e-02
6.009656101366995032e-03
6.673216305412782434e-02
-4.250770887693405137e-02
-1.366547156284163844e-01
-1.304222040450223052e-01
-2.744341093875996701e-02
1.273414528715958727e-01
2.345605791598293355e-01
-1.474932285663042297e-01
-1.194024481280324818e-01
2.496413140847608680e-02
-6.249891369287863263e-02
-1.413706567688240989e-01
-1.351623458344634598e-01
-2.770120450442923113e-02
-1.757380583215131520e-01
-1.103513572875190890e-01
1.218910583767533473e-01
9.368158893382476371e-02
-9.876585668377564631e-02
1.600238200993341076e-01
1.718166445848194890e-01
-1.936962226242590346e-02
-1.250943787825747611e-01
-1.493150115233597697e-01
-1.008459965343291159e-01
-4.977445507893200199e-02
-4.786772506454249621e-02
-2.821521923494054590e-02
3.134569825261106224e-02
3.551833268435089508e-02
-3.403325087737280735e-02
7.470029516012554292e-03
-3.414053008839965011e-03
4.508877437021549701e-03
-3.563683462568703608e-03
-6.933221921572767579e-03
-7.264491821750092325e-04
-7.027783285337886252e-03
-7.806408917178393921e-03
-1.157313464931129798e-02
2.784184191573820487e-03
5.765551295040598906e-02
3.423230976713916018e-02
1.183221414169378233e-02
5.275881840232991143e-02
3.842118343298307759e-02
-6.196958328660091136e-02
-2.155990927194600948e-02
-3.173889466340922699e-02
-3.189807592893342120e-02
-6.501703505107457592e-02
-7.877360431323508771e-02
-4.974062334121516493e-03
2.876094493957848629e-03
-4.977789169936674973e-02
1.248376691152323394e-02
4.005466738247947384e-02
3.693428871519399692e-02
3.544318026248928499e-02
-1.608775129590553007e-02
-2.431520874893580361e-02
4.219937935347523733e-02
-4.446065422087134254e-03
-5.365831184549355731e-02
2.886073841097718320e-02
2.419277527106498613e-02
-1.762255560246139829e-02
-5.792157364591734442e-02
-3.852348355287927434e-02
-2.438860705131579154e-02
-2.760518009170951845e-02
-1.552337163692646925e-02
5.770699705199821075e-03
-1.915398849351145419e-02
-6.730867510562146133e-03
-2.181422559771660497e-02
1.157774014826715853e-01
1.448452670916706153e-01
7.110701186662106432e-02
-5.044779217415798489e-02
-3.808310442793193945e-02
-5.034832579633722466e-02
-8.147166668982090687e-02
-8.690325864859900495e-02
-1.416027756264927051e-01
6.840870363538519017e-02
4.790711525521756248e-02
1.120716664100893448e-02
-3.518705743950726553e-03
-6.829075753934486445e-03
-4.202385730518715112e-02
-1.528266496943741191e-02
-3.228384432249954000e-02
-2.269515487693307340e-02
1.469626421634445679e-01
-4.616028589843703539e-02
-1.129701796414524784e-01
3.856710671926866230e-02
1.873550112175339788e-01
3.847809985340869265e-02
6.361057435439068306e-03
2.031656672198728364e-01
1.538050122403485653e-01
-6.124284869924516428e-02
-6.283328991311300238e-02
-8.810752954999451214e-02
-2.250509747415924133e-02
-5.134241448845036984e-03
-1.894613121407219547e-02
-1.883478471198650472e-02
-6.605288803463590756e-03
-5.346499526520635120e-02
-1.227484753999565498e-01
-1.524787546751854295e-01
-9.960740753058293373e-02
-3.920727909113280035e-02
-9.064460630171124189e-02
-1.049915014398998120e-01
4.633770316539722461e-02
-1.395746351033633550e-02
-1.168943832939578764e-01
-1.274978267222695583e-02
-3.504033676068595698e-02
-3.019081564200384524e-02
1.168824825950961210e-01
7.161058434638277459e-02
1.903432404346432419e-02
-4.762132457986396200e-02
-2.920099701718302174e-02
-5.483615992778639175e-02
-2.206832942177405429e-02
-2.618033291390885458e-03
3.304318495104419801e-02
-1.053506850897077407e-01
-4.970945326635228811e-02
-2.684779744811997479e-02
-1.554483568110485471e-02
3.640424644358712658e-02
2.437715980170299113e-02
-4.564082914104987398e-02
6.580824748443862837e-02
4.433024117083495669e-02
1.789793156150182307e-02
-1.233313366745614897e-01
9.288986655147102312e-02
1.171322693270623744e-01
5.036948310259131830e-04
7.862566678831570122e-02
7.010573823409996241e-02
8.553872987815490381e-02
4.766737852597670994e-02
9.991514872247149459e-02
-1.258210706846717708e-01
-8.580568039357004684e-02
8.601323421707565697e-02
4.385936887674943274e-02
1.179799425567779059e-02
-1.223897774023042784e-01
-1.228079368788490555e-01
-7.362949827443086848e-02
-1.779035935041826111e-01
3.533937193213692041e-01
-1.529525117880650709e-02
-2.218817072296308535e-01
2.852957981219050171e-02
1.496418062182062851e-02
-3.161637301686326396e-02
-4.403504542155137896e-02
-6.147528197412710504e-02
6.470768421658058822e-02
7.730465112104399628e-02
-1.205632243343490034e-02
-3.904871041719005370e-02
-1.660769157277925366e-03
-2.177108784363208580e-02
-1.942644148644968611e-03
6.590475148195365854e-03
-2.048648013500528522e-03
1.523251953582838332e-03
2.992322534545757001e-03
1.117178825061839256e-02
-1.347218896260924531e-02
-4.976845652963521500e-03
1.164833694763631362e-02
4.905687283569755419e-02
1.075259482893527706e-02
8.392050572486869919e-02
7.115463366026476832e-02
3.081655541575619231e-02
6.981916776399686719e-02
-8.421491241075723319e-03
-4.748193024362253045e-03
2.234462000632307307e-02
6.801938990406965202e-02
5.103220075496170405e-02
-4.423416075255157814e-02
-5.120170377953855989e-03
1.565906455747459805e-02
-6.476240388780737933e-02
-7.628161903095023733e-02
-1.056456609601887642e-01
-5.672684848030522253e-02
8.845244022543894205e-03
1.345833512728816274e-02
-4.759871603837496218e-02
2.445510132184794752e-02
4.897107965677435781e-02
2.294514431432221821e-02
-5.291346614033767132e-02
-3.877695051258227971e-02
-1.917720114227704914e-02
-1.937731585552690539e-02
-1.897874030002019013e-02
-1.558622290186341408e-02
2.203922673411378569e-02
4.321791401935085042e-02
3.338120559017984657e-02
9.239520543001667049e-04
4.337051284983430011e-02
4.666157640358681996e-02
-8.458416907670418539e-02
-7.268404883874414468e-02
-5.774993940084781341e-02
-4.243872972741298544e-02
-6.539515919258383214e-02
2.119914557382098219e-01
3.315688508875499346e-02
3.921610878245967990e-02
1.044841125783025071e-01
-3.755243663668376974e-02
6.848654779069158170e-03
-1.016433666951916358e-02
3.902373542089648123e-02
5.720097777511461146e-02
-1.378238206406322101e-02
-4.275018400661396295e-02
-7.855455548328101056e-02
-8.255957801034308208e-02
-1.121316958833206701e-01
2.110105094804546125e-02
-5.083393846546967881e-02
-1.550975729060371511e-01
2.803288536334811454e-01
1.608493597048159945e-02
-1.227945014750953384e-01
-1.621033160142168195e-01
-2.125374170110522209e-02
-4.513745817164481478e-02
-4.555106343606879493e-02
1.186932617489563219e-02
4.868146103404075511e-03
1.437175138358179512e-02
2.081301854128869439e-03
5.718906166770218458e-02
1.750383226777117805e-03
-4.401160295845007314e-02
-2.734307334776471810e-01
-2.889252470635759740e-01
-2.323552993903255925e-01
-1.128772909304936317e-01
5.297240248398504825e-02
-1.647585327231063934e-01
8.103545021845313945e-02
2.175489476258902488e-01
6.972871594890620028e-02
1.191920598245877275e-02
9.006762176296530947e-03
3.089246043521437154e-02
-2.890647710648893559e-02
-3.233834795082372177e-02
3.543633863618941143e-03
-1.297178171318106622e-02
-2.271371511671407134e-02
1.286959490842335546e-02
1.883172659781538749e-02
1.045520088678568438e-02
6.161063107987234215e-03
1.301879112196647342e-02
9.578674391364489990e-03
5.278470557459632659e-03
2.325746882888524159e-02
2.182779909594163154e-02
6.099172624461386173e-03
-1.751079592244397104e-02
-6.040549201501536902e-02
-4.528714742068512544e-02
1.572356068085751374e-02
4.880413308340376954e-02
3.180175558168971822e-02
6.460385623230488483e-02
1.023597340005355377e-01
1.072607479221241722e-01
3.578346633961596024e-02
-1.193547547399678721e-02
-1.092015363534001339e-02
-1.982319721548088387e-02
-4.499242699507369214e-03
1.807569319102222049e-03
1.541654563143470815e-03
-1.418633515050971017e-02
-1.707328782573161799e-02
-1.114572318167857817e-02
-1.696061553614811382e-02
-1.323916560550163386e-02
2.348781506624249976e-02
-1.597806167700169602e-02
-1.392466542434661093e-02
5.542167002798104036e-02
7.745937356813933916e-02
7.593459308741314084e-02
-2.824572166188349387e-02
-6.748521964851532384e-02
-5.792261328555014382e-02
-3.057101055190335898e-02
-6.007319871403547090e-02
-4.775009473029447754e-02
-1.960794123875642114e-02
-2.839506292888647684e-02
-2.793185015030675775e-02
-1.520512551287118638e-02
-1.147709915383358405e-02
-1.146790773390206873e-02
-2.816909515707706826e-03
-7.082178096810399061e-04
-2.213988228639046131e-03
1.049970006486283108e-02
1.133932187099226212e-02
8.424814410745886176e-03
1.318646217687262714e-02
3.663213854147980703e-02
1.797541357064425319e-02
5.713695405266662648e-03
1.339871769591797872e-02
-4.548358741179835130e-03
-3.643579323804178221e-04
-1.665409810067790958e-02
-1.971707247790528694e-02
-1.419128375674009838e-02
-3.700864427133610662e-02
-3.086696863273024130e-02
-4.254337258350942598e-03
-1.471279258067926740e-02
-2.546187513487558132e-02
1.904456770305057445e-02
3.261168575043681822e-02
2.145331538445414271e-02
-2.845367795754888060e-02
-4.176625807388217870e-02
-1.147864236147606160e-02
-1.687235789280046305e-02
-3.904574551378894171e-02
-1.451075661511662222e-02
2.203708571986627302e-03
-1.249409045036642407e-02
3.000142590763123555e-04
3.539721919545948080e-03
-2.463230701091132478e-03
-3.704870185874860073e-03
7.198967621405237723e-03
-4.411660427755036661e-03
-2.586243422040565478e-03
1.485345011486027475e-02
8.529518161649814884e-03
1.008975145398151654e-02
-5.266960296801625162e-03
3.563911800073387565e-02
2.519667778915376036e-02
2.431270118686325603e-04
4.350423222033629467e-02
5.079964561858995274e-04
-1.108101389307035098e-02
4.018537078057045180e-03
1.663887487437356802e-02
5.209921179964551244e-03
1.477569608802090269e-02
3.721425083526039984e-02
-5.459127590514809697e-02
-4.278263155012299035e-02
-6.942077272436014343e-03
-5.462556828907464551e-02
-3.951676364590588075e-02
-1.186437375999745310e-02
2.181023151024656659e-02
-1.980270774273079366e-03
-5.195802173123453133e-02
4.895896757865544208e-02
-2.273638240599356111e-02
-6.515611370356079457e-02
1.273967871725430016e-02
-5.551595477689494178e-03
-2.030100734154736269e-02
-7.865193461770315919e-03
-1.535838322329059411e-02
-1.734901363508216041e-02
-9.697424823842722835e-03
-9.018680735582316685e-03
5.921604692866351549e-03
-6.019555399360891797e-03
-4.358368659606634554e-03
1.377463246723407454e-02
-5.002605738543383640e-02
-1.050856578605343788e-01
-5.487393876190804071e-02
-3.603580160701905927e-02
-7.939094438927575548e-02
6.765994459945134064e-04
-4.127870048962136579e-02
-7.564565465388252419e-02
-4.658107129076934777e-02
-1.335873757470692688e-02
9.294891214758433046e-04
7.176445492404011546e-05
4.294755733832413165e-03
1.921544319524919747e-02
1.024792371920132603e-02
-1.092535087185953109e-02
6.531378710411280160e-03
-8.590455801296363993e-04
1.054744120387718018e-02
7.608870028619230466e-03
1.286665975143008863e-03
3.632417453844095749e-03
2.681002781885070615e-03
-1.800388573769801624e-04
-2.403674612594152663e-03
-9.395409988221314207e-03
-7.950809435875998143e-03
2.810145256571880412e-02
3.361880619468204934e-02
-3.484121990090023602e-03
2.441176697820724578e-02
1.346816014120571191e-02
3.542331932432792995e-03
1.205742350451703693e-02
-3.945155210684200657e-03
-2.572226869967072279e-03
1.706769947546392038e-02
2.777930801798248611e-02
-5.564764865062667154e-03
1.563715947413905905e-02
1.684257039086193425e-02
-3.479742387055826162e-04
-3.094029806955623726e-03
-1.027911809165639716e-03
1.540736347306192935e-03
2.783115467193811657e-02
2.200148256176205283e-02
4.569279872779187512e-02
-1.089933239389942118e-02
-2.145102615564449533e-03
1.596892304198769055e-02
-8.769569020349332958e-03
-1.421453082515768650e-02
1.659600841460576529e-02
2.236080509665843916e-03
1.785226291319718175e-02
1.777109646745162266e-02
8.114865942227952531e-03
2.956323903333261949e-02
2.743843626853542661e-02
-1.164097317036283082e-03
1.197985552008231334e-02
1.997215131580828626e-02
2.430965482446823911e-04
1.087011067672531998e-03
-1.236000256507291005e-03
-1.177176856113591524e-03
-2.260545209294972067e-03
-3.411446041912579580e-03
-4.222712885207550483e-03
-4.261023115899942489e-03
-3.021248076401215031e-03
1.719526558010607553e-02
-8.779693829063054192e-03
-2.572056501867489922e-02
2.092100063223350376e-02
1.983381295051702298e-04
-1.569681462169474420e-02
1.297475605144382538e-02
3.286042894515981989e-03
-1.514099308225710754e-02
4.062605410405669901e-03
1.512969456757184625e-02
2.863859846570985385e-02
-8.717095114108187534e-03
2.361637280715418990e-03
1.032294548461264692e-02
6.751293361712625354e-03
1.297945698838191657e-02
1.812049592434814005e-02
-3.299922180257321060e-03
6.717940550354730041e-03
7.802489254129318409e-03
-4.383169069754600661e-03
4.268634397128872856e-04
-1.949224112373096124e-03
-8.155917478035935864e-03
-1.033023569772255172e-02
-1.429521433980037413e-02
-1.387983937121701171e-03
-5.571902517659060253e-04
1.728517262697935831e-03
3.617138810779352287e-03
5.060857488936814849e-03
5.824679341454291198e-03
1.080010958744678003e-03
3.765090348915858462e-03
3.380852874826081964e-03
3.056149350392756148e-02
1.514845180297252729e-03
-2.416178993219829027e-02
2.860016756868796056e-02
-1.900707317541971628e-02
-2.062834597860183083e-02
7.630329232975224980e-03
-2.042428061047412563e-02
-1.525416587322564292e-02
-1.607267322786043798e-02
-8.994928008861048305e-03
2.971312282745034675e-03
-3.710111420305655609e-03
4.066834047635557031e-03
2.714033727769338093e-04
-5.533021912642637624e-03
-3.156675831616773554e-03
-9.889807050245355211e-03
1.061395918247704830e-02
-2.975607499084041360e-03
3.408453570097915147e-03
-1.080204184342800459e-02
-4.247635266377211560e-03
-1.614793765485509486e-02
2.075796739761851147e-03
-7.784574822541081088e-03
7.058855356950202199e-03
1.903666433355859211e-04
-4.674732942293159318e-03
5.276484764552722036e-03
7.073842965585861592e-03
3.876142176647780560e-03
7.888716243737674619e-03
8.835195290721275727e-03
1.302330511255777061e-03
-1.006275857873261022e-02
-2.178001732154812627e-03
1.389462338864474490e-02
2.418865812437737822e-03
8.854673866250297593e-04
2.798948803275448996e-02
6.437618580324815966e-03
-1.543329450780088138e-02
3.008400833297440648e-03
-5.629512716450023151e-03
3.646613817571064953e-02
2.063897382927433466e-02
1.292135091524909511e-02
4.480598397296890051e-02
2.741578642127097398e-02
3.216009016083277647e-03
6.960714336766998800e-02
1.876761580936983642e-02
-2.496282970836196519e-02
6.266956540580007583e-03
-9.849599958386997048e-03
1.004958264360881343e-02
1.248895179785634336e-02
1.028978331544784519e-02
-2.026320645149273444e-02
8.556444539550643602e-03
2.007446568255485259e-02
1.848008810907856778e-02
-6.909805760338427749e-02
9.933910660963078329e-03
3.854249149083680687e-02
1.095432795624013689e-01
-4.546903462687347519e-02
-9.936206205958866833e-02
6.988619216587228788e-02
-2.214899570825844266e-02
-4.248487718700456189e-02
-3.426130198824026835e-02
-4.376400693440778839e-02
2.656381439258092766e-02
1.160256191062643272e-01
-6.144735521863438875e-03
-1.204913124794870782e-01
-9.319319172520070665e-03
-2.179245423777267585e-02
-2.820147355115990712e-02
-3.576622605976639141e-02
-1.534566915674136049e-02
-4.981317962647990871e-02
-1.578887782129526629e-01
5.697130157922824373e-02
1.272531826498736474e-01
-1.588808850629814043e-02
7.130709431272352905e-02
1.045714494694927194e-01
-7.508563029957829316e-02
-5.024535091246773444e-02
-2.557278415762248916e-02
-8.951220204154479443e-02
-3.421224867421293701e-03
3.426047426462071332e-02
-3.255625259754554857e-02
4.102056581840921728e-02
7.932975029240964260e-02
-1.479039807376083746e-02
5.071727463042322958e-05
-1.977118825889659110e-03
-1.482194091695290079e-03
-1.691918579754532080e-03
-9.145271295558293073e-03
6.777283571203446787e-03
-9.913734498871928577e-03
-1.136372248356805857e-02
5.225373899240860071e-02
-6.999987812237765117e-02
-7.747796854238166164e-02
1.517211970086429496e-02
-1.167644438050757516e-01
-9.705930559356007459e-02
-2.483645475515065468e-02
-8.072875892615953564e-02
-6.989315155374525856e-02
-6.637349777574973186e-02
1.524948537468956422e-03
4.352222101548243460e-02
-6.027961396819111334e-02
2.268371984470451269e-02
5.787599902811903230e-02
-9.337174900470354699e-03
-1.448361255701337627e-02
-2.210898289754230014e-02
1.327261780152852282e-02
-1.267434210495716786e-02
-1.833769667191971139e-02
3.101952402771246398e-02
7.254139807166297936e-03
5.207278214404720620e-03
5.351572075703817100e-02
1.446150014707201122e-02
1.983198159120096692e-03
-1.940139491411626074e-02
-1.788971120606097295e-02
-1.270497489889596716e-02
-2.968105217661771295e-02
-2.167436354077218949e-02
6.092804639755480638e-03
-3.862341375967501267e-02
-1.620173768343751222e-02
2.291668670989153653e-02
-1.412053353775450694e-02
-1.257295074793577522e-02
-6.033085369788583618e-02
1.078128202691344163e-02
-8.864999100148071576e-02
-1.320744908515655326e-02
2.394325481491822640e-03
-2.420388628394801785e-03
2.775006933786095670e-02
4.886047420765493587e-02
1.360723576430221057e-02
3.147211079449409310e-02
1.076542381240124836e-02
7.265898332756347451e-03
2.167083821673640096e-02
4.039715017076220965e-02
-1.421375168244310219e-02
-4.224330569763677656e-02
-1.660399732251052196e-01
3.749318045086018347e-02
3.172195824369102024e-02
-4.410870883003621401e-01
-1.711340536931579837e-02
3.391500846369344818e-02
-1.857956683102840734e-01
-2.384110401988043595e-02
-8.639160103200681229e-02
7.553097368695981667e-03
-2.089146335694848367e-02
-1.359548298236102661e-02
-3.099925405268988063e-02
-2.376946986943775583e-02
3.852973037942847290e-02
-8.667294409883848083e-03
1.055775325317560333e-02
2.515389984600560971e-02
-6.468757728850337008e-02
-2.411853885275207568e-02
1.265000626472241336e-03
-1.316503415284904221e-01
8.093335408051035781e-03
7.450194155657066664e-02
-1.023953532245690107e-01
-8.322308203636686122e-03
9.300796543118408644e-02
-1.121146426568195298e-02
-1.212462457224086111e-02
-7.504703881559235054e-03
3.821749780615160447e-04
8.472328507212485010e-03
3.696440820958185169e-03
7.174639692456697901e-03
1.175585161344983205e-02
1.476439477737360138e-02
-8.457161094337421053e-03
-1.594246479663784938e-02
-2.483954671747723442e-02
-2.492401811056131102e-03
3.056531395866938540e-03
-1.716219486529913657e-02
6.337121161695325779e-04
2.837572555662980570e-02
4.207528741255879036e-03
-5.016958567684700471e-02
-4.017749647849694350e-02
-3.521300196015592771e-02
-2.834559056105229874e-02
-2.149491948050066825e-02
-1.502420503601470045e-02
-5.304225946203665202e-05
3.406054956347595239e-03
-4.893603023658359835e-03
-3.380251885307665460e-02
-3.520079642404401465e-02
-6.331639759505683362e-02
9.011475611476320660e-03
-6.759446335951869306e-03
-5.592784802906452385e-02
1.624707713136749540e-02
1.711533998834637721e-02
-4.568953399608183946e-02
1.976028609772303990e-02
8.541265375172547858e-02
4.237267104218029462e-02
-1.369747347923857845e-03
1.053846046612720022e-01
3.698729481980694844e-02
-1.139835997622233414e-02
5.099457848906078367e-02
2.509994359878417805e-02
3.321336803277630950e-02
3.647792316819638975e-02
3.725646152073514017e-02
3.586054255135070340e-02
4.732842904592883537e-02
3.839019043578632134e-02
2.944862056583429782e-02
5.018588394683531212e-02
5.595612702622054790e-02
7.324136504951480990e-03
9.886628067815863771e-03
7.409759570791788971e-03
2.015108806224832384e-03
8.138400934772572343e-03
1.021275015260393083e-02
1.172924543705705343e-03
4.774542541558210278e-03
3.669489559051393457e-03
-6.861028944499249563e-03
-1.761245766016681161e-02
-1.781855826138820445e-02
7.213819652609042982e-04
-1.109331467611867489e-02
-1.838191206610840372e-02
-1.082901505098581062e-03
-8.873701033710037697e-03
-1.098538897345546252e-02
-2.907537413613341787e-04
2.688031462618581738e-02
-2.673150018831458967e-03
1.026812354759721463e-02
2.352353559530285035e-02
1.895149239734373464e-02
-1.308365044501155240e-02
-1.562959508557054678e-02
6.666698643218330143e-04
-1.206445903776698879e-02
6.340752923696251278e-03
-9.335537326075451017e-03
-3.804773299131880733e-03
1.558224744557847562e-02
3.256996861913615416e-03
-1.148003904541699052e-02
1.424450933372618626e-02
7.141560229562889453e-03
1.103495669638807422e-02
1.416097880770487809e-02
8.093974297190170350e-03
2.049850038667792168e-02
2.772732963174160542e-02
2.475420031045546393e-02
1.894801202183721972e-02
2.482408031627570885e-02
2.586951305846152058e-02
-4.775650463617558267e-02
-3.742916020582962413e-04
4.125811976824112631e-02
-3.115237337454944064e-02
6.996994453657317745e-03
3.570143156106209831e-02
-6.740121093007798471e-03
-8.094530642557131589e-03
-8.628333803568246849e-03
-1.848135634042222253e-02
-3.764355375921486693e-03
3.195533793796144235e-03
-1.004805224373907409e-02
-3.203309004149107377e-03
1.168479760536543163e-02
-4.144648317084482711e-03
3.673040329277809908e-04
1.119865696825475890e-02
-9.694224159676327265e-03
2.775397365475798864e-02
4.046460474981027761e-02
-3.667831649857848653e-02
-1.700082594544638677e-03
6.269380247041113352e-02
-8.035353661891764254e-02
-6.454559234734870421e-02
-1.203912526485973432e-02
-7.882724284361375400e-03
-9.284259692688465182e-03
-6.312093946439253749e-03
7.338717673626938762e-03
9.513162127698085099e-03
3.701322581243465630e-03
1.914635633601745324e-02
1.883439872857897712e-02
3.077000136696544930e-02
7.567562581768684342e-03
-5.073304620904574985e-03
-2.355888282788294250e-02
-1.531625304864067585e-03
3.813554851206442387e-02
2.806532571621881897e-02
2.519942496278913466e-02
6.873101260496075615e-02
7.464606140784521560e-02
4.065087433547920348e-02
4.604039005242893667e-02
-5.793626043522059075e-04
6.026612603185419609e-02
6.991963822368872650e-02
2.199775969589614147e-02
7.799555145452565473e-03
3.631442271495780721e-02
1.571628661693636256e-02
8.201444617901218481e-02
6.076808133224038261e-02
3.099664592846336150e-02
6.499464910622412828e-02
3.127598980926749733e-02
2.305788144716846167e-03
4.890128517637833822e-02
2.580928546880668223e-02
1.152150646870844656e-03
4.939853517784799364e-02
1.092202320778537794e-01
6.768480616275154849e-02
2.311694454303790669e-02
6.790932788085815575e-02
1.146191736562387764e-01
-2.160276819752973004e-02
-3.352872137912106445e-03
3.637226765795741057e-02
-7.610608774699968715e-02
1.192723004062357615e-02
5.577161159143505242e-02
-8.427547292961315439e-02
-3.877982088048250592e-02
9.701532071494528564e-02
-4.966808687076346845e-02
-4.029423087651704677e-02
2.505165837348174301e-02
7.025606797681260840e-02
7.485719633052360933e-02
4.488541088394740197e-02
1.770118541030958267e-02
9.357165832275517181e-02
-1.042200638488171086e-02
7.575407972662080713e-02
5.430821372815814591e-02
2.904375256070848565e-02
-2.999646786549652056e-02
1.704071994906814283e-02
2.501668417723072746e-02
1.035859668474801640e-02
4.902706606463283490e-02
2.934256868851975106e-02
1.264346635614695472e-02
3.180526695763558759e-02
-4.654631976000973836e-03
6.286240312877639826e-03
5.117444355543968905e-03
5.025659031813248245e-03
5.778316650490854679e-04
-5.308631540515451261e-03
-4.152757924943556618e-03
-4.633356862746474021e-03
-2.565899299656446315e-03
3.940239033977018250e-04
-5.837676799542055456e-02
-5.519732442835331016e-02
-2.757217340663923114e-02
-2.441039217559226940e-02
2.143942945481690579e-02
1.290777969819129588e-02
7.953254923360599665e-03
4.123044740142361997e-02
1.081790841582698070e-03
9.731253240333811051e-04
2.826806216627405968e-03
-1.103306180453747292e-03
-8.405750868984684585e-03
6.486155636544245658e-03
-1.415583102948340596e-02
1.312164213839056700e-03
-9.536204951061144283e-03
-9.241205310867634968e-04
5.678297787483247566e-03
-4.189449922212619241e-03
-3.352991487540269572e-02
2.576920677173480737e-02
9.767602921969908633e-03
-2.688462561855848448e-02
2.571111526285311394e-02
2.097624605232752473e-02
-1.166724510393314044e-03
-3.771636696743226047e-02
-1.859240013936524008e-02
-2.195992533541289704e-02
-2.475337705880996039e-02
9.736060687972914254e-03
7.298112936925778109e-03
-1.771686054273255342e-03
2.732404535356913397e-02
1.554841869379421614e-02
1.294911294595370022e-01
4.431308157138177245e-02
2.993375852988028676e-02
5.759301724488832819e-02
-3.904389528844587343e-02
1.842403086559618250e-02
-2.299601982853730769e-02
-4.182790001618919701e-02
-2.545068298520517663e-02
2.938966688143003839e-02
3.152686061424501973e-02
5.552635485676803671e-03
5.536467221489657642e-02
4.690246069422172176e-02
2.188371240832094437e-03
2.273946567997764748e-02
4.433171784263629372e-03
3.513958912235189917e-03
-1.944260626573657835e-01
1.279296805638161991e-02
-1.663669122406156303e-02
-1.707884960154826826e-01
7.035960568719459851e-02
2.605194797815714794e-02
-8.774848840300429609e-02
3.195707346180615745e-03
5.240252715971398939e-02
-2.648301147801149572e-02
-6.394254661673592910e-02
-3.879095391712043817e-02
3.472165995221176017e-03
-2.393883140372811760e-02
-7.175739941398721899e-02
5.542115928435981803e-02
2.597696024867452574e-02
-3.173853566283318939e-02
3.655882821026998353e-02
6.849658323521450043e-02
-3.426813958405375976e-02
-4.558515311608229981e-02
1.490904929201195168e-02
-1.167645610081402135e-01
4.319205511192545505e-02
8.034024622778201952e-02
1.248611916436888347e-02
1.227002820462997279e-03
-4.519155051316042413e-04
-5.567648497740684300e-03
1.714359848967858535e-02
1.556362103880802594e-02
6.984562762157528644e-03
-1.459594975923653865e-02
-1.051117519533916779e-02
-5.267004267287852919e-03
-3.515541687133241430e-03
3.892794431446000873e-04
-1.024521985868379797e-03
-1.037976505836471150e-02
-5.637860852018823296e-03
-1.228740989566843786e-02
1.322058595096909164e-02
-2.783324283538519267e-03
3.372385642345247184e-03
-3.771725651287342277e-03
4.920283374871725623e-02
1.417914195080490630e-02
5.396191078096596733e-02
-7.341657190326184197e-03
2.145542077823762994e-02
3.079194411183366897e-02
2.615529452596120075e-02
2.105924294573572469e-02
-8.542990753776546695e-03
1.308463798800914117e-02
2.101372464791536124e-02
1.354135602067617697e-02
-6.137154001607686774e-03
1.690377572713417167e-02
-1.998489253183417455e-02
1.123584783008262783e-02
3.947268008177728937e-02
-4.787173117406578961e-04
-1.787721388930245750e-02
-7.387314036346370218e-03
-3.455366777490648938e-02
2.518866757206792567e-02
-1.923595876651323922e-02
8.756204813127613923e-03
-3.702894309710633158e-02
9.765009414483445671e-03
-2.167144721706847771e-02
-1.153839985434932172e-02
-2.071961810477531210e-02
-9.283260340382301981e-03
1.236894744795765310e-03
-7.623417748073254771e-03
-2.028862296068213375e-02
-1.490853922813878060e-02
-9.523271707250341445e-03
1.913929562419423728e-03
8.167511128468364981e-03
4.405694504022756620e-03
2.993851103719316620e-03
2.431927612843312516e-03
3.486552934434171934e-03
-2.348186995200403793e-03
-1.483555739962983365e-03
2.757637447291929039e-03
1.026230985361984739e-02
-1.949161833317985182e-03
1.915297346002418563e-02
2.176838477420906469e-04
1.307153996894660879e-02
1.868809627917679753e-02
-9.827442510806543366e-03
2.109761632778904203e-02
9.058054859848554616e-03
9.536006521462166499e-03
6.451185563600524012e-04
-5.129349628868616097e-03
-7.526148569112459281e-03
-3.388313322168401334e-03
-6.976893448902988203e-03
-8.478716605137995993e-03
-1.304846647949704959e-02
-1.156906965853953841e-02
-5.228302540898620808e-03
-4.425258105743548089e-03
-2.820089612614570633e-03
1.054605954638196570e-02
8.890338241599602537e-03
1.063057692780321889e-02
1.014877481804708943e-02
5.998715746488394486e-03
-1.764376166237169438e-03
-1.206277797488663345e-02
-1.223147783842462762e-02
-1.037311087138283010e-02
-9.630103989483001711e-03
-6.851987032585880530e-03
-3.157863419830076422e-03
-1.328590233961402835e-02
-2.724023270390704080e-03
2.428945400086331315e-03
3.049685134387340128e-03
1.886902086118878719e-02
-4.427273460632969067e-03
2.106142992162104988e-02
-1.572378633323712194e-02
2.580912395295381981e-02
6.181248679430763034e-04
-2.190194494088222935e-03
-2.932123411402829880e-02
-3.113442185389789143e-03
2.421271021628786449e-03
8.413379359774807512e-03
4.875108319043171615e-03
4.552490642052038454e-03
1.292501854369202362e-02
-8.874507992445997140e-03
-1.842811847797257846e-02
-9.767779782573607350e-03
-5.308496920532378843e-02
-1.665658637170299577e-02
1.063380078053881148e-04
-5.370477128116279281e-02
2.998057307884598177e-02
-1.680111300083329470e-02
-2.095925434866792794e-02
-5.526115024919005941e-02
1.411240253806891713e-02
9.443215875816403804e-04
-1.089304233958871861e-02
4.971216076750425115e-03
-1.210206905254305500e-02
-1.276796000642318497e-02
-6.346211912917276536e-03
4.420468807326551411e-03
-2.506378648176583665e-03
-1.694303939310374749e-02
-1.368487735598670693e-02
1.808050849345265929e-02
-2.514992472814842582e-03
-2.783850170791598785e-02
2.451035465474975684e-04
-4.137488131561712495e-02
8.158004338335782951e-03
-1.725988184481078158e-02
5.932493878318182128e-04
1.714015849608599125e-03
-1.411866966446943990e-02
-2.415305058548937456e-02
3.743122797395024128e-04
-1.205387188316651807e-02
-1.827743272869918403e-02
-3.589011006400427955e-03
-1.081065549127133325e-02
-1.289047957355207892e-02
1.936505779911917207e-03
1.239173804890634535e-02
1.962652929590358308e-02
-1.200215838518435031e-02
2.243737310341804327e-03
1.399446225288689290e-02
-1.424660034934833487e-02
-9.918702273095129571e-04
7.117542980084816395e-03
-1.569150065385290990e-02
-1.806953309409935204e-02
-2.894008204279112373e-02
4.569183972561871414e-03
6.338695882466423813e-03
1.289724660640596474e-02
1.062447219177926200e-02
3.312492033989114515e-02
3.222986022320377397e-02
-4.840036801374899417e-03
3.452830870734899596e-03
8.523202809899039015e-03
-3.284543037171642511e-03
-3.058002396498399420e-03
9.163235453008945069e-03
1.536751620305946454e-02
1.918402147932918994e-02
2.763907695359452826e-02
-1.208508331591752819e-02
9.712048477848722865e-04
3.622247890584807256e-02
-1.163801332494941200e-02
1.790425148321571000e-02
3.108277173323657772e-02
-1.446122851744008342e-02
6.916206331720415289e-03
2.067331270316878286e-02
4.943238768568502216e-03
9.680726166935230137e-03
1.432479139853338936e-03
1.270441215713954486e-03
5.370359160149770078e-03
2.141683163126045948e-04
-7.894391575823224774e-03
-2.783152871920294754e-03
-9.379894847438355332e-03
-2.534510902519564960e-03
-2.695515118789991189e-03
-3.453253016238927182e-03
-2.657940896485803256e-03
-2.852385004076288602e-03
-5.084644230137732365e-04
-4.009572646676079423e-04
-3.710859177081306270e-04
1.144400580012369141e-03
-1.324779985189017406e-02
-7.120295299472222637e-03
-2.809321157748458393e-05
-3.760250778542917338e-03
-2.475108773956618147e-04
-2.363780938928313792e-03
4.202239623717919301e-03
5.858017488470893160e-03
-2.328166911638949663e-03
-8.814687254296257532e-03
-2.493694648943682503e-03
-8.927870373578011484e-03
-2.851952425245166817e-03
-3.320906069548178619e-03
-1.182895052565783277e-02
-7.044057707913648977e-03
-6.037856093109915043e-03
-1.182851894781012173e-02
3.137385539927566003e-04
-1.424265647470788435e-03
-5.099217778618758516e-03
4.629298416320031841e-03
4.459666762527127529e-03
4.276309316203830320e-03
1.551922447888612333e-02
1.567060435515515993e-02
1.392061200676422521e-02
-3.859231868186678658e-03
1.737526447481085043e-03
3.188982615839127451e-03
1.619735147068046511e-03
4.372320565065041485e-03
5.310039129798676920e-03
-3.336146426978567423e-03
1.330066525078255372e-03
4.518650480024159234e-03
-1.486529664605314507e-02
-4.144573739381203319e-03
-6.957228171889230477e-03
-1.573989820178839372e-02
3.439218458825514112e-04
1.004728629214669648e-02
-2.023878349436955201e-02
8.139518553475875583e-05
1.154418768486737291e-03
-4.005784309457997502e-03
-5.685644680105555321e-03
-6.110111695659685774e-03
4.591393099502880798e-03
-4.765664696400695975e-03
-6.069301986975338299e-03
-3.474649421648699690e-03
-6.005992481167090474e-03
-5.600654643596179004e-03
-5.634889816236501869e-02
-1.042432748366152635e-02
1.203743573555326497e-02
-2.968274474507253194e-02
-2.674698436772799011e-03
-1.236035105906473953e-02
-2.745367557614411883e-02
-3.285798116371942135e-02
-3.662244107750677741e-02
6.438194403535092876e-03
5.355385603297849878e-03
-4.042269384811986339e-03
7.091030779456154905e-03
7.617359021923199129e-03
6.819567158265434949e-04
3.325630518752620279e-03
1.760371121889534648e-03
-8.824534236107934183e-04
1.850228517234994013e-02
3.290105039995792902e-02
2.328329494444558723e-02
6.488478420207223832e-03
1.277369753391314686e-02
3.775965063119185602e-04
-5.837517733201457414e-03
-1.087987580412320271e-02
-1.355411617548725293e-02
-2.290349764998907481e-02
-6.873800986809055699e-03
-7.553228976800828963e-03
2.849442356322466272e-02
1.884799906276661552e-02
6.305529852810848671e-03
2.405484479506029075e-02
3.289015634750126760e-02
1.182060516072994637e-02
-4.431685194735743988e-02
-6.059920309921977555e-02
-6.272713689442817320e-02
-2.768928776024433269e-02
-4.324634827822480126e-02
-5.584471665733080348e-02
-2.442671476121668558e-02
-6.005466480594488787e-02
-7.012155356193967848e-02
-2.158953474011717291e-02
-1.561180836003195349e-02
-2.716457728414947009e-02
-1.325227005075807138e-02
-1.012820845063837870e-02
1.984831588078416267e-02
1.248327709829674496e-02
-6.320509132887842420e-03
3.691905079246626808e-02
1.108713963669943729e-02
2.777193740980329201e-02
-1.414258668556668715e-02
-4.040168964256393713e-02
-1.127349692896301506e-02
1.863600720202403943e-02
-4.701001852234580614e-02
-1.572286231157211944e-02
2.330744039506930237e-02
-3.113314766846805946e-03
-4.969516389565489800e-02
-5.022747660529734010e-02
-3.647716303251107711e-02
-9.729369499162475454e-02
-1.602216459175976604e-01
-4.132084625275387474e-02
-1.196852830785954253e-01
-1.323774248113885610e-01
-2.079813601345494034e-02
-3.269549453220620128e-02
-2.048744675410897956e-02
-1.776621332356126057e-02
-2.626297590642519622e-02
-4.514423048111899928e-02
-3.569946396236571562e-02
-6.798369349624264202e-02
-7.474364072852618390e-02
-2.761018697790618755e-03
-1.276540769898139869e-03
-6.273683597326644261e-03
-4.343561228719153983e-03
-3.062749389436345612e-03
-5.839525030958934125e-03
-5.613122537476008048e-03
-4.195575804348931209e-03
-6.778202749600905318e-03
-1.153392070387699794e-02
-4.169737698879637938e-03
-2.427255854433832058e-02
-1.275869752676686564e-02
-7.062473629274122061e-03
2.746228521352015676e-03
-2.066625526968389123e-02
-9.169036040501494719e-03
3.464210533483875337e-02
1.047529782163684337e-02
-1.809290422541085311e-03
4.237897131799543736e-04
-3.409124977726231409e-02
-6.656534938724387174e-02
-6.353077724178052277e-02
-3.565675393672975563e-02
-4.823940934037024286e-02
-4.873752035168280733e-02
-3.512859616144601172e-03
6.577353971097878518e-03
1.969571659492151336e-02
-7.351867012452277701e-03
-6.609939267656498099e-03
8.883728097765447237e-03
4.100400344073677240e-03
1.640259567387041028e-03
1.578218739716767812e-03
-1.236176832157548193e-02
-3.088647567050837456e-02
-3.092316043993456262e-02
-2.113844170905787925e-02
-3.651980155959824031e-02
-3.183517655019574982e-02
-1.869846552776239373e-02
-2.332696618099649316e-02
-2.709021211129991266e-02
2.047660703954373718e-02
5.256661176794719115e-02
3.054778169920153996e-02
4.799432968859530801e-02
3.584716325889862609e-02
5.142922020410486093e-03
4.117562401342064748e-02
1.573937112602464411e-02
-2.739838823006642346e-02
-2.434060043898969919e-02
-1.396863606204511686e-02
-2.102903556519357398e-02
-8.221484817386024574e-03
1.761761795643089143e-02
-6.898715892324992251e-03
-7.863138434217461017e-03
6.563987083527722359e-03
-2.336255976229020554e-03
9.215923051450438308e-04
-4.489544225975725805e-02
1.019635859542904893e-02
5.637859431651780218e-02
-2.735452487269951147e-03
-2.613038485464139193e-02
3.246783513432818097e-02
-6.570141304409603689e-04
2.499421544823586874e-02
-3.243750170795110105e-02
-3.787265700716926919e-02
-2.498833318912369039e-02
-3.851687229598705492e-02
-3.946154386493418154e-02
-3.921608333303951838e-02
-1.853326913309787799e-02
-2.716172736535888907e-02
-4.016585802738022876e-02
-4.899515902424764202e-02
-5.656035030965079341e-02
-3.724045347454830318e-02
-4.998652916871604984e-02
-3.625262685161480952e-02
-7.190831966969522815e-02
8.137971505450321275e-03
-1.737429569889258063e-02
-8.023249745178270831e-02
-3.230011263810345090e-02
2.131890324958116405e-03
1.222900749665814177e-02
-2.112997248621399995e-02
9.675595770284399141e-03
1.821434790268863790e-02
-2.191046178166306674e-02
7.943940724469281470e-03
1.963380970305378045e-02
1.032979967165494018e-03
-1.211984142812097716e-02
-7.590668639545471337e-03
1.853380540966450760e-02
-3.778124430507987658e-03
-3.901862665775238624e-03
1.417654049537111355e-02
-1.187830705056912815e-02
-2.571893093223925550e-02
-5.043895574096463746e-02
-6.813020263189961678e-02
-5.046804740528328809e-02
-4.567071697720924417e-02
1.554667319378905078e-03
1.503890186949340471e-02
2.330180926410325981e-02
4.650882149165878887e-02
2.663500988525303176e-02
-2.528931702850185578e-02
-1.685942620070556355e-02
-1.624156029788961092e-02
-2.659289682660357160e-02
5.689480776275958676e-04
8.027748332275141344e-04
2.336807780050987118e-03
4.676043966071862651e-03
-2.525668317896124018e-02
4.690460289015829093e-02
7.496491639957186077e-04
-2.439281900339486386e-02
8.924201230066045043e-02
-3.762083833275935846e-02
-5.691858924015735094e-02
5.458120444864280468e-02
-6.431720653151881684e-03
-1.016912108089064459e-02
1.618221540449976681e-02
-2.462799352028988316e-03
-7.581274121427100839e-03
5.169462331120794514e-03
-3.268256602379568387e-02
-4.417330299284671219e-02
-1.615261250332621773e-02
-3.866628370099412654e-02
-4.174496193211150313e-02
1.099004445155760774e-03
-5.118174518200502114e-03
-2.646281022887235837e-03
-2.134964422457559432e-03
-1.546127562081898608e-04
-1.536047912396074457e-04
5.492613168918416937e-03
3.942666043166190293e-03
1.294804513305655019e-03
-2.579911166383267243e-03
1.813763270169807887e-02
2.799378100911694561e-02
2.411099953258645859e-02
3.572973611554507156e-02
2.223756805962522412e-02
5.059602352825921107e-02
3.101469565745490833e-02
1.267950236591520140e-02
-1.394766587543893634e-02
-2.866353590724906794e-02
-2.552786743954996163e-02
-1.530117193969804737e-02
-2.103688225130638176e-02
-2.291035143339476346e-02
-1.335233952155460632e-02
7.772751178150162209e-04
3.052189485663577896e-04
-1.026302175294067226e-03
-2.682217017419162661e-03
2.409049442197342295e-04
-7.595747317152991285e-03
-1.737540327834090001e-02
-8.392483373668579646e-03
-1.150956556896214761e-02
-1.172971268959873206e-02
3.763350179947350799e-03
7.181456609958274118e-03
1.012614071231685009e-02
7.638912831359243039e-03
1.105282891188899379e-02
1.352846958171211728e-02
2.916785901004940226e-03
1.222428025575196531e-02
1.227341524842173043e-02
4.019448007857271375e-03
-1.094096138621046717e-02
1.069725038838522345e-02
-5.308278591786042520e-03
-4.599097441222651204e-03
4.740802591936644356e-02
-9.832762466764925421e-03
9.107235769585541110e-03
3.158603035192133340e-02
2.317075273816729310e-03
-1.130506402699621611e-02
-3.374018587645652954e-04
2.216954759426240790e-03
-1.034826416212527266e-02
2.984854831868870989e-03
9.127788480244319533e-03
-3.490749601634009908e-02
-2.736238989330422918e-03
3.040203175963771334e-02
8.655551517367386649e-02
3.545240588541415105e-02
-3.430465689160017151e-02
1.358214636056440106e-01
8.475092943959574611e-04
-5.473630641586654799e-02
2.700369758499015019e-02
-2.759296884214687551e-02
-6.495482707149938251e-02
3.471928543548316159e-03
9.406923803018902436e-03
3.828702260927855077e-03
-5.036877349170632446e-04
5.285391006156342324e-03
3.838222270075904857e-03
5.918383832599099191e-03
1.143936848332594014e-02
2.659276515374977418e-02
3.679053280762226846e-02
1.689109259477107258e-02
3.045879326872692749e-02
3.117963723413381266e-02
-3.035838931770044186e-02
8.788933027355680730e-03
1.081681490327819281e-02
-3.766907077910730539e-02
-2.459620719883640408e-02
-6.741274755824498699e-02
-7.707739666477000928e-02
-5.544815246176857532e-02
2.161364175574169433e-02
1.521654142124475965e-02
3.558693744855315894e-02
3.116979225950854138e-02
7.995781983199312659e-02
8.947272076524011297e-02
2.789329997737445554e-02
-2.053206397511449927e-02
-6.481389562672178542e-03
7.622613136687726547e-03
-6.883696539979787532e-02
-7.094281185554290881e-02
7.437361885977016029e-02
-4.948214645517055171e-02
-7.940301228608942496e-02
7.536278094643302297e-03
1.697346805395892055e-01
3.589199762624379481e-02
1.596852691795891122e-01
1.054563982369077779e-01
9.601351545768538331e-02
-4.164996638566416387e-02
-6.715471114644805395e-02
-2.791218514560234523e-02
-6.025100178203438017e-02
4.696274295036961810e-02
1.692438393049556511e-01
-5.553357073126414384e-02
-1.460422998812869501e-02
1.174223663279663349e-01
-7.271852842987459875e-02
-8.007195671578125340e-02
3.357135110259240607e-02
1.254582023548772018e-01
1.002066590911732330e-03
-2.301043173642066536e-02
2.945988073572348986e-02
-8.392148031995314700e-03
-1.054875503239433299e-01
7.300706505927433143e-02
-8.807450325110215139e-02
-1.140080681551902120e-01
-5.876989902623650647e-02
-1.602345276111980313e-02
3.405617661254038697e-02
-4.778711971628168270e-02
4.808965898588706683e-02
5.162617185609948145e-02
-6.574858116668537422e-02
1.007725302378081889e-03
1.729342427059968670e-02
1.032342593131945797e-02
2.324903153134607464e-02
1.146286859458192815e-02
1.782323829406895488e-02
1.881741016613337064e-02
4.648137676346719184e-03
2.671414522050126212e-03
1.545305748479613864e-03
-9.432981808834032741e-03
3.475669991762148775e-02
-2.456437072939578539e-02
-6.531143042636738949e-02
3.124031622144688575e-02
1.932281068379495094e-03
2.756675667638594680e-03
3.346310441750346282e-02
4.206833237854338409e-02
4.130640089522504693e-02
-2.623354777205339980e-02
-1.146386111557084683e-02
8.867554764481937538e-03
-5.466807338360443053e-02
-2.757507255656000550e-02
-7.157847545060934923e-03
-3.775556767420696486e-02
-2.014367791626691176e-02
-1.472465702237951528e-02
-6.863900312799661209e-03
-4.069349472864244172e-02
-3.218449931724949586e-02
2.751047601826852804e-02
8.236059497860026210e-03
1.784212173090393011e-03
4.222148620168657274e-02
4.342757017827394983e-02
2.767417056148243487e-03
-5.305521682110130033e-02
-4.408780223881402643e-02
-3.364469550359040773e-02
-3.017449065356664004e-02
2.318300572820269564e-02
4.500700306623614533e-02
-1.603884917262257681e-02
5.881296742501430225e-02
7.283154510244625734e-02
7.800143240690919633e-02
1.504925596912370656e-01
5.978908346605743551e-02
9.928401712033116389e-02
-6.115494990356572930e-02
-7.261931442162680717e-02
-1.313958845047674684e-04
-1.882956714149088828e-01
-1.821536675870380484e-01
-5.885770661795573094e-02
-9.647295788179287290e-02
-6.848886539131256168e-02
5.802295880847867585e-03
-3.120388684880430995e-03
2.287786936922377341e-03
4.536676746879445693e-02
5.136901845468953842e-02
3.409790751029079942e-02
-1.962100761996778409e-01
-3.566852068274047743e-02
-4.878486604902054075e-02
-2.599325813764227777e-01
7.661621419078222528e-02
8.325389330230721641e-02
-1.718307913729693326e-01
-2.525481905910048272e-02
1.142660976414154733e-01
-4.607445874054651863e-02
-8.114266394598727838e-02
-4.348308209793680379e-02
-3.871198652374475361e-03
-2.892115783000653254e-03
4.330406732450840616e-03
7.095385814234501931e-02
8.447664799558331217e-02
4.107594297548566517e-03
-9.807373018744094950e-02
-1.372319338905067243e-01
-1.510977594279519221e-01
-2.697466704682868061e-02
-5.730491553848370695e-03
-4.885288381971342186e-02
-7.075485184061560545e-03
5.545733750118631705e-02
4.524366023831015438e-02
-1.271284498977366326e-02
-8.043457092173109807e-03
-1.963077948814439394e-02
1.821842377795912168e-02
2.324544148965852416e-02
-1.120317318032628892e-02
4.614648194569551283e-03
6.013631018678958738e-03
-1.087306810289413207e-02
4.653685493463193684e-02
5.663407040921007718e-02
2.274319376459297062e-02
6.718895164848545654e-02
7.722144158286736726e-02
2.672969359793951616e-02
3.477573097460937707e-02
4.259436971677755396e-02
-6.771628169052584453e-03
1.350956739935904594e-02
9.944342695663367301e-03
3.059153414571763943e-02
-7.169997884018418366e-02
-6.523796041491262965e-02
-2.785381201317341238e-02
-6.569345892218296512e-02
-5.856391726659344876e-02
-5.495699611856957878e-02
3.259188495086087246e-03
-2.132782148170117836e-03
-4.765265777601601638e-02
6.336586983326677851e-03
-5.713869587665159483e-02
-9.204014934112732249e-02
-4.634559730343110542e-03
-2.976349089489920344e-02
-6.104381235689311513e-02
1.039089587627134714e-01
6.742849032864713099e-02
-1.171395377232922405e-03
8.587362682115266821e-02
9.853240157484920159e-02
5.340131944780450619e-03
1.612195624062197352e-02
5.302876108797936749e-02
3.356878077480163550e-03
-2.287260513084407240e-02
-4.662538342910726649e-03
-1.182171866217548517e-03
-2.795204380706562981e-03
-1.416039764138587922e-03
-2.294064112839265882e-02
2.291714567503642854e-03
-7.677172431988507151e-04
-3.080033351314432830e-02
4.143248258579309423e-03
1.216267137363973971e-03
1.100595332182193646e-03
-8.794273358449235212e-05
5.471513983458881287e-04
-1.843870847505870228e-03
-1.045525264229806277e-03
-1.687151754003204289e-03
-4.877067326241711284e-03
-3.996803950987284915e-02
-5.087964167675547433e-02
-4.750782030258225014e-02
-4.982689921835609104e-02
-5.285427984476645524e-02
-4.610826275811329145e-02
-4.180705048116956785e-02
-2.738369870189331576e-02
-1.822774128286022699e-02
2.862277764203775485e-02
9.091323788706811779e-03
-2.946402584484870968e-02
-1.898179765572407390e-03
-8.730792572911301105e-03
-3.757175630335174432e-02
2.170382362492457706e-03
4.098497115968928461e-03
5.912685614244087874e-03
5.010353431059007961e-02
6.371964000017313334e-02
1.908647108334016532e-02
1.510724517865080947e-02
3.080566144887630226e-02
6.472454166923557323e-03
-2.363520061143894319e-02
-1.712776169007212274e-02
-7.638738788043094273e-03
-2.317297679800666560e-02
-1.190551550038367566e-02
-3.081487172559581583e-03
-2.118773495426033021e-02
-9.383838864024399151e-03
-3.896069201704930804e-03
-1.569851895964807786e-02
-2.128732213506168407e-03
-1.025860750415325852e-02
-6.159825581056498772e-02
-9.226776810544096152e-02
-7.267556806887516107e-05
-1.539050629169342113e-02
-5.095867281800395276e-02
2.773187995442466525e-02
5.550376339606707260e-02
7.022488783562824341e-03
3.703037539810847406e-02
2.079204140507532120e-03
2.565343809849273456e-03
-2.815744931744315616e-02
3.424500594083007554e-02
4.036815948378162655e-02
-1.396336443934578266e-02
3.759230553476609893e-02
4.366696357239361476e-02
4.404910268514238350e-03
-3.848842676665394785e-02
6.687222002447403436e-04
-4.941731933598229876e-02
-5.527243986971212136e-02
4.219427243666381763e-03
-6.706110615409253441e-03
1.512078826818952053e-02
2.109809730055211847e-03
1.707458956093393931e-02
-7.436170569391224033e-03
6.964103889702522726e-03
2.958343265155368579e-02
7.317894481024425721e-04
1.351652815364459866e-02
2.551602376541858147e-02
6.186972466035670776e-03
1.172530350657671749e-02
-4.469266637399541518e-03
-4.358494252364779331e-02
-2.473723682940310795e-02
7.921805869138062381e-03
-2.669396902577774594e-02
2.027385582774880388e-02
2.936055121695594055e-03
2.379450537921468448e-02
8.843242029399980830e-02
8.133810735115031346e-03
-1.550007083482679050e-02
-1.750262716115639008e-02
-3.417226346036206924e-02
-4.593379615590748033e-02
-2.352899081970074788e-02
-2.986527538640074142e-02
2.243082808206247822e-02
2.637142238276698678e-02
3.629088268832562220e-02
1.963823369124893456e-02
2.103583810681602939e-02
3.213839288978141001e-02
-5.179011861976534278e-03
-3.216877800583457792e-02
2.724393936014011825e-03
-1.155085675301038492e-02
-3.007849599518763392e-02
-1.923448335865693415e-02
-1.108856716943420334e-01
-7.564821046386088765e-02
-9.980103513078221467e-02
-4.305305743636393678e-02
2.147871499392378647e-01
1.563530431094691323e-02
-4.756442210680487948e-02
1.534096210363437296e-01
1.846313162469466820e-02
-3.906699012268285282e-02
-3.722058339139807260e-03
3.808929440204530253e-02
-5.821628649967868635e-02
9.080044862044447940e-02
7.599766524011326851e-02
-4.900880258099194614e-02
-5.041575433633681443e-03
2.592044812552380881e-02
4.110161389539055549e-02
3.661130071749493786e-02
5.976377098221330453e-02
3.852683148563321169e-02
-8.565031725934570128e-02
6.764889376765407560e-03
-1.116590665561643762e-02
-7.460789698919335911e-02
-5.677642404553477629e-02
1.603771283452398375e-02
-1.668671245890944108e-02
1.791313484394757571e-02
-1.516321952156175247e-02
-1.827335748845485691e-02
3.014864755956678244e-03
-3.795626745630529403e-02
-3.154798618874073146e-02
2.085989712698078837e-03
-7.352428781031078615e-03
-8.136831844011883572e-03
-3.670550942661285256e-03
2.270734271662289833e-03
2.995411208858244408e-03
5.330993142225474903e-04
1.249468879226850113e-02
9.995087047078257680e-03
2.310037110064627579e-03
1.479217354736027563e-02
2.357465407137766811e-02
-4.251762196704685082e-02
5.178478120168374110e-02
4.364152716154662270e-02
-5.317785924817380189e-02
3.702280074259760301e-02
1.194174122440768739e-02
-5.556632700351160636e-02
-1.235564338582685953e-02
-6.679564039685881999e-03
-1.593754052978416449e-02
-2.034795524261619193e-02
-1.651831662025503300e-02
-1.192786632283376544e-02
-2.244220900794732451e-02
-2.356835353260312849e-02
-2.250016323020099379e-02
1.106998162367853721e-02
-7.585486694294675362e-03
-1.162368537546420826e-02
4.632583100490025169e-03
-1.649874648486219023e-02
-4.517785077487485035e-03
1.786025921972551889e-02
1.576363194333686713e-02
2.028531363420370617e-02
-6.502277672678337395e-03
-2.307365598133882725e-03
2.400113763048036808e-03
-8.051961529278310256e-03
-6.053704359032538104e-03
-1.950633923231751910e-03
-8.526562061476568311e-03
-8.880937102296791036e-03
-9.327519767724000085e-03
5.266363032488820956e-02
5.453206896383854668e-02
-1.929879775564136840e-02
2.353728439213213092e-02
7.682258556810886430e-02
-5.020788128374407966e-02
-2.087721719774548405e-03
3.638583803961539798e-02
-1.231837449134732913e-02
-4.295805139451137900e-03
-3.225215682530311462e-02
-3.795644040057832846e-02
-4.171944836541550267e-02
-6.099796989594238883e-02
-5.577099999069362601e-02
1.752215078050338437e-02
1.341241996256823006e-02
1.243267574683456188e-02
3.334403512587501284e-02
3.610471950923486995e-02
-4.974809402489085638e-03
9.988357129418938551e-02
-7.287047138974152294e-02
-8.369812230532396036e-02
7.196564007313152600e-02
1.268893145070780796e-03
-1.457063372268082579e-01
1.343565353475160724e-04
1.534135749002410454e-02
2.012320521441346780e-02
-3.216554991152443914e-03
1.051338254621843153e-02
9.480146070475405085e-03
-6.825695986805034067e-03
-3.539835904036012140e-03
-2.655884328417439360e-03
5.212833798186605055e-02
-4.201403209835073010e-02
-4.355916752056987473e-03
2.225372360472140446e-02
-1.427466703192087957e-03
2.073276102099608567e-02
-2.359575923628358732e-02
9.380159829918989760e-04
-1.596838961357671324e-02
1.079499364638325867e-02
4.287345835116479140e-03
-4.257310565081593758e-03
-2.325266012264343499e-03
-7.763427620365169653e-03
-8.328153470244422860e-03
-8.794439042350587696e-03
-2.822556162319554435e-03
-3.801578227531277141e-03
1.744837479535271685e-02
-1.989677915640247676e-03
1.292866162051448369e-03
3.597883753427234734e-03
-2.333200324339514131e-03
5.423876221996797899e-03
3.408119814442994722e-02
1.957429673493514197e-02
1.689622223879433741e-02
9.564080062148387629e-02
1.030342388805536857e-01
1.022776245162457243e-01
5.482008146238251389e-02
6.343758598815009420e-02
5.221779736276890155e-02
2.188558616995375794e-02
2.418148889543066463e-02
2.365051255600997791e-03
4.353738159258573569e-03
-2.288141413792499444e-03
1.312786282563862053e-02
-2.124847482831490261e-02
-1.867034440688835478e-02
5.068833061939972268e-03
-1.994691239388010975e-02
-2.102766648546949488e-02
1.510517721883377143e-02
-1.367640839780121659e-02
-1.988118067415342582e-02
-7.321625923294212794e-03
9.626740550820969688e-02
6.644159027042684240e-02
5.568622762099042361e-02
9.202775278325653341e-02
3.016631414330683825e-02
3.998385136747885371e-02
-3.048522066144737294e-02
-1.013434708715039642e-02
-6.595546127956495967e-03
3.464403415995526148e-02
3.474110402598491742e-02
1.570794450604019385e-02
6.237060239051511745e-02
3.404738088777694432e-02
7.365872406305783160e-03
1.417058791232842473e-02
9.877371442757930387e-03
4.071370335099598614e-03
1.141340472044776073e-02
7.236568416309872506e-03
-4.142431667960817863e-04
9.682858211072979757e-04
-1.555643746467491118e-03
-1.046138736300539478e-03
5.457449465918364070e-04
-9.684972777359629817e-03
-4.331752780731665947e-02
-7.774781903624427594e-03
-3.828593998054002218e-03
-3.543903838564169823e-02
-1.385065940649579143e-02
-1.148481532023674576e-02
-3.280964421870283948e-02
1.534616507741818660e-02
6.992695813085273750e-03
-1.590365514907779790e-02
3.613315451499313213e-02
5.568970027195246399e-03
-1.387274961778080587e-02
-1.041940368717560357e-02
-2.783624752823806933e-02
-3.159824427781377648e-02
2.059029368268979095e-03
7.467351148311090515e-03
5.166358818767960784e-03
-5.044927400147470979e-03
-3.177232776481448903e-03
-3.661809294287350375e-03
-3.293958310538252707e-03
-3.662889967252081717e-03
-5.104936726315272705e-03
-5.410994962694072596e-03
-1.359093914567247215e-02
-1.480282953529419437e-02
-7.215667187613040816e-03
-2.157492614425249311e-02
-1.832557738575539552e-02
-1.899694954777753769e-02
-2.215064552627164438e-02
-2.810732923677044387e-02
-9.622371290038343392e-03
-5.394312014536281098e-03
-2.765079995953940073e-05
-1.356950058324061723e-02
2.239255422737451359e-02
1.165664621993259785e-02
4.345525381877194185e-03
4.130660582298472522e-02
2.175772075933393029e-02
3.255910867716396012e-02
3.919656472926112689e-02
2.925895659441378818e-02
3.451487809477581103e-02
3.044656424039248604e-02
2.352662657581599398e-02
7.241844506790018690e-03
1.377932308519370756e-02
1.320121520204259845e-02
-7.434637006208225096e-02
-9.801089017104738788e-02
-5.647802680898678790e-02
2.617848761445215611e-02
-1.088625820088355914e-02
5.176153464521425843e-03
1.944078194492866035e-02
-4.306979904434660861e-02
-2.689478298391332831e-03
-1.819458174273016690e-02
-1.049528258572975103e-02
-1.107928217524605137e-02
-1.425378245164557467e-02
-1.940041764547284844e-02
-2.196247019867106701e-02
-8.016014196378502506e-05
-1.034335515973648124e-02
-3.086822898698501905e-02
-3.432663322986834881e-02
-2.895008241318480086e-02
-6.306288842438079537e-03
-2.955461552654788625e-03
-9.122835295689848620e-04
-1.031650427691871777e-02
7.085926376898422918e-02
4.041074194804336606e-02
7.013958003620574151e-03
4.737887711712743949e-02
6.228048107235500779e-03
1.918435754868080172e-03
2.760021417655031742e-02
-2.545111537666715565e-02
-2.175870683512622777e-02
6.881711678907082019e-02
4.341002188895685607e-03
-1.234109972998136302e-02
3.376116303961010194e-03
3.732221615064076903e-02
4.350568587337642207e-02
-3.709116454949989983e-02
2.303038871923893463e-02
3.329544040036036545e-02
-7.021212418813567446e-02
-2.508517175114655454e-02
-1.014023279102166906e-02
-5.292801943388540653e-02
-2.524168362486517089e-02
5.846509451700086096e-02
-2.993939756567006588e-02
7.289215414267367910e-02
5.408058320607601888e-02
2.261948988308894529e-02
1.336013582298110625e-01
1.125017415558717399e-01
-7.483256677864151551e-02
-8.097291190328759214e-02
-4.402358720157145688e-02
-3.839829448228110342e-02
1.153905390511740514e-02
2.131059385274729906e-02
-2.850823465253787825e-02
6.164457598188165938e-02
8.616462290617889208e-02
1.711852632655490314e-02
1.148116710674679242e-01
8.292952659657620851e-02
-5.753777966343102609e-03
8.333646509274218739e-02
7.863931712425636933e-02
-1.318028125672433271e-01
-7.931390627611376032e-02
-5.971580536719227339e-02
3.441146670048073064e-02
-1.645491498493827781e-02
-4.506337805668662877e-02
1.678973013290956801e-02
-2.612464882886203141e-02
-6.786274963164867779e-02
-1.491173280698973114e-03
-1.500699870466155189e-02
-1.571003383055077224e-02
2.680085378770291843e-04
2.145980600317438577e-03
7.518288311665762350e-03
3.837978161569902125e-03
7.292454359481990479e-03
1.202780032763224073e-02
6.054191967811237834e-03
8.692799639965503519e-03
1.225788640345675667e-02
-2.991662231170052338e-02
-1.595026195438322900e-02
-3.293426208581646392e-02
-5.279277624274293645e-02
-5.628508571074854888e-02
-4.610108463809306500e-02
-4.527835736359025337e-02
-3.500113581135910062e-02
-6.071701919713917532e-03
1.567262467313417298e-02
4.781098085399895607e-03
-4.098033644689245275e-02
1.008561059723247708e-02
-2.498164646986496956e-02
-4.399463757082563986e-02
-5.503701557596298727e-03
-3.198641680630950196e-02
-5.565713135835862607e-02
1.315061609620724742e-02
1.628055298942571866e-03
6.531588885829112817e-04
1.478629589271253375e-02
1.535399765311310470e-02
2.331217988541014335e-02
2.228337123928434207e-02
3.047345403120086879e-02
3.487271947803432387e-02
-2.046760667534586534e-02
-1.925721842038972259e-02
-2.171712766404263611e-02
-1.633205866983615182e-02
-1.165907962549937379e-02
-7.283749236014713802e-03
-7.205432449799856545e-03
-6.712241091830910798e-03
-1.360376931134998912e-03
-8.934102891266780533e-02
1.186188173004562238e-02
5.987688754069991903e-02
-4.407491326641430063e-02
6.853491067428225947e-02
8.425204701756261461e-02
1.622052913236324972e-02
6.240861661889453987e-02
6.482426565419589781e-02
1.750344395413518106e-02
6.281095549028085576e-03
8.831616814340500663e-04
-1.921437021033680151e-02
-4.038525320961978277e-02
-3.029447921466286303e-02
1.221631456362082258e-02
-2.559963472419070612e-03
-5.988641083140566757e-03
4.355496578699835641e-02
-4.493768454874145710e-03
3.275024337089081639e-02
6.413540402940090535e-02
-3.885391319601071147e-02
-7.317033466937408748e-02
3.300033275594597276e-02
-2.467072385800607101e-02
-7.633280397406808082e-02
-1.898056206007710245e-02
1.667708551266811664e-04
-1.971725641020664541e-02
-2.461642130661470529e-02
-1.723910848863399736e-02
-2.786788022786182342e-03
-1.519490957896800672e-02
-1.741170878533470842e-02
-9.671804921386700869e-04
1.228546215839174983e-02
-1.890455095125020035e-04
-4.092214466861933062e-03
8.437030737350890292e-03
-6.221877396083061104e-03
-3.648421788726955578e-02
3.987101237337962491e-03
-3.611047454736725226e-02
-8.458763781153595673e-02
