-1.576385351701092147e-02
-3.361415308457403692e-03
-1.688012126770649726e-02
3.762800801640847626e-02
1.135334473540629621e-02
-2.798588491542454426e-02
1.826154200967523844e-02
1.804147086910454396e-03
-7.165817009198761911e-02
-1.163694384907683343e-01
-9.024175469761079593e-02
-5.389821771687090812e-02
9.794024156015202626e-03
-9.564851227060576500e-02
-1.728849007138203164e-01
-3.666973870696082095e-03
7.191955624417986637e-02
-3.799461468086719196e-02
-3.297537120559473119e-03
8.798351146858396366e-03
-2.292195820791898334e-03
6.636727551166354995e-03
1.319652173774445159e-02
-1.820152989365708294e-03
9.758555548611064917e-03
8.018003082121256953e-03
1.230220643806759911e-02
2.899722426315528862e-03
3.194031722257516248e-02
4.080201706967680891e-02
-2.398460228356845848e-03
1.867618641787780268e-02
2.700081747755463460e-02
-1.711738889340947561e-02
-3.360719624319195159e-02
-3.310225315166889087e-02
-1.888706402454384120e-02
-1.609040429802910052e-02
2.431498317644047603e-03
-1.236327626393966470e-02
-6.046827052903108388e-03
-1.633437251038385996e-03
9.548695579042754122e-03
-2.137166032594567475e-03
-7.931506776089133556e-03
7.039069623221663741e-03
-3.297468996873966635e-02
-1.299686133917015984e-01
5.359645088100382926e-02
1.321669520684242149e-01
2.408572482924241018e-02
-2.956320554416395213e-02
6.357531167944538431e-02
8.680969185819045753e-02
-7.038062109767602437e-03
-1.016496605996485524e-02
-2.613980474735577014e-02
-1.385604021350068243e-02
-1.486464828653389671e-02
2.024426816722529627e-03
1.575385325525158545e-02
3.534301727717773650e-02
2.758887357448738809e-02
1.479216299788161659e-01
2.607724801132018655e-01
9.956084182011201711e-02
-9.338332590929765420e-02
3.625744804591071735e-02
8.402528701324328553e-02
-1.504139128675810178e-01
-9.577683999954104965e-02
-6.019565556873870960e-02
-5.483033955291113232e-02
-5.189205110604799831e-02
-6.292465244644356026e-02
-1.931734629857252694e-02
-6.456321057390326107e-03
-1.057332748181688369e-02
-1.632586548606533572e-02
1.214978760084463663e-02
-1.496188904758946440e-02
-1.993375597959504315e-03
9.332751299630867581e-02
1.141256172357814486e-01
-2.396467030555378755e-02
4.260867091839556572e-03
6.226037691271028504e-03
-3.729932072475818094e-02
-5.404496625909440549e-02
-8.603718824638478813e-02
-3.029462508996921127e-02
-1.858754969939255958e-02
-1.677628853825932284e-03
-1.897592430682671846e-02
-4.074557986532839279e-03
-1.208049231449352494e-02
2.136436602977470275e-02
1.924676552038500840e-02
-2.536481978830559120e-02
-1.273413907692317291e-03
3.569796382413429475e-02
2.411001419221855263e-02
-1.284479577492931082e-02
2.916043532634524484e-04
-2.332261722421473046e-02
1.801104826534043538e-02
-1.215535033213014683e-02
-1.533671484524993037e-02
-2.409520414517140469e-02
-1.255123647225561863e-02
1.168412741038632290e-02
-3.959440979854627479e-02
-6.300307693938020370e-02
-5.949546219091359639e-02
-1.090618339465611666e-02
-4.191677260109969577e-02
-4.343394296826674772e-02
1.012344330273889648e-01
6.823096449243477857e-02
-4.045982420464763751e-03
6.352083382196491157e-02
1.057918864968131201e-01
6.326489229188206852e-03
-8.641232197154009864e-02
2.698031920822236210e-02
-1.079314764038834598e-02
2.440815549819756042e-02
1.032404330199098580e-01
3.142311819493832231e-02
1.628753905841783672e-02
1.135668659236246381e-01
8.104779264718911524e-02
-2.514926316008243498e-02
9.920529629090520107e-03
5.848067658615137276e-02
-4.133663720078977616e-02
-3.145635116436610451e-02
-1.496600915965249555e-06
-2.725260620464177788e-02
-1.742941751849727897e-02
-1.022027321258899696e-03
-1.210024501965160579e-02
-2.045939875877748546e-02
-2.834679703032083609e-02
4.290463693709916509e-02
2.239342249560122983e-02
4.050445163820402122e-02
5.431254048745512431e-02
6.694873830454466102e-02
3.867818880845011464e-02
-5.236001839194448851e-03
6.446978639115509557e-02
5.895460224770437269e-02
-3.548066454531011160e-02
-5.747679158945686456e-02
-7.654125314619926457e-02
-9.998106852981618331e-02
-1.239430099953512943e-01
-1.348180169800861639e-01
-5.255228239124729722e-02
-3.094907295631738400e-02
-4.528376602393365674e-02
4.777759268294828974e-04
-7.674733545878878113e-03
-4.279253029866027193e-04
5.352679107628944763e-03
6.636495134272488161e-03
1.275330690781424810e-02
-1.150215893391261755e-02
-7.123040173857514076e-03
4.164131324618378788e-03
2.330363813493667793e-02
2.213251212471635532e-02
4.267617508607576132e-02
1.088196238815252424e-02
1.616489077351657838e-02
2.251942099641367906e-02
1.515956557827492779e-02
1.442503809138881953e-02
1.521675055048975038e-02
-1.174929946704530211e-03
-1.930948978238839799e-03
-9.010037276456741434e-03
1.381934464548919541e-03
9.095447825129811259e-03
-1.410375060648188031e-02
2.085367180523612848e-03
3.612976309625143940e-04
-9.508579732238914978e-03
-3.406959355428712533e-02
-3.750338144355699899e-02
-2.928614481837251565e-02
4.426876410906094989e-02
1.598471278362915970e-02
-5.477252316288676835e-03
5.148041031653907695e-02
5.258111140453173432e-02
2.477207741370155911e-02
-6.069969920260045830e-03
-5.378259702910901177e-04
-1.951951922930545563e-02
-1.557843431415821892e-02
-3.898492471796206633e-03
2.844108976965454769e-02
1.752296964746516417e-02
2.888079852785837166e-03
2.016480047120132631e-03
3.427213213814666194e-04
-1.621183069224742257e-02
-9.296385601970290347e-03
-3.593664659616924162e-02
-5.480644767919568006e-02
-1.712775864399477752e-02
3.157734764344967415e-02
-3.335436601641814103e-02
-2.170000059041270191e-02
-1.032456338999987802e-02
-1.277923184654827099e-02
-6.647260603264922713e-03
-2.737760117646696745e-02
-1.233251920939226927e-02
-2.699162894124685491e-03
-2.880805402344471496e-04
-9.657054165364227505e-03
-2.257649675937833250e-02
1.087945670448920658e-03
-3.397018193399033159e-02
7.087142647574887211e-03
3.557499904985414463e-02
3.382187800102089831e-02
1.202372503982865846e-02
5.105476169210446807e-02
5.420076816304734979e-02
6.372595661635280240e-02
-4.129918128143589273e-03
-9.881871436258267763e-03
-1.569286833544383461e-02
1.153228787158809727e-02
2.039873002820386319e-02
-7.447352643556125022e-03
5.082091459922961213e-03
-8.147911038929174206e-04
-1.431733325435979691e-02
-3.830582984057760709e-02
7.696901909283102722e-03
1.371459458730531211e-02
5.274378861207954482e-03
-1.607244124291806395e-02
2.930393422515899238e-02
1.908440171712914510e-02
8.036212820798306969e-03
3.251818533365651628e-03
3.897874269433642454e-03
6.327295330351104252e-03
-1.294369596259247607e-02
-2.371000464043581529e-02
6.226563726821400871e-03
1.992414284432230190e-02
1.098585604522666660e-02
1.080882116442192370e-02
1.656789798019291104e-02
-4.839687042231283209e-03
-1.094786515591911376e-02
1.985391182423268397e-02
-1.388839943737928649e-02
3.008368047070567736e-02
1.295852891896365905e-02
-4.804112128988696599e-03
2.711801301757520849e-02
2.828294474598874730e-02
2.630218425864866774e-02
-4.595521346785601084e-03
-1.217953320841685776e-02
-3.461448697891530805e-03
-2.807118856710090482e-02
-4.519859673855304572e-02
4.135377086238904709e-02
-4.367830368198975279e-03
-3.651726091783360356e-02
-9.155061588780794013e-03
5.838237920822136721e-05
-7.394108676578271637e-03
6.883637338975329319e-03
1.688240446216842869e-02
1.271237962693327374e-02
1.228035173359465389e-02
1.714555250830166952e-02
-6.981674928604177273e-03
-6.438434417801597179e-04
-7.439554664677110185e-02
-5.617098725448375213e-02
4.801329364739621158e-02
-4.366827501458438177e-02
-3.555346411722722783e-02
1.058041433884970850e-01
3.165916834858495399e-02
3.793474452047845835e-02
3.131554673178391784e-02
-2.923797721930300117e-02
-3.058006260334654100e-02
-4.247667645589617985e-02
-2.425646951220088166e-01
-1.407918053408416803e-01
-5.308595510962330066e-02
-2.692331555356908823e-01
-2.859608796448594448e-01
6.566142495626893331e-03
3.110771031227602991e-03
-1.124551414027781353e-02
1.593191248044766029e-02
1.899619296448626241e-03
-1.393762473510748619e-02
3.668259179390937624e-02
2.792414290929738988e-02
1.125864094002089130e-02
6.642471543799498106e-03
8.432265059127093398e-03
1.470141808508996367e-02
5.723534829943243210e-03
-7.104994367743023426e-03
-2.843287006547796708e-04
1.151169350718569051e-03
7.214058308839589942e-03
1.907611886669945828e-02
3.073031576186752503e-02
-1.756637052976669014e-02
-2.232985523554971430e-02
3.347571693180773772e-02
-1.312828573492748341e-02
-1.454886379281310422e-03
4.384953802331668926e-02
3.496645426431377324e-02
4.095604161345482025e-02
8.941534386971725090e-02
7.890376594969990276e-02
1.275912228720025299e-01
-1.789434723672258046e-02
3.983176602320409598e-02
7.336191440574911515e-02
-4.114895781334578645e-02
-6.613384760866886786e-03
2.844509288684573048e-02
2.697032888991975422e-02
-1.928441615904193454e-02
-3.480797215672289113e-02
2.478544061532127543e-02
-4.328280119109664814e-02
-5.463759011102479329e-02
5.024764068406344791e-02
-3.348804635693863885e-02
3.154241461502661184e-04
-1.684858477962201395e-01
-1.976560831696729248e-01
-1.547585027527272616e-01
-1.037658202129372043e-01
-3.163842476380576696e-02
-1.463436970210300614e-01
-5.611368180936442823e-02
1.567875707833963142e-02
-1.442022427806744118e-02
2.465802435183751112e-02
1.130806309069625620e-02
-2.546246065571873551e-02
9.081043716737815380e-03
-2.872680463740431758e-03
-2.907349515041697183e-02
3.744158582093915638e-02
1.619916434582107170e-02
2.203117841137214317e-02
-5.836280908090911435e-02
-3.444919988388764343e-02
-6.824851523072269360e-03
-5.795213154348130558e-02
-4.107138903878425340e-02
9.384046069365241036e-03
9.870982985637619112e-02
8.195332273115969735e-02
5.113174661040405938e-02
-9.697864935131520988e-05
-2.185923084864921373e-02
7.402297403223475833e-03
1.730678175207397973e-02
-5.881469058799926580e-04
7.745167517334653265e-03
3.319598758052128701e-02
3.672697987799199149e-02
2.139344347290050505e-02
2.834753213787543843e-02
-2.298137544044281944e-02
-2.303853443998853459e-02
1.646741925569312343e-03
4.894569861607929451e-02
2.800477088881934973e-02
-2.296516951483407870e-02
1.864042390271565194e-02
3.197937374888847051e-02
-5.625193935251787680e-02
-4.023105849408962348e-02
2.779331317178174512e-02
-5.628354575308051888e-02
-6.587035433355042935e-02
-6.507151849605399135e-03
-2.752162971259818763e-02
-6.905636716224716753e-02
3.150181042613263427e-02
1.792058037690065931e-03
8.661479948047980104e-02
1.132852293717657860e-01
-7.435263594009282329e-02
-6.850171532026679000e-02
-2.118482529246291848e-03
-4.936593388079634631e-02
-1.182480921883751895e-01
-5.410793523629232882e-02
2.432116399795323722e-02
1.107263675584304885e-01
5.212334358777234722e-02
-4.331095750623400326e-02
7.255255063903827406e-02
6.845556342846674525e-02
-1.357310662711953275e-01
-8.134008189167954428e-02
-1.094035117703683925e-02
-1.755697863055343845e-03
9.080546232509825733e-03
2.153546552874021497e-02
-5.112198321322834749e-02
-3.291693984723552402e-02
-3.228933011265085889e-02
-4.445421825757494422e-02
-4.011718629255314056e-02
-2.912255118715831662e-02
-3.305971174589749121e-04
2.226081184660222423e-02
-1.266519176005472327e-02
3.045177888351656426e-02
4.078199108447253668e-02
-3.507700573532646776e-02
-7.894943247601298592e-03
3.502221626162006080e-02
-2.441484674558405676e-02
-1.681631714307437950e-02
-6.735308191178369756e-03
-6.934778034258218260e-02
6.595155373707675683e-02
5.240757547325276128e-02
3.686551266014109762e-02
7.806936319936401414e-02
7.282422479844442853e-02
-1.183410163232973770e-03
5.397921674804295744e-03
-1.922481332021229710e-03
3.125495614132180276e-03
7.733287070549880321e-03
5.179096698057634486e-03
3.201704648522573412e-03
-3.392261732045972924e-04
5.410585958910432702e-03
4.747437662332831126e-03
1.651558628064096063e-02
1.224815191411337406e-02
-9.248686625365709624e-03
2.607298174493982712e-02
2.151061947235306804e-02
-1.311098581415962028e-02
1.979678131667580998e-02
1.227854860744714491e-02
-6.520439044844741037e-03
4.883241980219698783e-03
2.257557818691969392e-02
3.851951934134675154e-02
-5.415134276327162021e-05
2.198470620432694395e-02
3.113190640403411605e-02
-1.075919556671179646e-02
1.087556215777463892e-02
1.900244011999635205e-02
-6.369387346883784162e-02
-2.756139818897794524e-02
-1.957674189228901171e-03
2.163902269311564208e-02
-3.599591322166938168e-02
-5.709243619222382354e-02
-1.102790667644461958e-02
-1.365330601550319121e-02
-3.431687404828948074e-02
1.114223355815047514e-02
1.249197187113806375e-02
1.941906398580282855e-02
-1.062452785928040891e-02
-9.640586132431175001e-03
3.650574678117546323e-02
-3.161027686058531100e-02
-5.603543133936651592e-03
4.122702418296839144e-02
5.005226781567898020e-02
6.457909393266422771e-02
-7.569970054293302664e-02
1.481776838407098881e-02
-8.216690819747509908e-03
-2.467119232666992873e-02
2.689599341787162617e-02
-3.955885073224191251e-02
4.547600671568725883e-02
-9.761530514543488579e-03
-4.346492697378037673e-02
-1.227159416982999234e-02
2.355837915021065029e-02
1.397057225576163811e-02
2.894279252324384946e-02
2.575028900697991924e-02
1.435894832400354086e-02
9.211395446463207376e-03
8.182499731125510156e-02
1.003044392057378525e-01
4.171199137441206767e-02
9.824262462419282305e-02
1.150533397674798619e-01
4.152038395779449401e-03
4.625605320048556401e-02
6.214623042965467664e-02
8.957962061249094207e-03
8.802580418695835768e-03
1.354954476128100022e-02
4.650352453869414232e-03
1.123858219373739115e-02
2.516351586890454295e-02
8.390072143788974588e-04
1.780428938920143936e-02
1.356434789332699141e-02
-6.743963056448302150e-03
-5.056384768792518934e-03
3.368170721481328345e-02
1.309447857025675642e-02
7.643537849276602764e-03
-9.806565220594355009e-03
2.678524222370192841e-03
5.635320399022393338e-03
-2.119753580852319977e-02
-7.104698216018057177e-03
-1.032048590215024764e-02
1.564659239135108432e-02
1.535597232465965578e-02
-3.556217522306761442e-02
9.558242161384986751e-03
-8.530116109775099514e-03
-2.405526708638894978e-02
6.836718588261533544e-03
-1.186257718069278974e-02
3.919861193544179473e-02
-4.825943362569320993e-02
-5.980210801570748358e-02
7.842450037827816689e-02
2.390745346889816547e-02
-8.101383604825251883e-02
-3.485144536364236795e-03
-1.347906727669097478e-02
-6.413788302845110922e-02
2.646534144258928453e-02
-6.263081982271498371e-02
-6.764497068439373484e-02
2.174543858385072359e-02
-1.203389535044213123e-02
-2.487663024545291868e-02
7.769598988004443318e-02
7.366297472140657943e-02
4.573866367331221733e-02
1.896300038025229562e-02
9.456209133810093356e-03
-2.095693383630999398e-02
2.477642123383174549e-02
2.279624459585760307e-02
-1.341974623195008086e-03
1.297755064046118845e-02
2.352795968179702962e-02
2.742770043200597023e-03
-2.465186586957751787e-03
-3.553697225067774940e-03
-2.869001885987924882e-04
-2.243424268227601527e-03
2.575462331191148441e-03
4.074963948217651122e-03
-4.479881227187848189e-03
1.894925370653960210e-03
8.468170106514426310e-03
6.591420222230487229e-03
-6.653206183380604155e-03
-1.669783508551769130e-02
-6.605377647499610302e-03
-2.219194482445118258e-02
-2.432915946338065280e-02
7.338935674579952001e-04
1.132180602923973760e-03
6.911662908728084809e-03
-1.176914427850430907e-03
-3.475872205798517193e-03
-3.475200739994448976e-04
-4.820260631119267455e-04
-2.676565769607394847e-03
1.492680033906302814e-03
1.755115053451992849e-03
-2.148407636225140461e-03
-4.314278566704782226e-04
1.160362070111329354e-03
4.884432709833377373e-04
2.640309133814242645e-03
7.331494311047307951e-04
1.352657199406400194e-03
5.103210012077688193e-03
2.502680265949267565e-03
2.055984751927233435e-03
4.556883871157152779e-03
-4.366451045012976345e-03
-1.160118748912369532e-03
2.310565739333522023e-03
-4.210648616021795201e-03
4.841617656939837372e-04
2.753763603680307783e-03
-2.112874669962552712e-03
1.091010715298240024e-03
1.461046797084743611e-03
2.514283710416524188e-03
9.146992711483045713e-03
4.360810228733498842e-03
-6.415247084634238643e-03
6.993470368874534979e-04
4.789766694348589356e-04
-5.881949660986066260e-03
-4.435671409198871373e-03
1.061779516326059490e-03
-3.029905470607938307e-03
-2.895551294374978067e-03
-3.304564307416042127e-03
-2.771643194885676457e-03
-3.650052271760193326e-03
4.369602372945213982e-03
1.643670686223470479e-03
-1.086591954934512574e-03
2.834731361332478317e-03
2.546461198854746335e-03
7.531745584451763958e-04
1.600539523105232306e-03
5.142831974057792375e-03
-1.165049298320141972e-02
-1.002284299123301810e-02
4.558192296472313686e-03
-1.378482938262889229e-02
-9.306944781371886619e-03
-3.951688957751814564e-03
-7.278933081584355175e-03
-4.386759849624637629e-03
-3.132269943722384986e-03
-2.576859021530399779e-03
3.695132448048797126e-03
1.325237284624042160e-03
-4.603341781538222753e-04
3.087841684608353104e-03
-6.262220709127234997e-03
-8.138750523233661410e-03
-7.603979547589352628e-03
1.202462857549857793e-03
5.879573465832500095e-03
9.618988150656817074e-03
8.295989628397155632e-03
8.339640829488702278e-03
1.378274345500420973e-02
-2.196227508508971291e-03
-3.267959646779581683e-03
-1.360232885718994306e-03
-2.118604491744510189e-03
-1.124675454582812909e-03
-6.142024479711414089e-04
6.367615812196346066e-04
1.589944684253019136e-04
-7.160491934048553511e-04
-5.642865923660942383e-03
-1.754871880348711109e-03
-1.740372721089450967e-03
2.678058425945992541e-03
-1.340388361057873786e-03
-4.741468250881290987e-03
3.193331865102742688e-03
-2.536922652425893632e-04
-4.102444730323668957e-03
4.882879334266797093e-04
9.367820250293637172e-04
-4.001830155740511256e-03
-7.814636615713051529e-05
1.517650594270159936e-03
5.135989213255637851e-04
2.808911472255270787e-03
1.075351211592254349e-03
1.578540872759711311e-03
-1.534013537637094653e-03
-9.329091749538926878e-03
-5.405912542663900491e-03
-6.405430710713450916e-03
-3.133148595379980222e-03
-2.905926285193195530e-03
3.404087564947990384e-03
-2.822431570987249264e-04
-1.772126507792905117e-03
4.525003314553327494e-03
2.393168251127335278e-03
-2.522883182151156641e-03
2.835248511440066795e-03
-1.691924404796012497e-03
-1.147090416688769775e-03
-7.558595627065164101e-03
-2.863553445994174336e-03
-3.335496459297932446e-03
4.665268285486765497e-03
3.932966998329960780e-03
1.057638464977724143e-03
2.827883120990238447e-03
2.712126948096642027e-03
-4.744242379121652660e-04
4.433794296480176797e-03
5.963860343820085765e-03
4.149164177672093508e-03
1.175100186689456531e-03
-1.890649937816013754e-03
1.940475849734178953e-03
2.691132825305741442e-03
1.975542407492460618e-03
6.661276789797585668e-03
1.041584538664860025e-02
5.377259429247583343e-03
6.475144712257507700e-03
-2.670959713039073105e-02
-3.134337688457629334e-02
-3.320958810089171681e-02
-1.665978454459033850e-02
-1.794588482238866980e-02
-1.724882954098964569e-02
-4.021547787348662278e-03
-1.313682816892232895e-02
-1.420647250395747074e-02
9.251477682257751734e-04
2.869301539203494237e-03
2.650141631470349056e-03
3.795039996490650897e-03
2.358350890767731654e-03
3.596880583250420399e-03
-2.438070514399170476e-03
-2.091357390815611061e-03
1.755839218920959626e-03
-3.580708290069255662e-03
-3.155423300283077132e-03
5.040005159526991839e-04
-2.640371840555632340e-03
-2.237110971435670077e-04
2.160411860523894648e-04
4.010587789073317457e-03
4.239163709293575916e-03
3.834934668573117354e-03
-3.319485936635478002e-03
2.020999194974133512e-03
-4.994582427677088637e-04
3.155230361863498988e-03
6.264241620717835024e-03
4.536548098387779317e-03
2.415044036019339726e-03
7.509084131287266720e-03
7.104861614634196479e-03
-4.260556996137079486e-03
2.925004287531700851e-03
7.203682968185716592e-04
-7.179038956031291024e-03
4.115101608890471378e-03
5.306574638592623759e-03
4.685389911546996612e-03
7.750300649542226326e-03
1.162796100050671882e-02
6.365000622283826246e-04
-5.021681663858829298e-04
1.052651053213773426e-02
2.571522704994965314e-03
5.752545097404403521e-03
1.624908493383367750e-02
9.211496022610100864e-03
6.693511771827784056e-03
1.016513765515642681e-02
-1.152871036332101841e-02
-4.508851692571051208e-03
4.625556819648728515e-03
-6.794352976642873375e-03
-1.587547421124447296e-03
1.351229477121473096e-04
-1.601549461541839107e-03
-1.490844040810025781e-03
-3.938631675153194366e-03
-8.261233422033342072e-03
-4.460460510059246868e-03
-6.035196837521235140e-03
-3.630267280643653238e-03
1.868778219363999814e-03
-4.953078050700893652e-03
5.800316058576446450e-03
5.175002901687191653e-03
-7.883912244851219459e-04
-1.536832800746580976e-02
-1.097887022761227099e-02
-9.805147010585893441e-03
-1.000977873361363207e-02
-8.588039180361869973e-03
-6.944367817118595777e-03
3.165651907110356243e-03
-1.310236717509907388e-03
6.853914232399943053e-04
3.197767281238426875e-03
4.975826168872135927e-03
4.164534467495351576e-03
1.173417716697452203e-03
5.049410690012500966e-03
2.615845392095552963e-03
-1.282470286703206062e-03
4.696268576448895749e-04
1.198866972742784580e-03
-4.689048608538631292e-03
6.268693209366121974e-04
3.699722937002565288e-03
2.453026112506108240e-03
1.707557423272373703e-03
4.027980517794012109e-03
2.007908740746086954e-03
5.170372553592452597e-03
-2.938699174856428402e-04
3.838039254774530803e-04
-5.259530458527692486e-03
-5.893292282685433717e-03
3.134960519424345986e-03
-4.357163211341190043e-03
-8.116380423675632200e-03
5.284992153794845424e-03
-3.762270040934571989e-03
-4.600694033767865898e-03
-8.091702921308611962e-03
-4.506022422013445175e-03
1.453907250400289855e-03
-4.618621301076616600e-03
-3.231418420829818700e-03
4.295456407288860204e-03
-2.015394716630682960e-03
-3.092721706435303582e-03
4.353822018962476802e-03
-5.666314324037601859e-03
-7.545028698034732945e-03
-7.494397585719443297e-03
-5.423024457166486338e-03
-5.420510516532671581e-03
-3.449115241210353334e-03
-5.595389012764909013e-03
-2.645546730808422163e-04
4.831169327473915456e-04
-3.017506429410435689e-03
5.462715578346422768e-04
1.499225684159538130e-03
-1.791822582122497114e-03
2.911419222008018032e-03
3.050621464637599551e-03
8.208329324639798003e-03
9.866319276050167231e-03
6.366234758364872764e-03
-4.297734039195455491e-02
6.634269957872942353e-03
-4.186337386593640825e-02
3.098891222801441244e-03
5.690516746498953948e-02
-2.352319803518964844e-02
-3.153485141067245701e-02
1.988147944277691200e-03
-5.008257268098171427e-02
3.220375070346825908e-02
-5.520152251641340796e-02
-9.668301394398227944e-02
-4.638594823919340443e-02
-1.131794330769603091e-01
-1.146697895666557859e-01
-7.953862300501371441e-02
-7.626277333069798881e-02
-7.082135244239366745e-02
4.983138187955505997e-03
1.412663271130627264e-03
-2.447389236907338266e-03
-1.684693899222650679e-03
9.370144143192617441e-04
3.786789723163873009e-03
-1.496997568249322161e-02
-8.433334005040801773e-03
3.532848295289134615e-03
8.422921467839500310e-04
6.094085681686938621e-03
-1.298177665393372704e-02
6.175031408432653246e-03
8.223878086490606348e-04
-1.869517074623285383e-02
1.005879866654182226e-04
-1.569220745316898119e-02
-2.246005793117448329e-02
8.557281968145881088e-03
1.998331760446388217e-02
1.386069513349435373e-02
1.765828174516831731e-02
3.318180743679099293e-02
9.489492996941378822e-03
2.201338745617241119e-02
2.725032918101764901e-02
1.396288442341901345e-02
-1.220588200345990373e-02
-8.907800912997908271e-02
-8.814481268660680213e-02
2.611843987493652972e-02
-4.632413503901706281e-02
-9.215096032750297317e-02
1.259985459171992237e-03
-3.992346960040226052e-03
-1.914560853461845166e-02
1.097084694876500864e-02
-3.693162780658904975e-03
1.716096346027028152e-02
-1.243201590370265203e-02
-2.541478376339068382e-02
4.642963200570855709e-02
1.286524109326991384e-02
2.250221160762609640e-02
6.512940216609654220e-02
1.995540656715348929e-02
3.346723933736858898e-03
3.682681968522496380e-02
-3.374213739081553809e-02
-8.606856581405648854e-02
1.789134372253142063e-02
-3.879718615417145772e-02
-6.683139571467978934e-02
2.750642297622160615e-03
-2.942889274939831934e-02
-4.579542491431349421e-02
-3.640282624224025487e-02
-5.933365570050922605e-02
-4.509028199413618598e-02
-3.920898459647049333e-02
-2.678950567772668111e-03
-8.280899239659193084e-03
-2.038081183826057421e-02
-2.266503513590125210e-02
2.415721432252499259e-02
-1.755167652997662031e-02
-2.308636707561209991e-02
4.128553626783825446e-03
-5.056914741716270201e-02
-1.199680952182204455e-02
-4.343619062770143202e-02
-6.998924252682457714e-02
7.949253742381715004e-03
2.276270486896094652e-02
-4.783722952049337062e-04
3.110490829477135719e-02
3.260750123779167231e-02
-4.039309569354082585e-03
2.375220984586664044e-02
3.453005452584436818e-03
-2.896112105226504758e-03
1.055703195748980590e-02
2.255379819787977497e-02
-5.240071642941738052e-04
9.857877724477511969e-03
-1.715472179008679585e-02
2.212422815573122350e-04
3.825886328436354199e-03
1.089461615492623566e-03
-1.580132238182346176e-03
2.342290703229998883e-02
3.298163203263413529e-02
4.916152551847250210e-03
-7.627493480351374509e-04
-6.153138318973746558e-03
-1.630660079263769602e-02
1.831470623196403830e-02
2.431210576637515136e-03
-9.114866904020578128e-03
1.383359851862415134e-02
1.781311527724315988e-02
-5.697567718502501155e-02
2.359450510893153566e-02
5.115985118294253536e-02
-4.904529353743084658e-02
1.062873648888962947e-03
1.971237401087436864e-02
-2.510258443066572254e-02
-5.617131920178359758e-03
-2.323206456793306882e-02
-1.488307022447015078e-02
-3.684202365983638844e-02
-1.427563361321063269e-02
-1.625394252974191045e-02
2.079339483271569824e-03
-9.829783198279020296e-04
-7.125866559370041186e-04
-2.179992709075872018e-02
-6.812761364559656412e-03
-2.417355336793255288e-02
-1.531594428579972347e-03
1.230675822007904624e-02
9.231794740762432061e-03
1.452004690813274435e-02
1.067332367909966905e-02
9.211449419698475652e-03
-8.781558873642067442e-02
-8.073517062577817427e-02
-3.849659822869764408e-02
-6.516839392395357144e-02
-2.397921855530196766e-02
-6.536558337030429211e-02
-8.876779077094233694e-02
-2.464045176478852836e-02
-4.617948739720378198e-02
7.007580888278734654e-02
1.237792037845130907e-02
2.432796599805455914e-02
3.505919963287942170e-02
3.450425041795058319e-03
-4.663367816952707079e-02
-9.308590729651239001e-03
-1.173008761156967873e-02
-4.114402548073270438e-02
1.954302279933583381e-02
-1.795451680254469412e-02
-3.795719359338461246e-03
3.669970991596795823e-03
-1.041129937772353187e-02
2.763230343365534816e-02
-1.207631416259607494e-02
-1.254891516716484350e-02
3.705741728088874455e-05
-2.697104815947096168e-02
-4.120455446303374764e-02
-8.400620691619065106e-03
-3.227437330103507390e-02
-3.583918670089798059e-02
-1.067017454815864276e-02
-1.963207591974666134e-03
-1.631246530031327246e-02
-8.089390406191184976e-03
-3.144696588769170780e-03
9.760327355959233508e-03
1.385887807349951359e-03
-6.335983338607588042e-03
2.437711676730608401e-02
-1.205535656098700135e-02
-5.939481270358175878e-03
-1.775472537670326608e-03
-1.063123642429417148e-02
1.773228888872265332e-02
7.240217271681001661e-03
6.437272988813226571e-03
1.725891727458244221e-02
2.697727261072663599e-02
1.334783871047194852e-03
-2.472856603230702316e-04
6.870524914520582775e-03
1.296491525726238374e-02
-3.645256875183475187e-02
1.036439534632776355e-02
-1.002341136750394858e-02
2.699106084039579537e-02
-5.994494078203642384e-02
4.533275241180297066e-02
1.768906855862831945e-02
2.086986575112201314e-02
1.024725165911935347e-02
6.729633544663468636e-02
3.918520048936299446e-03
3.275141206795335186e-02
-1.802056968194555228e-02
-6.254213774947900428e-02
-2.169032830082580788e-03
6.212071856959631294e-02
-5.854366146891179512e-02
5.297466412674842196e-02
2.881108398879216742e-02
-6.101882410887365243e-03
-5.990133542296508830e-03
-5.714682267622391704e-02
-1.769159827623364989e-02
3.103241434500620018e-04
6.171695666414590657e-03
-3.101431026044299682e-02
-1.642186924314306337e-02
-4.066897253661842793e-02
-1.126417165882362542e-01
-4.867519227083821204e-02
-9.110716726050571701e-02
-3.940906174244133281e-02
-6.930462562919989522e-02
-5.086796263380849448e-02
-9.317937335648769637e-02
-2.931060116661692028e-02
-8.576312502881520278e-03
-3.891841457314114145e-03
-1.798348223461092852e-04
-2.233629439427166959e-03
2.161230146153422793e-02
-2.350860613162443144e-02
1.161892345747111456e-02
-9.530933931519401658e-03
-1.702463376148773827e-02
-4.748597676848378274e-02
5.430102827459185738e-02
2.770748116884062112e-02
5.592220436621359037e-02
-6.942907604109214981e-02
1.371103853029815439e-02
-2.751009203697460381e-03
-1.195096847558966592e-02
1.912987788113649753e-03
1.744369698326046075e-02
2.943336914530023801e-02
1.221343191750812879e-02
-3.266310969888592403e-02
-2.833645027393652104e-03
3.764073618104262810e-03
3.421222028095022988e-02
1.342857785274333485e-02
6.013054350394322206e-02
7.333099720398894225e-03
-3.939504293667992624e-03
2.578333857274290458e-02
-8.123145532537194916e-03
1.101349242039461190e-01
-3.122947140316999909e-02
-2.207921639347418599e-02
1.721872753073400185e-04
2.273861216524959705e-03
5.386293590579973450e-02
2.983987534754228496e-02
5.025157702588066433e-02
-8.412494808752138398e-02
-2.199646108943928771e-02
-1.163840824050054834e-04
-2.280201838414667309e-02
1.479899030846688933e-03
1.250157646122197590e-02
-3.068399952757327673e-02
-9.459117201429910471e-03
-4.217091651738287539e-02
-9.739632324254246520e-03
-2.320521653656771113e-02
-7.158328558653073714e-03
8.095809578405138707e-03
-5.250079164396763941e-03
-3.638356140939548455e-02
1.173506019669816281e-03
1.068714627786314722e-02
-8.890255715209700177e-03
4.151822312660940865e-03
1.287391370415679089e-02
-3.682106646566214291e-03
3.442640747390141379e-03
1.182599508376176722e-02
4.626464004671184717e-03
3.060991882424024882e-02
5.603502578041248683e-02
7.871014260081765634e-02
2.296511508654422180e-03
1.847603738181291880e-02
2.638127261806230694e-02
-4.567030912962163208e-02
-3.477496366993661908e-02
-3.776279699502566034e-02
-4.846058088823198239e-03
-4.740074314156596073e-03
-5.709516039701042350e-03
-4.857747174479534920e-03
-7.251011817872259416e-03
-2.380425824819070932e-03
-6.344503696958010870e-03
-5.489031681578995618e-03
-8.026852839749089395e-05
4.213606923190393871e-03
2.443657306858329232e-03
-6.641240977716698045e-03
5.483924444107750838e-03
5.000036798516611578e-03
-1.550400062669838892e-03
5.186667909628783595e-03
6.875882404673420469e-03
4.433009788180379378e-03
-3.105688001453989818e-03
6.866166966743181971e-03
4.382160670403169138e-03
-2.352366847527853719e-03
3.141048837262911363e-03
4.315947056016156656e-03
-2.085589720597220455e-03
-1.250226411701509371e-03
-7.508738576118318027e-04
-7.909582164302239203e-04
-2.259263802484116554e-02
-3.472817374473978480e-02
6.252227186163631344e-03
-2.668306575495786592e-02
-2.955058615944934283e-02
4.846756270484344799e-03
-1.779792332208227773e-02
-2.787748364189059080e-02
-9.680132572838147939e-04
1.766293616104919195e-02
1.419297867836276546e-02
5.419333069418831930e-03
7.256959291282025735e-03
-9.857444520363588790e-05
7.386111144694099476e-03
5.379680112313719488e-03
2.868084591692404185e-03
-2.665230411947878270e-02
-3.680895323212796805e-02
-5.199821531227524773e-02
-1.819913296029536734e-02
-1.478069382887068316e-02
-1.341266882369859803e-02
5.290940182122289524e-03
-1.256218482766205836e-03
1.817733585644814740e-03
-3.842745519001420241e-03
2.820532342122892243e-03
-2.405422743242402895e-03
-1.234013753666315938e-02
-1.841875760458743265e-03
-3.567046375974422100e-03
-4.485956070381606070e-03
-6.131182837159155144e-03
-1.029779330233809333e-02
3.598905154063878481e-02
3.437391119815806639e-02
5.969778282094120002e-03
2.632045659605958265e-02
2.610985558872519485e-02
9.888182983868348472e-03
1.656613206299675095e-02
1.100148586346502179e-02
5.789211511740477954e-03
1.157564171491067256e-03
-1.316440429079379117e-03
-4.174372069100254577e-04
5.424953851573204684e-04
-9.591326149155179372e-04
-2.686442507399851992e-03
1.518413805139030241e-03
-3.830718256850241914e-03
-1.196084254129747962e-04
-2.262350040803469756e-03
-3.487267954983421393e-03
-1.101229609322562988e-02
2.470074566559993419e-03
-1.538159819850311489e-04
3.590261134494256417e-03
3.092915676371874208e-03
7.103707912921806630e-03
6.672853595557179385e-03
1.270964858565277328e-02
1.157135859374363966e-02
6.200603721453147935e-03
1.081847629686165380e-02
7.036599860325898348e-03
2.999767630682348765e-03
1.414610815499437249e-02
1.413347371995077144e-02
7.988008215139589738e-03
1.847482706593664556e-03
-2.401896506071469605e-03
-7.712054180395029948e-03
-3.677239322985650493e-03
5.020950882229239035e-03
-3.818092351779795758e-03
-3.789296371374796524e-03
5.241065361908964215e-03
3.742375474149178729e-03
-6.234441856305854637e-03
-4.185465064112755228e-03
1.320092533728233278e-02
6.308471948535987993e-03
1.048541106940045764e-02
1.889489466134070201e-03
2.515689504745752345e-03
-3.402004694087414852e-03
-1.258767399941819942e-03
-6.415238331448446137e-03
3.735873149493358462e-03
2.106361347041613933e-03
-5.946859520359344675e-03
5.386925887937046679e-03
8.825521950417688360e-03
-1.134066110398196728e-02
-4.038566500800110960e-03
2.888977921375854990e-03
-1.426323379879502681e-02
-7.905878780568248443e-02
-2.003845535055365570e-02
6.474229015508446705e-03
-5.331817024773543440e-02
-7.232035792747844305e-02
6.552509516019430075e-03
-3.811354760458410956e-02
-7.393432263629153012e-02
-1.177837448836074191e-02
-1.120316265160553049e-01
-2.089431624612169691e-01
-2.608705709862418204e-02
-1.307598779204525996e-01
-1.854670253722600914e-01
1.287689307709865422e-02
-9.170774259012356988e-02
-1.643925855712732587e-01
7.890206562233185658e-03
-3.909819318073925196e-04
-7.106340977400863422e-03
4.225393018466781954e-03
-3.049654278679896167e-03
-1.741902721653862049e-02
-8.020572556594525795e-03
-7.167821904318150746e-04
-5.863346838642759587e-03
-4.095659089094198790e-02
-4.690008564250332246e-02
-3.077475039385376560e-02
-3.981746932231614022e-02
-4.407910130912280622e-02
-4.517120599248301144e-02
-1.747354713920268310e-02
-3.348304985867408406e-02
-3.926545438577852543e-02
1.640455197221191153e-02
3.588010049036979322e-03
1.619982393487917616e-02
-2.696385788128786119e-03
-1.795383018298166850e-02
-2.147278465669693812e-02
-4.026847244479447169e-03
-1.257087691314325364e-02
-8.874264974191122717e-04
-1.931086565472574235e-02
-1.059338388290965022e-01
-1.500100330997919673e-01
1.277458144268909515e-03
-7.816788011535534542e-02
-1.700076598151975815e-01
-2.638414261027031971e-03
-2.703636460052632334e-02
-1.662047469792019561e-01
3.234796245347373866e-02
2.975967129144581336e-02
-1.348047945098847580e-02
2.608794590403641991e-02
-1.374261948248210047e-02
-1.789188723843234546e-02
1.141601704142759105e-02
7.102532354105224252e-03
-1.046673141427005051e-02
-5.954651216698938349e-02
-4.046831435496457685e-02
-3.227184409877129068e-02
-9.261053747718824003e-02
-2.337212843488716690e-02
-4.623480558102240068e-02
-6.209970242304788807e-02
-4.668139115639351883e-02
1.056445050361558280e-02
2.242169380798686093e-02
-1.255361313444306078e-02
-1.067061094177270721e-02
-5.279520266942430186e-03
-4.314243625829814605e-02
-6.459812752904231514e-02
1.830495322160828262e-02
-5.062968354501259233e-03
-3.904620266933256367e-02
-3.555600427434985056e-02
-5.860990122737504832e-02
-1.430592639244361412e-02
-6.474750210081142709e-02
-1.079700206477943319e-01
-1.188183351068978072e-01
5.412290065475033884e-02
-4.193208246213247191e-03
-3.179582202498025534e-02
-1.828666132991180887e-02
-3.702589040219214644e-02
-1.996818561177630957e-02
3.977618016622910986e-03
-1.716691157458434883e-02
-1.737837127674269483e-02
1.749610115218946244e-02
-1.276499454804177862e-02
-2.462985486874386815e-02
-8.856735935430074674e-03
1.249053270317444612e-02
-1.989428696799976776e-03
1.973252092906492561e-02
-2.412721353337716340e-03
1.132038871714504888e-02
3.381677671883055042e-02
7.852666046589492146e-03
-3.379887511862986280e-03
-7.739720983698775494e-03
-2.660531700163654839e-02
-3.049232556630020533e-02
-3.206995287042269799e-02
-4.405813263946848496e-03
-3.232792518741851168e-02
-4.554511445586825052e-02
-4.560361212814278975e-02
-1.059086310641988299e-01
-3.171025262930748934e-02
-5.037417731764504136e-02
2.861165821479050644e-02
7.312871378558551128e-03
1.409503313104021847e-02
-3.632366735098587190e-03
1.239168706448191999e-02
1.475844347750886014e-02
2.747311114603603194e-02
-3.825808440388918374e-02
-1.203271559775265648e-01
-1.397616876226026039e-01
-7.586849906700422752e-02
-1.051411510446360470e-01
-1.100412089656690878e-01
-5.557718663578453677e-02
-1.510048849712573513e-02
-1.705231784673206380e-02
6.561687698333398128e-03
-1.492364039743913906e-02
-1.729548211293482083e-03
1.567911578742492776e-02
-6.326899847489837400e-03
-1.053298011446864762e-03
3.197813650821260123e-02
1.858293287079829104e-02
7.896590533749862223e-03
1.976072325826950041e-02
1.797143585938629565e-02
2.369154448382953040e-02
1.650024668546936843e-02
4.646277205867247926e-04
1.351069444053291588e-02
9.448221306182972776e-03
-6.922933560258211390e-03
-6.151422222275822888e-03
-1.894150302100088348e-02
-1.256954038106577326e-02
8.889373512996292040e-03
-3.852158577991693367e-02
-1.997696456386758440e-02
-2.144576938899122806e-02
3.071548666851969464e-02
7.391148164619113642e-03
-8.608729684126987126e-05
-1.652362553832663859e-03
-2.295484152651773146e-03
-1.103304982363255242e-03
-3.220300136511747811e-03
-1.933692196803193843e-03
-2.986138909788662536e-03
-4.488480557187430296e-03
5.030660185845314131e-04
8.512548101868704922e-05
1.190591490311974573e-02
1.266697902397363219e-02
8.586159169003878058e-03
1.353317902999137158e-02
1.072550312884445849e-02
8.977560118802536265e-03
1.067655732431146802e-02
7.883150741154181657e-03
8.722030982657951945e-03
8.942244317025858924e-03
-1.930805377353639286e-04
-4.075653353380160465e-03
6.972063592245049575e-03
-4.099343377368690200e-03
-4.994824586838008014e-03
2.037710517921195274e-04
-4.136988365783562591e-03
-1.618784890346564118e-03
-1.818659478449257240e-03
-8.279319681332284256e-03
-1.570995899854389513e-03
-1.869694372804389226e-03
-6.626974100470416594e-03
3.178135741018879514e-04
-1.209092912488519793e-02
-1.300916118729233267e-02
4.251776390475190022e-03
1.695150599921217346e-02
9.079576513375504226e-03
-6.172735676749353112e-03
9.766102418564487353e-03
1.381827437405548642e-02
-8.949398070612818445e-03
6.532906713886912908e-03
6.877011773355376197e-04
-5.640403553585177261e-03
-5.118744953826784294e-02
-2.332197572492435492e-02
-1.907414855578947951e-02
-4.137839135944712532e-02
9.905637565082031637e-03
7.450996627663631668e-03
-2.225318987552103722e-02
1.822817856294279421e-02
1.435267189560339961e-02
-1.061839767186115342e-02
-1.201187539178143714e-02
-1.029993099198717697e-02
-7.480372596868823569e-04
-6.726077862534078459e-03
-1.115598575831515740e-02
8.199960788357755278e-05
1.370269657581650721e-03
3.417129667572569359e-03
-5.263924320341118769e-03
2.544748848158397570e-03
9.863314047987951916e-03
1.807227192528182425e-02
3.666686086014750608e-03
6.778211049541136082e-03
2.320292801496826735e-02
1.749001699095321591e-02
1.140258392938901799e-02
2.564872249856636408e-03
2.537187212866996808e-03
5.004134261319619081e-03
2.290515739775511594e-03
-6.329629221941399098e-03
1.936056390193654315e-03
-2.245380579348360463e-03
-6.472485059474472266e-03
-1.138602750358462925e-03
-2.377167635418239201e-03
-1.169914699045074627e-02
-1.558480314072259454e-02
-7.578148577571256275e-03
1.464982370658961513e-03
7.966909523204017537e-04
5.813016191355677674e-03
1.277797376649413182e-02
7.570875305981607586e-03
-1.240216319757872325e-02
-3.245881762735135841e-03
6.701089052676096692e-04
-5.006234312852067200e-03
1.646992376593518423e-03
2.829157670914169819e-03
-1.001260688469540923e-02
-8.201399601236275885e-03
-6.757881673770217007e-03
-4.954006713694956759e-05
7.872568447466428204e-04
4.191262975939382546e-03
1.166755958459225577e-02
2.086238363048333391e-03
9.682472701813412200e-03
1.062199205203076535e-02
1.010255054658260043e-02
1.538761611646438134e-02
-2.297042660334760664e-02
-3.596251086039780470e-02
-4.045554972105463998e-02
4.351022124367488059e-03
1.391666102810301675e-03
-8.552025110318871651e-03
8.107624998399003136e-03
1.075057786436709427e-02
7.657117445821035213e-03
1.140979602756308706e-02
-2.232939745358444427e-03
5.392547261051063717e-03
1.106840027855793794e-02
-1.183514680859290482e-03
6.824652987278155558e-03
9.175778251036607186e-03
-1.498501795639017354e-04
2.748752712533269072e-03
-9.110203886553508434e-02
-5.357322306761244657e-02
-1.149701728668631184e-02
-2.805651612610425213e-02
1.831057936769781014e-02
1.805769739375549321e-03
-3.880071467643243094e-02
5.332307445911083771e-03
-8.751272637203101959e-03
8.828145127199402142e-02
-3.815426932996152098e-02
-1.388877392370847785e-01
1.352481889993147231e-02
-8.143226017023971752e-02
-1.530233833022301426e-01
-1.833738559945250202e-01
-1.415755616826512020e-01
-1.011883930613776683e-01
-1.850920359566773747e-03
-3.484093344028584005e-03
-6.288086570887431318e-04
-4.228332671907484956e-03
-1.046355960882570761e-02
7.579443613043882963e-03
-1.149467482295074214e-02
-1.099403777682697765e-02
1.454970915172692494e-03
-2.053401746271431988e-02
-2.137548543777639462e-02
-1.306440347850335026e-02
-1.472952884691645578e-02
-1.244207126711504435e-02
-1.366439438062832905e-02
-3.209080931667394714e-03
-1.313153544445304355e-02
-1.952327431685059109e-02
1.965454755605613654e-02
1.724792388609252755e-02
2.354608501537309301e-02
2.598408296691702771e-02
2.301250909868335359e-02
3.012144652618202554e-03
-4.773615996449636495e-03
-8.291001594042959888e-03
-1.621425111407758662e-02
-3.866836694862029605e-02
-2.571028578741958032e-02
5.221921027689618161e-02
2.453224456907692613e-02
2.305297233599071585e-02
2.396926262964379703e-02
5.168246982429197667e-02
3.899096201836434183e-02
4.968707769463020368e-02
4.638782408799042162e-02
7.045291852962882150e-03
-4.996534765393972205e-02
2.740960032255605056e-02
-3.539309486694128259e-02
-4.705567965122094999e-03
-5.834815320095021809e-03
-5.989470570691445006e-02
-2.728013917793840198e-02
-6.446808868897954507e-03
3.533688555893845645e-02
1.094659625656731750e-01
-8.707410126525171046e-02
-1.354183589225117779e-01
-5.018494503520498640e-02
-6.592358859826878692e-02
-1.630228060661081946e-01
-1.478369230504037249e-02
-4.274504252707987673e-02
-6.186955978241499843e-02
-1.181324890882332057e-02
-7.745457995752412506e-02
-4.906947853680236615e-02
3.837585166687022126e-02
-2.741306245449227560e-02
-1.085045408040480937e-03
3.614513867504474953e-02
-7.908390737279924476e-02
-2.001817748318892101e-02
9.650116732392889640e-04
-6.779578186791584971e-02
-5.548268262720448124e-03
-1.549356390858285665e-02
1.165891443334473102e-02
1.493269067759428123e-02
-1.026090850399379202e-02
-7.179531034302044125e-03
-3.858607428236776452e-04
6.732191667776868740e-03
2.242134884286718643e-02
4.464912669714370119e-02
1.759615248247583912e-03
2.489715818598010194e-02
3.105909989267049282e-02
-1.095616352669234912e-02
-2.136802884042610096e-02
4.538194364147880855e-02
3.893883655279862382e-02
2.664380325672125946e-02
-8.135919690932183132e-03
5.986868422506529987e-03
-9.927264077006494811e-03
-1.823309243522228118e-02
-1.628912941607862236e-02
-1.448266165197482393e-02
-1.366818602895167323e-02
-3.982895803983931005e-02
-3.893227274351358097e-02
-5.216517646456392265e-02
-4.069337528435436335e-02
3.635445082350544522e-03
-3.726370685079619799e-02
-1.208289545865765674e-02
-1.636188820581912715e-02
-2.912756617271914511e-02
5.630441595914755827e-03
4.105170544867073334e-02
6.307200387454130197e-02
9.404387866788585515e-03
1.202084275946205087e-02
-2.029467365234898651e-02
-2.964239059354325731e-02
-1.584613662115167288e-03
-2.731449924138713153e-02
-1.753118619054582286e-02
-6.533982895639288413e-02
-9.825252089410331513e-02
-3.894094722557335519e-02
-1.216817979976911931e-03
-4.893249106111315083e-02
-6.591111019082206493e-03
1.510204049294264390e-02
-1.233772801246531617e-02
-8.713182801831594049e-03
9.795701099099905773e-03
-2.949035340220617848e-02
-1.193350323790334094e-02
3.357565533663620094e-03
-2.807042161942425659e-02
-3.750462900045840875e-02
-9.186906141860059832e-04
8.689366357604218216e-02
7.485757319171093549e-02
3.285584354520034583e-02
1.039666573689910500e-01
7.665881816168497453e-02
5.794279135262029277e-03
5.597569522256166941e-02
-6.881447749257421469e-03
1.748987784543364898e-01
1.363025502631796115e-01
-3.017298613535701612e-02
-3.571844617825242763e-02
8.901418859606883421e-03
-1.775442658070765928e-02
5.938641590666251385e-02
1.901441730166917310e-01
1.149816742342902459e-01
-3.264387163887776718e-03
-5.523772956952817913e-04
-5.103460690833973995e-03
-2.708455229962214439e-03
-4.728252085076559141e-03
-8.998256939693624612e-03
1.904269743030444998e-03
-1.050975464529114176e-03
-2.363616867477018465e-04
1.389525362244684210e-02
4.315573757492572465e-02
2.594065833890431619e-02
4.547220386247474017e-02
7.357196147278789733e-02
3.794050595211526794e-02
3.467211407843467930e-02
6.006040017862755709e-02
3.839388667845107343e-03
5.280451332798836300e-02
3.151977260931249775e-02
-1.122368487550732229e-02
4.329041875081319352e-02
1.482501486978509905e-02
-3.647134679025226811e-02
1.639438027368569917e-02
1.078996422742144277e-03
-3.716882391280920683e-02
-6.518348407387089538e-02
-1.010967768933501189e-02
9.020063075464324065e-02
3.470923550049867523e-02
-5.117761103681143717e-03
5.867887011855525692e-02
4.615320575306809670e-02
-1.052113285895060583e-02
1.445025496599042225e-02
1.682237283402468128e-02
2.123869688073390730e-02
-1.510647816249454344e-02
1.222166062081066033e-02
3.601777326640723254e-02
-4.067245930036086921e-02
3.021956411721798703e-03
-1.602426700057112130e-02
-7.401192960300347068e-02
-9.391893616010841411e-03
-2.620339604183752683e-02
8.083016610769105936e-02
7.708654839098680323e-02
-1.409200190030837976e-02
7.896279053851290586e-02
1.024781552439069654e-01
2.553312338530972642e-02
2.978642712935130818e-02
6.184368864178567404e-02
1.682335262464535602e-02
-6.268294778838423217e-03
9.813128149559083302e-02
7.234777103685992306e-02
5.004008992928121041e-02
5.924786929874572422e-02
6.096167691089999369e-02
2.362832402857496794e-02
-8.812818395501932894e-04
8.564795462029989315e-02
8.564539452222651172e-02
1.190177847361855168e-01
2.043598813843977291e-01
1.971514669696377564e-01
6.246175004715277118e-02
1.629322584717647626e-01
1.476340605697231689e-01
-2.050496539813535801e-02
-2.175735589378767400e-03
-1.734587917680503744e-02
-3.114528925932204262e-02
-1.260743052662831928e-03
-7.314981394294731327e-03
-3.004183852693378606e-02
-1.293108802832493645e-02
-1.271135944625534017e-02
1.323435956388168376e-02
2.410951395192514196e-02
7.376089249645006660e-03
-1.846153831103457613e-02
1.177587116470848669e-02
1.933595508430256693e-04
-3.138682028977827793e-03
-8.361128598140516940e-03
-2.823063972708433206e-02
1.668983560858137635e-02
-3.379469261392994972e-02
-5.501481877501798734e-02
9.070318432767737749e-02
8.750671224616929367e-02
1.538687106028935499e-02
1.029906384154355564e-01
1.085173633867100307e-01
-4.310146033515517561e-03
-3.405973019097599530e-02
-4.949810347114894787e-02
-3.752346281534691547e-02
1.121865423011621753e-02
2.631756482698891647e-02
5.610530255798766575e-02
5.928091458112005191e-02
6.383462634361408705e-02
6.911548392078209480e-02
-1.071476951143777168e-01
-1.287179383916121356e-01
-5.862136799804289200e-02
4.614309178537079337e-02
-1.962495328294650010e-02
-1.904775441415309731e-02
1.493900876757838503e-01
1.101714817328374174e-01
1.352491278505907292e-03
3.782836417465654244e-02
3.170688206525084513e-02
-4.045587184273810415e-03
3.297077614562053671e-02
4.250412624233774334e-02
-8.159109152093573306e-03
1.285431985288752396e-02
3.251092564057336126e-02
-2.566663724075880434e-02
-1.676314422690898922e-03
1.586121260199059579e-02
1.568447446943254178e-02
-2.716017189404044269e-02
-1.780404518083332846e-02
-6.562412400786623613e-03
-1.410336210445443418e-02
-1.946082890525417317e-02
-2.091089903977486411e-02
-5.362668857771710554e-03
2.505489450293183970e-02
-5.599547495707411782e-02
-8.049499468917642453e-02
2.022277117726460627e-02
-1.965291544329904674e-02
-1.351467520993495097e-01
-1.164009268359666449e-01
-1.068505553673688158e-01
-1.032586947518898462e-03
4.547516529225221517e-03
7.208124539905980815e-04
-6.022193587904411255e-04
5.181520793741662030e-03
2.813855336895442079e-04
-1.444170747395461755e-03
6.318460471706059331e-03
4.996351329304525059e-03
-5.519640212689393144e-03
-6.709963955086564735e-03
-2.195140912521478804e-02
-1.691331044464204625e-02
-1.630819019241405710e-02
-1.999973655564896841e-02
-3.104055448363754466e-02
-2.963087301036765320e-02
-1.884728550211537887e-02
1.583568992881146872e-02
1.056100803415752423e-02
1.239377867047784451e-02
-9.915483537882015079e-04
-8.655000201098899185e-03
-1.388019437978347268e-04
-4.609843171126160738e-03
-8.874904628423239961e-03
-3.966993072337862518e-03
2.545807599388821146e-02
4.006932949043102293e-02
4.646267958461099828e-02
4.000715153438212830e-03
2.380709815981226635e-02
2.932490804317015518e-02
-3.534269195931585665e-04
2.539871527762979989e-02
-9.264385594646019906e-03
5.643248150544583064e-02
9.103684107763290387e-03
-1.922384638200700172e-02
-3.804615331026208521e-03
1.075719089989038597e-02
-4.269067534620726162e-02
3.679058699512759156e-03
5.361599228633465337e-04
-2.126942997457728982e-02
-9.740680269250130696e-02
-8.162052711065796717e-02
-9.276939485254238893e-02
4.141556755470164608e-02
4.663166202938445054e-02
-3.026046669412890341e-02
2.704180756728180937e-02
1.004748346105456686e-01
-4.427782214921550941e-02
-4.041585972390882020e-02
-2.760381931094801899e-02
-2.049754328112618484e-02
-3.599948281762051921e-02
-3.502851680609606749e-02
-1.372204327729738618e-02
-1.792444046543123851e-02
-1.354664396669092927e-02
-1.187971064733924637e-02
-3.779140315233718572e-02
5.761063833002001873e-03
-1.324046668388811042e-02
-9.314230416373575627e-02
-6.588071423437058538e-02
-6.037901955995482461e-02
-5.001396259742893480e-02
-4.804909919043893335e-02
-2.950654112174814006e-02
3.173328316687962312e-03
4.034279848291681680e-03
3.937438675148818498e-03
-3.235266492452315568e-03
-1.075924653049114372e-03
6.916073711613791994e-04
-2.595271032166634063e-03
2.800904799182359507e-03
5.666760642946725227e-03
-3.603993121292541763e-03
-9.078696443938244487e-03
-2.186022379307006949e-02
-1.976238199313008412e-02
5.159585150511029894e-02
1.141606530797327143e-02
-2.142382627233685444e-02
3.200339211882249207e-02
9.916068542042242792e-03
1.797017922022285663e-02
5.211783883539906383e-03
1.410992051402431158e-03
1.845997054463679315e-02
1.434459093980803299e-03
-6.273338860592907532e-03
-5.268544220595526226e-03
-4.450330391919951091e-03
-6.942435907966253671e-03
3.035240844119777709e-02
5.055428698375893232e-02
-3.037310434309262869e-02
-4.702549773800750350e-03
-9.295977767147911575e-03
-3.658776845512444476e-02
4.398791070905645056e-02
3.670840722092112013e-02
-2.695149227462067393e-02
-2.870251166364434087e-02
-7.999111197154447003e-03
9.085086039876981087e-03
2.292826738174930448e-02
1.774917620572969909e-02
3.543756911571701446e-02
-1.733016583972094710e-02
-1.903292920299938518e-02
1.153287654932539340e-02
5.122459397036933058e-03
-1.390113376287708744e-02
2.012047466177473848e-02
-1.353953106927106680e-02
-3.570444918232268394e-02
-1.328886360408702318e-02
-2.750032486796024148e-02
-4.061222893391913669e-02
-2.682714155678845788e-02
1.015103314420298143e-02
5.395326652747035878e-03
-1.502462281178932289e-02
-4.939337100067361756e-03
-1.356401325691066785e-02
-2.355584097661728854e-02
-5.993826748846208669e-02
-4.502273996586388799e-02
-4.764181864443066405e-02
3.406359726506884029e-03
-3.417941625754637031e-02
-8.580033464595598902e-02
1.711857824050717070e-01
1.163696752413792140e-01
1.012322115588488447e-01
1.208356358450709267e-01
2.048445601296051133e-01
3.034425906416428342e-02
2.146253701202929798e-02
8.482169524906161412e-03
-6.543349960492951132e-05
2.499154922556341696e-02
7.093352261288606887e-03
-3.985576349483602003e-03
-1.011255359935686257e-02
-1.800400431535133586e-02
-1.436491489567674404e-02
4.193953018641735642e-02
3.471112698319286233e-02
1.833761869161474808e-02
3.419525776107673609e-02
3.510919314712748068e-02
5.370455424765017104e-03
8.099311339239391450e-03
2.200127491804131780e-02
-2.258604827377617974e-02
-1.045558250900825974e-03
2.202145681819668577e-02
5.978020313778323325e-03
5.227344671122359510e-02
5.858267988597918446e-02
3.015025088823378857e-02
3.960936033839122794e-02
2.186377552303104405e-02
3.452277022486919568e-03
-5.427715614933156796e-02
-4.749658260708321256e-02
-2.115386440530896139e-02
-1.026477500467227605e-01
-7.259550472081534311e-02
-8.293232788164610347e-02
-6.658706993416703412e-02
-3.215880921567267764e-02
-4.148839599724628291e-02
-8.233304832152902458e-03
1.445624935741041573e-04
2.327352501702226878e-02
9.722778429223957741e-02
1.356475374098373432e-01
1.094917111836848644e-01
9.196265928746139018e-02
1.241797860074458915e-01
2.485270643868288040e-02
8.540224015749399433e-02
1.938983981550745223e-02
-2.090672211357812171e-02
-3.621345991569673711e-02
-3.312589085660693627e-02
-7.356822159391221416e-02
-8.021855086652192324e-02
-2.164312205955331095e-02
-2.303178461729986012e-02
-1.596485819591060909e-02
-2.806874881005624531e-02
-1.143614797376482466e-02
2.679781242963115429e-02
2.377101431843952131e-02
1.072726530614422601e-02
1.246516726336810779e-02
-1.270784641885527692e-02
-5.684230627654419943e-02
5.012633423732608395e-02
4.767126266504095183e-02
3.046927948168091232e-02
6.755962630160872173e-02
8.149189618056175421e-02
7.944605063600095052e-02
-7.775177182291762024e-02
-5.436126246143397484e-02
-9.028555053312148360e-02
-3.800400300706575918e-02
-9.636089189981435557e-03
-2.237822177484282207e-02
-2.908994513495317263e-02
-1.777987907408840398e-02
-3.167921427162769671e-02
-2.964145875160287616e-02
-3.329554263656031576e-02
-2.538122053909590628e-02
3.429251879296897620e-02
4.363679791153331905e-02
2.336390453754695617e-02
-6.104838664390389510e-03
7.576262523824661872e-03
2.674718840647192716e-02
-2.538458171634560070e-02
9.631445855792111418e-03
3.603023394319081890e-02
-2.842414879423982299e-02
-2.454638476773550806e-02
-1.638794301024834935e-02
-3.278748963521544574e-02
1.758145901582092857e-02
4.757670055597239961e-02
-5.607178067021808231e-03
1.524729540943350718e-02
1.504518776745789911e-03
4.865646660835357129e-02
-2.436036275974057946e-02
-7.494355678713057745e-02
3.144686142955291364e-02
-4.888074291376255653e-03
-6.834877326150999577e-02
1.259535623273899847e-02
1.683350670903368792e-03
-5.456210359239935942e-02
5.970931763603456316e-02
3.180920362051987277e-02
2.404940665659819829e-02
1.599800193931219180e-02
6.725200439997567649e-03
-5.926202344350470219e-02
-2.709202469072790123e-02
8.781840327066117854e-04
-4.180745561279482908e-02
-8.735765088126235846e-04
7.939606458910140885e-03
-2.084477232582592973e-02
5.826287304242248194e-02
5.576834270591590759e-02
3.670836494118685789e-02
6.081815004866088920e-02
7.164038412315969218e-02
4.166856966472970436e-02
-2.809239092377689359e-02
-3.277796993106280726e-02
-3.245390158756999294e-02
-3.027027669925062142e-02
-2.620579104849339591e-02
-1.589531242590484783e-02
1.742105947512325587e-02
2.619646466875632379e-02
1.907394197099180136e-02
-5.879803464963640619e-02
1.222429836368006326e-02
7.452031929335131005e-03
-1.084277384055473137e-01
-2.791197265193772620e-02
-7.588274371985072320e-02
-5.172550487796961916e-02
-7.493133815299432565e-02
-1.186805173912988537e-01
-2.913647840691963205e-03
-6.338544286236566343e-03
-8.152700309299956011e-03
-5.530785705949996245e-03
-1.128483549902120110e-02
-8.196909131746546451e-03
-3.056463825660122452e-03
-1.874970052001880124e-03
-6.023778670171654748e-03
-2.423557683240808169e-02
-2.484438555661746401e-02
-2.694495913192949260e-02
-1.825477166570929621e-02
-9.141512517296050688e-03
-9.752446092976362405e-03
2.075979715699758938e-03
2.320917116430852925e-02
1.520253200535285655e-02
8.577366808426816272e-03
1.556034002509562413e-02
1.949375331948001357e-03
3.324099987579287076e-03
8.408730985820856915e-03
5.431143497811737400e-03
-5.596314599910761495e-03
2.218410407979340936e-03
-4.640792160109682269e-04
-2.837730355500593660e-02
-1.117323944810499209e-02
-1.032836696685315164e-02
-6.233029621074851010e-05
-3.179607773743562543e-02
-1.610157170248459335e-02
7.463936924952829788e-02
-9.534618609094332176e-03
-4.509593143907284635e-02
2.294871296404311228e-02
3.694289305600588491e-02
1.970709200642528289e-02
2.419456664199021514e-02
3.002874891600183088e-02
-6.627104172097691981e-03
-9.198857797979301948e-03
-1.269103383684742556e-02
-1.853041876190964637e-02
4.255830689557484406e-03
-3.382172405376102087e-02
-3.065338412013258323e-02
6.474853058188322075e-02
7.462187853828750050e-02
2.387877489277294082e-02
4.994132292928145367e-02
8.517496472345670311e-02
2.732296159608135419e-02
-7.217225343943351520e-04
1.493251690103268754e-02
3.885910716491742904e-03
-8.617563736474886243e-03
-5.578001713835837629e-03
-1.530066852120056525e-02
-1.111347751844089446e-02
-2.255106537179306023e-02
-1.506256089613707688e-02
-3.805706593049631992e-02
-4.980236218501192524e-02
-3.716687014027321434e-02
-1.719980669124957992e-02
-6.818674507712514654e-03
-8.874525508427591122e-03
2.344995081473453050e-02
5.566103059779294038e-02
6.295970472510031835e-02
-6.294362286879726966e-03
-8.411091074931938139e-03
-9.088655176581836997e-03
-7.115650673588139533e-03
-5.137380446719368512e-03
3.812258625477984953e-04
1.708499186956313970e-03
1.089541693933801687e-02
1.840026164706572848e-02
3.102900164310937268e-03
3.140608115302279905e-03
1.838158232159214922e-02
4.869517702534056393e-03
1.653773656604425393e-02
1.466500757033663109e-02
1.300823615493791781e-02
8.887149499965477442e-03
1.133284968664489967e-02
3.721787685918809263e-02
1.170947414669704263e-02
3.572505965172073465e-03
3.150212238278605331e-02
1.471159062186174621e-02
7.016044458094276848e-03
2.706217346324231096e-02
7.750962838588526006e-03
1.144219705425410932e-02
-4.366401378592280752e-02
-2.011191327549045893e-02
8.621166428785338384e-03
-3.282540138063438223e-02
-2.686554650387699972e-02
-1.727718059308738785e-02
4.590151537806373694e-02
4.064407666694367510e-02
-2.630193425741576829e-03
-2.549161557175140536e-02
1.940299700966884727e-02
3.264917453793185487e-02
-3.851917120705251191e-02
-3.567159000756794235e-02
-6.202747809590039747e-03
-5.487668660383405311e-02
-5.525960120697817612e-02
-2.496494720385906974e-02
-2.090253198712231295e-02
-4.333889737090390951e-03
9.904557863933856343e-03
-1.431154951875938941e-02
-6.358383431827408037e-04
6.047697839095052437e-03
-1.222463515199547976e-02
1.386181628523031582e-03
-5.655089474150697300e-03
