2.606187937119355466e-03
2.767978353255563621e-03
2.984367950703450349e-03
2.318038323217333236e-03
2.984731188500118742e-03
2.379135398561381919e-03
1.847872017799448083e-03
2.999297263118744835e-03
3.112851850607537777e-03
-2.083123120194902908e-02
-3.886833690358824922e-02
-3.104742805769156525e-02
-2.642487819562703427e-02
-4.607795716297236749e-02
-2.560662292585106151e-02
-4.258017074856835366e-03
-5.178398562943926572e-03
4.379721093491665412e-03
1.505049571343028718e-03
1.654758292109256368e-03
4.890968733412670751e-03
-3.009699485520828631e-03
-6.387727115280067772e-03
3.039896256063448054e-03
-5.712519191332230328e-04
-5.423431133464737784e-03
2.801136467729966814e-03
-1.653168099168224195e-03
-2.894383194718195412e-02
-1.689550188060291681e-03
-1.170340136664085873e-02
-1.417584347422136751e-02
-1.658745328769381825e-03
1.107873368059916763e-02
2.223578334193786199e-02
2.589030065232607661e-02
1.870543457084042176e-03
-6.751359455107604560e-03
-6.874834019028957036e-03
1.080367305393340090e-02
-2.101640600713468657e-03
-5.508788670070463231e-03
2.431451200170978502e-02
1.247815747643241276e-02
-7.598369297990080311e-03
3.565045866762987965e-04
-3.547916814927739356e-03
-3.937268541509491605e-03
2.242276358235630040e-03
1.101651247986332573e-03
-1.326075211449272281e-03
4.756226628627567218e-03
2.247542947828965864e-03
-3.293887178744586957e-03
-1.656271392607390350e-03
-2.569326708896814415e-02
-2.663677248636891690e-02
8.063568422127423418e-03
-1.635331928490645764e-02
-2.281358474920891499e-02
9.982720982489404551e-03
6.255873706867413897e-03
-1.107400203035309623e-02
2.365100081275912924e-02
3.899373519399853411e-02
3.981374451997683750e-02
5.065532454463160875e-03
3.038418690736606823e-02
3.374922902486665599e-02
-1.262644572233865593e-02
1.095279913649432717e-02
4.202182168119780736e-03
3.625553636576389367e-03
2.966013927193384987e-03
1.250613037135937800e-03
1.657053309759165278e-03
1.751366091886168022e-03
1.261690714559259843e-03
3.351985630488246281e-03
2.045288319088397339e-03
1.640330152264469652e-03
-4.371449308561487467e-03
-1.856494279408963831e-03
-2.201468384071725640e-03
-4.029856899991257797e-03
-3.482330646155788658e-03
-1.471984918909597035e-03
-3.614662715954446593e-03
-8.320996482459534337e-04
-1.572800780766461966e-03
-2.733447223806978552e-03
-5.623018593094377023e-03
-2.142856022537451346e-03
-3.336271772226595198e-03
-3.137512112417784136e-03
-3.865718581649612781e-03
5.285209831915364202e-04
-8.962446710596230510e-04
-1.343500230397135149e-04
-1.382100579057342175e-02
-1.230075404831757618e-02
-1.149047973426221489e-02
-1.267029115309107994e-02
-9.651161345246489498e-03
-1.025284563764847397e-02
-1.377101710058484772e-02
-1.200197996783524540e-02
-1.268236092374655163e-02
-2.556349560666376034e-03
-2.605215081152094728e-03
-5.439032913748338173e-03
-6.358526858955939991e-03
-6.988366860044396139e-03
-6.633491179811142578e-03
-3.967897373852357669e-03
-9.912972156362083800e-03
-2.648977827511330135e-03
-1.461018172397599577e-03
-3.726074678387366473e-03
-9.399956121904666159e-03
-5.426399646563561524e-03
-5.994831191486220054e-03
-1.781959699721647264e-02
-6.538173519437437062e-03
-1.365584132545618994e-02
-1.658516058807458365e-02
-1.345125408873320237e-02
-1.611368509716639211e-02
-1.334549692628880617e-02
-1.125653953795715569e-02
-1.138311118203957223e-02
-9.942007999788771838e-03
-6.374008436205510532e-03
-6.919257045672530700e-03
-8.002286382273755133e-03
-3.688818190088714584e-04
6.716415501123660899e-04
3.195342437314166104e-03
-8.869011434514863105e-04
1.759459125584827586e-03
2.386185318455794156e-03
-1.889171820719485898e-03
9.303655090785376263e-04
1.269128390801615254e-03
9.899664941947871992e-04
1.357835409208477378e-03
-7.995446457921403724e-04
4.012555990151217317e-04
6.475072784545454112e-04
3.584411146338905207e-04
-9.789877095350855898e-04
-8.823075168139575498e-04
-2.948729712081390899e-04
3.184360686836968518e-02
2.882178750450247254e-02
2.122505478089770775e-02
2.288646925587659031e-02
7.746260415135208799e-03
3.340896323096869455e-03
1.751811516177310610e-02
-5.197768406994669917e-03
-2.302745831512311402e-03
2.204771450968499424e-03
8.910066361635351345e-03
6.646826819779224314e-03
3.492577611544215080e-04
5.797912847831636178e-03
3.939296246088824674e-04
1.425727069609193090e-03
3.762258344310482998e-03
-2.641672845287302684e-03
4.197015775510235143e-03
-2.390648948306010966e-03
1.947044574704218881e-03
1.538302256934762947e-02
-4.043469904081475538e-03
-9.133129947041918441e-04
1.188415754682706736e-02
-1.806105428250110237e-02
-2.102404287300793650e-02
-7.438655536754248433e-03
-4.596935306839617860e-03
4.199455384734211445e-04
-2.015727978918705615e-02
-7.637349044033937828e-03
9.768592405360182473e-03
-3.548296839720814499e-02
-1.078068004332925593e-02
1.597983691786562452e-02
5.925430598773656285e-03
6.017794992992874480e-03
1.267915998557436492e-03
-1.968676024243600116e-03
-1.403209253493779450e-03
-7.973592887879675864e-03
3.157084460670373915e-03
2.922807363262434812e-03
-3.393187977498512021e-03
-9.937690142385704681e-03
-5.773120254772365172e-03
2.924052610248565991e-03
2.371144081027839762e-03
-8.356235617819295775e-03
1.956299881504718497e-03
1.626621885404034781e-02
-7.655791048985564201e-03
2.803066974465657796e-03
1.147633830126106036e-02
1.017051473751253050e-02
1.874021101678106579e-02
1.885768188863043773e-02
8.394099302061725594e-04
2.064265310852750335e-02
4.037045847545126485e-03
-7.672500685540505072e-03
1.854603853362572427e-02
4.380118681893203914e-03
4.048298237781142520e-03
2.679529382795424637e-03
-1.997599143864533643e-03
-1.844580987297205540e-03
-1.867336475208824370e-03
-2.407080433961617753e-03
-1.428079888891711823e-03
-2.087517925602955064e-03
2.587354234100727995e-03
1.564923413434525729e-03
3.972966512507667032e-03
3.107061036803959557e-03
4.718921771295262954e-03
4.369656863406531574e-03
4.804057386694854555e-03
3.760603303579030787e-03
1.807684970880314235e-03
1.222108433260344501e-04
3.059269966866539291e-04
5.780556288886975818e-04
5.725347766344150886e-03
5.087938537599910084e-03
3.374642201964709026e-03
-9.069519437775179667e-04
-2.588607485429286325e-03
-3.711357444405517791e-03
1.130710134585118445e-02
1.075519764747440848e-02
1.194209869470056959e-02
8.199877077635590178e-03
5.714556769275172185e-03
9.845138217858198301e-03
3.297305674782661979e-03
-2.800142530786108030e-03
1.737685281140657293e-03
4.552969169104775782e-03
7.054566593659709027e-03
1.185026230121215447e-02
4.913052517522235353e-03
4.387710086011706832e-03
5.680030038216649438e-03
2.061929186341578991e-03
2.369585235340196556e-03
1.287776544508735977e-04
5.982664505819863809e-03
9.178765276042145926e-03
1.261084435230746051e-02
1.009807629615701308e-02
1.184369502412023836e-02
6.449130139001058894e-03
1.046525749522154471e-02
1.337506180421144802e-02
-5.049795844850026244e-04
1.076542319492479818e-02
1.002525107354065512e-02
1.270433793054761770e-02
7.460043711457725601e-03
7.306241415201932508e-03
6.752897792796427358e-03
-1.994591798066990174e-06
-6.610413064993555339e-04
-2.194002551602006711e-03
8.937835426599947302e-04
-5.058082340347496483e-04
-6.682818345501874814e-04
1.741779330770403846e-03
1.441299517800767593e-03
1.728675964935099318e-03
3.769950946186812488e-04
3.867355217441266653e-04
1.552335212795205458e-03
-2.187381627293858745e-03
-1.494871837624281181e-03
-1.903331882737603793e-03
-2.457476170118108507e-03
-8.312219573505128184e-04
-4.908269888244054741e-04
-2.949302546275851811e-03
-3.668285720393880045e-04
-7.357848238777299965e-04
2.699802502519250968e-02
2.176616765492695935e-02
1.957335640602898830e-02
2.798477021742669033e-02
2.340078532291860539e-02
2.192421925593837986e-02
2.064851586505037431e-02
1.353554391247907031e-02
1.492905227147643503e-02
-3.328720459645167704e-03
-1.698403768931510283e-03
-1.081591738191802843e-03
-1.052269773854926094e-02
-4.883809580557079214e-03
-3.981460408099768422e-03
-1.067557409240674389e-02
-1.156867057534359229e-03
-3.118062607918644247e-04
5.955605460091239513e-03
-1.084189482932818201e-02
-9.532182671428591700e-03
-5.493318498064802581e-03
-2.593460942809379041e-02
-1.729284413229279296e-02
9.484855363229131170e-03
-8.429381878744028611e-03
-4.745742207607333077e-03
-1.009996341631549423e-02
4.927696106934147807e-03
7.397991797247960820e-03
-8.650281561974244166e-03
7.147068063779779545e-03
6.139051040998538301e-03
-1.271388049422186167e-02
5.028012986826518394e-04
1.464184509629574754e-03
-1.298591979077585046e-03
2.579888027171331390e-03
-4.156254773979860576e-05
-8.558030773780643833e-04
9.447559598135171072e-04
-3.510748249678828127e-03
1.228113222190803594e-03
2.799943866110767791e-03
-2.131354257549502359e-03
4.836462195610942080e-03
5.469939437023650175e-04
-4.691672424152447569e-03
-5.831372828393432441e-03
-1.648512432506847938e-02
-1.219189687827473660e-02
-1.290207081060175918e-02
-3.188084711958051598e-02
-2.237512021887726188e-02
-2.310979792401293351e-02
-2.272355112258676868e-02
-8.352213901724709483e-03
-2.417031046493739455e-03
-9.448998707616106454e-03
4.774233801841150891e-03
2.292088691452033502e-03
-5.478326135738956909e-03
6.549078231422641311e-03
-7.672229394074784768e-04
-5.850753719170922074e-05
1.709590035436137079e-03
6.159017262081233372e-04
1.435215709755134541e-03
2.310245935566026827e-03
3.741024601514658307e-03
2.560964555055263246e-03
2.530686751297429524e-03
1.337485211579113407e-03
1.553253029986355945e-03
2.158112007382083451e-03
1.474065373646604206e-03
1.675325652113755000e-04
-2.925347986326064120e-05
2.116437648721430996e-04
-9.160827848594884108e-04
2.968620205650145940e-04
2.798354905448443078e-03
2.208504538054996413e-03
2.321709343965515718e-03
-3.129095297660023831e-04
-6.377861045056286470e-04
2.458672081894442037e-03
9.492554899068455371e-04
-1.003020044719196962e-03
6.229221298701360585e-04
4.363200290361919642e-03
6.685043341320772749e-03
8.206508878989833555e-03
4.225682647712959358e-03
2.696142532297563562e-03
6.231510668752940178e-03
4.357579008268902369e-03
1.037345838049200846e-03
5.204900715757119524e-03
1.918972082353155833e-04
1.423440097595967541e-03
1.164824983173194618e-03
-2.152331146199493866e-03
-9.917322975043006521e-04
-4.383844153389182834e-05
-1.363823067638650008e-03
-4.360552436544917580e-03
-9.032242081473079807e-04
4.134252936365452342e-04
8.365747905730021945e-05
4.486699189410522232e-03
3.388857767108917948e-03
5.306786686541907494e-03
3.193791061503486409e-03
3.937805488728188946e-03
7.249898883519043796e-03
4.836478753752531702e-03
-1.323113634679151792e-03
1.811884371387886741e-03
-1.568990218916271320e-03
-3.185955955879894632e-03
-4.596938328673897192e-03
-4.066940365220469110e-03
-2.288194527015233008e-03
-1.256071230311885546e-03
-3.222330467371145504e-03
-2.911865312559681722e-03
-6.471288496186620607e-04
1.091883285515616983e-05
-5.274306649952612003e-03
-4.376251003609573850e-03
-1.909395060234301634e-03
-3.191206542578066060e-03
-5.286199328172819754e-03
-3.134459514604856587e-03
-2.338326734202814377e-03
-2.921033763990815452e-03
-3.279612580023274528e-03
-1.194296657454083652e-03
-8.429607477143303586e-04
-2.024392075755485944e-03
-4.716829294895811837e-04
-8.249840584526632430e-04
-1.530976344251220277e-03
-4.563609874863111364e-03
2.322916342885038635e-02
8.776038309331048518e-03
8.730381011832290955e-03
2.324754127229647707e-02
2.947060123939786863e-03
1.718444890079528012e-02
8.158410020992816480e-03
-1.379926654514954457e-03
-4.826665109230760670e-03
-7.780703294920134246e-03
-9.279851682849127922e-04
-1.626329329114232364e-02
-1.730023658584474086e-02
-1.249366889853326980e-02
-1.970732203473397545e-02
-2.191369055796744264e-02
-1.426324155688919217e-02
2.834124481816112026e-02
-4.299597806848659554e-02
-5.698323222120892789e-02
5.189678509886992740e-04
-8.997802219213810182e-02
-8.251401871541115540e-02
2.411158890338052294e-02
-2.492706026043144812e-02
-1.239728636663252684e-02
-1.371534708845421153e-03
7.808512065169852245e-03
7.400891982291508270e-03
-7.362198576753337283e-04
1.324602876114875684e-02
1.053643882597721584e-02
-1.750107656493130742e-02
6.485023381937536635e-03
-2.514417871685674290e-03
-2.414072646423833911e-03
-8.448194138532575618e-04
-3.169422707407873897e-03
-3.841289964931343388e-04
-1.158572046445291047e-03
-3.028549648265912043e-03
-1.844282125089299852e-04
-1.909147690247485832e-03
-4.671340170419154871e-03
3.329555492916692894e-02
3.921437088194144882e-02
1.861372661849040183e-02
2.978221727289748558e-02
-8.457356025789763629e-03
-2.228112437345844757e-02
1.020899364660590031e-02
-4.241583148228229155e-02
-3.893904442385368730e-02
-1.249732507698490813e-02
1.468326486625887509e-02
2.376075238548078575e-02
-9.985775096015350738e-03
1.054870986325273478e-02
2.804490791898641214e-02
-6.808251743968686542e-03
1.023218493008696758e-02
4.060280511506197260e-02
-2.455575771965378545e-03
-2.892243362963541672e-03
-3.838227985394820473e-03
-1.260637577314240466e-03
-2.753251716200747108e-03
-2.745970495544359374e-03
1.358056163168983163e-03
-5.124680755512986971e-04
-1.704952827170160739e-03
2.244121875138128594e-03
1.613976629107361296e-03
2.057143119253342003e-03
1.566478191261338202e-03
1.673827953404848252e-03
8.535804452373682918e-04
5.367115590880427263e-04
1.987324839949859018e-04
-1.293530579724543094e-03
-1.374293529475144023e-03
-1.030490074479671571e-03
-1.511457142945497954e-04
-2.017651544416270391e-03
-1.502537204835516357e-03
-1.443827592642386946e-03
-1.128862585445579826e-03
-2.035463342080658881e-03
-5.615384091090969577e-04
1.003533672971786833e-02
1.033023297152919559e-02
1.004416394893218288e-02
1.396886064793050920e-02
8.030837359719515331e-03
7.371920357120686010e-03
9.527352777118469618e-03
3.145513985136296278e-03
4.182863542604961168e-03
4.983065833338946524e-03
1.373822850102316036e-03
-3.304524747089687079e-04
8.885168057995606510e-04
-4.376603152289506270e-03
-2.030023821105314975e-03
2.370308134424364659e-03
-3.296552935664055686e-03
-3.758522735815363319e-03
5.590840338538603099e-03
-4.760904050696582179e-03
2.360485860421859469e-03
4.915078812819348962e-03
4.578461864627462324e-03
3.566975528089656212e-03
2.194638548164306972e-03
2.483601377275741675e-03
3.718059038874933992e-04
3.515185695066614605e-03
2.694098626900781526e-03
1.002974656151208463e-03
3.191686242598510727e-03
2.269223842799327514e-04
-2.747931706208957096e-03
1.223637163250432128e-03
-3.310799912726950130e-03
-3.423185170414662012e-03
-1.920395519601404092e-03
-2.440668594601757158e-03
-2.440485878901471454e-04
-9.955349762359704934e-04
-3.510535766938934193e-04
-3.469828946250369940e-04
-9.221506644411445186e-04
-5.650622491892410377e-04
-4.223581549969053495e-04
3.265484759657859948e-05
-9.879151676965959930e-05
-2.357131109396589871e-04
2.242744551366189867e-05
-9.824032058132885236e-05
-1.804510658507390436e-04
-1.523368256921728610e-05
-1.161018437818546950e-04
-1.908553222913139452e-04
2.326436221643658319e-04
2.897258417514976146e-04
8.583295284784539926e-05
1.163339903962318217e-04
1.867699654507845987e-04
3.488269458941404362e-05
4.364390845778333303e-05
8.731081979075034174e-05
-9.387032622424557521e-06
5.448740156704110116e-06
2.806676473995109683e-04
3.003046293187014155e-04
3.838458030004922127e-05
4.204475377340463724e-04
1.510915225183878587e-04
-4.864873050692538275e-05
3.787169335708085740e-04
1.168912995059861364e-04
1.783997234473543882e-04
7.191410352139263301e-05
3.719212902773770513e-05
1.056512414493529517e-04
6.171538082704452891e-05
2.844076322018150441e-05
6.823341566133858237e-05
1.028337349964578032e-04
7.645800487743197353e-05
-5.866549351133976017e-05
1.208620093876590894e-04
1.104805456404551540e-04
-1.080517263280614970e-04
1.963372169443122739e-04
1.321277641764497706e-04
-7.539852167939305573e-05
3.238955001567814847e-04
1.354407590106551803e-04
-1.137359201735884567e-04
-2.413888381483481299e-04
2.179487527053829344e-05
-7.148589899121592615e-05
-1.217566715379287442e-04
1.443690417490809850e-04
-3.049339719882761168e-05
-1.379800120190027943e-04
1.693249070833078196e-04
-1.254441911091170572e-04
1.959726878767438063e-04
3.036911396541216307e-04
1.785983051493479829e-05
2.996535309872315456e-04
1.327926125700194067e-04
1.666002608806048697e-05
3.931361439668559993e-04
1.453316584069553751e-04
1.678522706191012839e-04
2.587905284669851863e-04
-7.182384246613646433e-05
1.976111914844592998e-04
1.974352484494700183e-04
-2.707696082393434001e-06
1.849601395990772162e-04
2.198892763468972104e-04
-2.484054932334062233e-05
-1.355798801173843378e-04
-2.516091935249938506e-04
-3.439561348061280369e-04
-2.089441948266745387e-04
-3.379359661351782982e-04
-3.991161053383634983e-04
-2.244855835697234586e-04
-3.995182745992645703e-04
-4.743025359198609655e-04
-7.004167718276043081e-05
-4.069260603889522480e-05
4.701146713234912009e-05
-1.038346384375161131e-05
-5.562402790811591703e-05
7.148746332150147378e-05
2.240231675373118838e-05
8.491067024027736652e-06
1.814694208000189552e-04
2.322223279629479777e-04
1.101957733508304613e-04
-3.202790573360037436e-05
1.718461743044747921e-04
7.006091443416951584e-05
7.126250460423134774e-05
9.077364216860344228e-05
-2.992517147034205929e-06
1.989442575983674870e-05
-3.204743018000548856e-05
6.215995547199413911e-05
1.001734942771629998e-04
-8.635248378231377930e-06
-7.287512055127245167e-05
-5.842897158548702161e-05
5.597043320655035868e-05
6.207160370190702343e-05
1.321662065904415800e-04
1.229284848815601007e-04
1.645022613236775053e-04
1.207876483458694987e-04
1.046776183240334955e-04
-8.211841929817709343e-06
1.515222107237256464e-05
1.557159555975278203e-04
1.834115649272649506e-05
-5.201256206430823900e-05
2.363603746563776520e-05
-8.037490500616427773e-06
4.040863917881243431e-05
7.435536206732881162e-05
9.730012438643950983e-05
9.200517121366891813e-05
9.372290373813439864e-05
1.488404753040865804e-04
1.540708256471668401e-04
1.695416991942666886e-04
3.304627993617607657e-04
2.836889708464221198e-04
6.420281840301044689e-05
1.991545998552259002e-04
3.907397022802701521e-04
7.871259951148849539e-05
3.735970490125086049e-04
3.765185762094075557e-04
-1.025301377968428881e-04
-2.473137511382170911e-05
8.256658789168021078e-05
-8.122002842628320328e-05
-1.625919878187826457e-06
-4.405490214593624443e-05
-1.026431273678172476e-04
-3.184518232959903462e-05
2.917707182563686745e-05
6.670145882626755853e-05
2.113003553378389867e-05
3.981408794457942305e-05
3.440817916969118190e-05
4.860699227083033701e-05
9.870090769028114664e-05
5.851850229762105629e-05
6.955777702406198049e-05
1.067177970618574627e-04
-1.080918999831350329e-04
-6.108093961910689108e-05
-7.016873545893654576e-05
-7.416918783329239139e-05
-8.274822771148436756e-05
-6.607015321067196908e-05
2.248252494636809846e-05
4.637252967659824575e-05
4.721843359892782062e-05
-3.730012799863032956e-05
2.045253583426193946e-06
1.621134196507068891e-05
4.124825076660270946e-05
3.331404544173564034e-05
-2.021078581094564927e-05
2.324992391517602148e-05
9.619319345102985883e-05
-6.198742905791425296e-05
1.382190286387407921e-04
1.348757540886574423e-04
9.812680562032967207e-05
-5.744372092903608556e-05
-3.928348914341245015e-05
-6.594625920353773833e-05
3.406671082692882792e-05
6.647599234669865917e-05
5.609434356225563914e-05
5.346968641258751487e-05
9.566332850853794033e-05
1.046123765566287812e-04
-1.031809725582021360e-06
6.681786399541390367e-05
4.220345323815066687e-05
4.088297471988438120e-05
9.217478473581748068e-05
5.515564236694989815e-05
-4.176677569465470118e-05
-2.453954188368542822e-05
-9.578153669253245328e-05
1.138571981194214566e-08
3.494980324849564500e-05
-3.771134876494074736e-05
4.975057289020152172e-05
4.555009130716134477e-05
2.364017646231770321e-05
-4.261417685738452712e-05
2.458551507193301744e-05
6.903988473279883717e-05
1.202926009583656441e-05
7.490864534392659428e-05
1.025069138756141512e-04
4.715466908258610830e-06
6.193718451694736214e-05
3.405216914314004444e-05
-3.462942174429994125e-05
-9.335162096238863226e-07
-3.827132194660815993e-06
4.342858073960317056e-06
2.551761733833384730e-05
2.229285674669296449e-05
5.580350988647997623e-05
6.495969376318310427e-05
8.167428985861786928e-06
-5.762760208368531946e-05
-4.744172275354846568e-05
-1.916965544755366678e-05
4.026970768792787511e-05
3.527657965623186704e-05
5.950355468165571197e-05
3.203721411712331523e-05
3.317936655894369587e-05
4.719397691506595270e-05
5.378418070426574501e-05
7.444167504219172831e-05
4.404669851413811035e-05
8.901871268352476473e-06
4.661863593140300931e-05
7.767323120733939307e-05
-2.327087315524109222e-05
9.723490900345152136e-06
8.436698182295236485e-05
1.029900164154643941e-04
6.669662442680618700e-05
1.147173047376604730e-04
-7.808755558429638266e-05
-1.160830726692450583e-04
-6.516527699567612863e-05
8.925160737338928428e-05
6.112048469038255363e-05
2.099879397754464481e-05
8.693888233640459612e-05
4.893467703955587078e-05
2.101512655064316539e-05
6.530337897069302404e-05
9.041247479301549219e-05
1.228342614333113837e-04
2.822407811518010888e-05
3.726444886533179286e-05
1.129237214495968842e-04
1.187320019837116451e-06
1.084712711775086833e-04
1.168365747165915007e-04
2.015024510624039699e-05
8.428003644027295840e-05
8.915430256329263763e-05
5.302238584301229333e-05
5.031512741661477053e-05
6.488505316604661097e-05
6.889641325303668034e-06
-3.506828241191472527e-06
1.732882684409959453e-05
-2.615680402672641123e-05
-8.182417732981349664e-06
4.736991847801526242e-05
-1.965835840457711827e-05
-1.236358438766095495e-05
5.786518882973372576e-05
8.179338637010338602e-05
9.221120879893487682e-05
8.383010515605082051e-05
7.053335567218378644e-05
3.136479290942376081e-05
4.292022017595852908e-05
1.121051527085183819e-04
6.076996700555319439e-05
3.083348133747469423e-05
1.085033774945422453e-04
6.825119753604648779e-05
4.812057893178516103e-05
1.458007956989270423e-04
1.254763266386190552e-04
1.292259332542270822e-04
1.943028229825425582e-04
1.628839659875392862e-04
1.412679636508436796e-04
1.013620161111891205e-04
9.852947179876093921e-05
1.379681859371326657e-04
1.910701206391716381e-04
1.555671564950919603e-04
2.790063324050641859e-05
8.864426274033677109e-05
9.791394920672919064e-05
3.870150710905381942e-05
-9.583180759155917607e-05
-1.212809539203103820e-04
2.243840092656566336e-05
-1.828342021660518213e-04
-9.597601689831353590e-05
-3.026168485993555097e-05
-2.201982753120796066e-05
2.517656159673119663e-05
4.888797163348357203e-05
-6.550087135105102517e-05
-1.910674985263161540e-04
-1.054061398698773449e-04
-1.196513107806301769e-04
-7.385328063792400430e-05
-3.146270455170478621e-04
5.130659243068444840e-06
-1.284070171253688100e-04
-4.000103774072420282e-04
-2.773493870903010939e-05
-4.591995609038695739e-06
-5.112073983160688486e-05
1.568490522677597584e-06
-3.912666660787677208e-05
-1.133942594777584314e-04
-2.503984831260491395e-05
2.661729990596611060e-06
-1.052425016269034874e-04
-4.418398857451606167e-04
-8.289945958457480381e-05
-2.884614413520219476e-05
-3.455598808632341905e-04
-1.772891925093823665e-04
-1.423413411573025878e-04
-1.603794397152877446e-04
-1.858807522892690219e-04
-2.441921260050499906e-04
-2.615472929697266322e-05
4.611478597584603157e-05
-4.148737551255549642e-05
-2.097854051431731991e-04
-9.026044800079118836e-05
-8.466706956233414504e-05
2.567418801452319923e-05
4.885354375171092905e-05
4.164323482072476902e-05
-1.270846787120537540e-04
-5.218331196460682158e-05
-2.584828480763202529e-04
-1.834691904958869562e-04
-1.343286242907579156e-04
-2.242670469316093414e-04
-1.827452573378751568e-04
-7.058532298534853859e-05
-1.814432172982000948e-04
-5.790138797003486251e-05
1.273207263715217560e-05
1.237767683399171640e-04
-7.240470819150859628e-06
8.075368573067950547e-05
3.219234195522676164e-05
2.134679234383978931e-05
-1.157883405187706073e-04
-1.497827847363012260e-05
2.577508645718223684e-05
7.480833694345331495e-05
-1.093000142618476305e-04
-6.235083977400223353e-05
7.724568284658091168e-05
-4.037533515044784596e-05
-1.221752922125423865e-04
1.811616161781156339e-04
1.242391526408919247e-04
4.460904686898318789e-05
-9.973341951655210081e-05
-1.476234494987253159e-04
-8.538202773406343524e-05
-2.176146523132002145e-05
-9.133352008570800825e-05
-1.406380672485613246e-04
-6.206962737064808551e-05
-6.436643722511798819e-06
-2.539486859264279906e-05
-5.842609115320817692e-05
1.377271447627442837e-05
7.134431195215890163e-05
-1.010511692323700798e-04
-1.833912401409113673e-04
-1.787336086769119442e-04
-1.572047740779914380e-04
-2.870088483325614797e-04
-1.625852576534745405e-04
-7.230004678689205095e-05
-1.839516822622850668e-04
-3.399597148326398877e-04
-2.503579323807490395e-04
-2.647129652199484650e-04
-2.365658257698390597e-04
-2.028101479287897600e-04
-2.277082595410610561e-04
1.305947355845557946e-04
-3.230408766475109010e-05
-9.178396687289336569e-05
1.001562007130131667e-04
1.788842881621421281e-04
2.612497521635996322e-05
-1.191107553151761977e-04
2.810510054075888086e-04
2.575344482572854751e-04
-1.305292609665347013e-04
-1.698717067615264061e-04
-1.324263458168797663e-04
-1.374200033434078215e-04
-1.213031636762160816e-04
-1.127592619475272770e-04
-7.269340741709482898e-05
-9.619379717155505016e-05
-9.919536655880581194e-05
-6.692935703293406973e-05
-2.335143074327904482e-05
-1.286409371932654728e-05
-7.883559177610462740e-05
1.147486612710781848e-05
-1.815804872062834344e-04
-1.905297123800534030e-04
-9.600355598359304953e-05
-6.673411772985368608e-05
4.566731091656355392e-05
7.312500949320567567e-05
5.779379393919837324e-06
8.670271697639833392e-05
-3.781725705101842441e-05
-1.252816863114384347e-04
-3.638219768620471839e-05
-1.239174239937226450e-04
-1.042442471621296573e-04
2.723679528704764006e-04
2.786871037386358992e-03
2.474137198287060767e-03
7.826330636549802934e-04
3.388649577080692782e-03
2.869126908368258705e-03
-1.150745002725197782e-03
1.861005751105375156e-03
2.815075882179069160e-03
3.168767804201860078e-02
2.273981302040770092e-02
1.595470488386813157e-02
3.546046783759444071e-02
3.780200619815846097e-02
2.690122845533429036e-02
2.869441410940172521e-02
2.892316231337360016e-02
2.153803621618368205e-02
-3.769385967066890206e-03
-9.011054836002544051e-05
2.647861112386761841e-03
-4.102346980837598411e-03
-5.445376102809644514e-03
-3.551090261367223239e-03
4.989925973552651562e-04
-3.473117978950660944e-03
-3.334699572929753983e-03
1.807854604665721718e-02
-1.082188588453740670e-02
-2.377540963063994386e-02
8.851334969588993060e-03
-1.758784155569928509e-02
-2.660927900051361303e-02
1.567695146096352576e-02
-4.753628013564900265e-03
-8.834209510349879529e-03
-1.895516743090880710e-02
-1.109333443096667537e-03
4.481266456638983812e-03
-8.095748152901866349e-03
5.213446022312227639e-03
1.077915525664715812e-04
-7.362895742332346144e-03
4.121705090657934098e-03
-3.149665320377686897e-03
5.372578605471962964e-04
-8.232020317128987833e-04
-8.529635265755230794e-04
3.338296762279217541e-04
2.453810695867348832e-03
3.336053945958298086e-03
1.135084892506334426e-03
3.129919641731357827e-03
1.830514462025540322e-03
-3.723836252486580588e-03
-1.131987370441662512e-02
-1.374853393669809090e-02
-7.053722347669227725e-03
-1.598853138271395802e-02
-1.515333750559504956e-02
-1.384289212079072018e-02
-3.062304765563574754e-02
-2.916932358230354960e-02
-2.330840952679582440e-02
-2.318902964515348955e-02
-2.215409910265772261e-03
-1.297518164274335216e-02
2.146109639170521843e-03
1.717989042160973645e-02
-1.523297972254328628e-02
-9.569749911924604197e-03
7.679136232161920365e-03
3.858101530268277270e-03
4.474781985428982062e-03
4.229958993773054975e-03
3.937981583168204819e-03
5.057412719042988190e-03
4.105475275443482182e-03
3.379297096558330632e-03
5.774486630883409431e-03
4.419559569525816252e-03
-3.796766116226582641e-03
-3.568305517973670380e-03
-3.765669542062216428e-03
-5.589047443033362365e-03
-4.607113231233092923e-03
-4.089320008986818689e-03
-7.587198553048686567e-03
-4.572349366472593449e-03
-4.955335985298241382e-03
2.120135009417230872e-03
1.678503614883139223e-03
2.243870169268400005e-05
2.424211026873545824e-03
-9.424455441929071068e-05
2.230531659853117465e-03
2.149665530202462052e-03
3.796579956118358544e-04
1.487445632094267335e-03
5.386369913876303851e-03
2.589271083422317425e-03
4.893189218156881494e-03
3.247312544835178304e-03
2.002741576847801019e-03
2.512591332451134980e-03
1.150423934779729127e-03
-2.118967114176275993e-04
1.143864385346331095e-03
4.099348087626623893e-03
5.049767659217438594e-03
3.135046986691647063e-03
1.453639782407203972e-03
3.018370556450307527e-03
6.402570716336834745e-05
-1.192030824860835624e-03
3.052572975878723112e-06
-5.482221826345841159e-05
-1.634289509070180465e-03
1.853492845895903440e-03
6.575789202565915717e-03
7.085572033716236451e-04
5.054105041488679171e-04
3.290044231656644169e-03
6.651438613461435265e-03
8.317434556363377529e-03
8.881516627180518347e-03
1.510762916311819736e-04
-1.304580811929673080e-03
-3.284156362295181583e-03
-8.038435830345742276e-04
3.931209294452998079e-04
1.664931653491411782e-04
-2.452660908350231140e-03
-1.378717857258838358e-03
-4.798046366031294939e-03
-1.349306042663208673e-03
-1.217048074899422690e-03
-1.765502015220502116e-03
-1.039183845628255734e-03
-9.452446594401874925e-04
-3.621264786076520189e-03
2.138904035800678026e-04
-6.460833323768499885e-04
-2.567756354282254606e-03
-1.206891872489252404e-05
-1.595324606343649784e-04
-1.199876486698072146e-04
-4.713413654821834299e-05
-6.960902754444523062e-05
1.079081801049396131e-04
-2.392537737250304710e-05
-1.036844361554599960e-06
1.283903249143041297e-04
-7.353952669834195189e-05
-1.068474264718887845e-04
-2.836893461563080453e-04
-9.160373264306917473e-05
-7.384495156283717231e-05
2.798524157599838576e-05
1.507202556588096271e-04
1.515458610434801954e-04
1.821662989519753071e-04
2.028666464673631537e-04
7.866139666855982671e-05
2.428387060820158349e-05
1.413428694609838648e-05
-2.282617832540302129e-04
2.038725173629687729e-05
-1.218891634152842457e-04
-8.771550650399450417e-05
9.909516983557191863e-06
-1.114453816173928115e-04
-3.277659736016996848e-04
-4.013292687433273075e-04
-5.031671170837086161e-04
-4.610699902150641196e-04
-5.701994057519767971e-04
-4.117031962133224708e-04
-4.592980983114121991e-04
-5.437316814414794048e-04
-1.851639732514434014e-04
-2.895232824491424974e-04
-9.480037343813374224e-05
-1.965267745162419758e-04
-2.648355029804207628e-04
-1.353110886825294385e-04
-1.574674540588254527e-04
-1.081448382792181623e-04
-7.973720782280384627e-05
-4.567018114189724354e-04
-1.706863298926388666e-04
-7.614789054280345255e-04
-2.444839851749828086e-04
-1.510756553877898821e-04
-7.044501090760647150e-04
-1.288679770825949388e-04
-1.021854160960033000e-04
-4.737800062901927393e-04
4.343068605646090467e-05
3.058481102278928429e-04
2.716899282156868558e-04
1.303686371916451601e-04
-6.428448132573299687e-05
5.290565029477266361e-05
-1.668403865890425114e-04
-2.093930126806450734e-04
-5.228031755297961309e-05
3.969829900106699349e-05
2.029075249489978999e-04
-1.346634164029349005e-04
-5.757588547026632203e-06
2.278568530452602383e-04
-4.508618108709044713e-05
-2.983600562514677202e-05
2.883763525575102227e-04
-1.827127693689280989e-04
1.669719097278517500e-04
1.797471374156350626e-04
1.414745079925040403e-04
3.815928186387385459e-04
2.530033062640723337e-04
3.589477847730048040e-04
5.875527263080014551e-04
5.267836839204746843e-04
5.710738860876325880e-04
9.114526512675997865e-05
-1.129057279325425625e-04
-2.990214283465290456e-05
-1.538729146448648854e-04
-7.654240103529370495e-05
-3.514187541083824986e-04
-2.206729693444945827e-04
-1.225708495377957562e-04
-3.593259782451380178e-04
2.316951976160842530e-05
4.385511272304841061e-05
-1.007317650132510522e-04
-1.679767911923403143e-04
-1.825412442420542745e-04
-2.322149165654158870e-04
2.068904885037386738e-04
5.232073937409881172e-05
-4.881494677549268511e-05
-8.153617282056903977e-05
-2.953557456435396429e-05
4.223188345852361161e-05
1.073168170131104593e-04
5.429713171314322557e-05
9.031399567859805632e-06
-2.954738635865695323e-04
-3.919501000963923967e-04
-3.629010653942341905e-04
-1.417518359594720472e-04
-3.334570930010389471e-05
-8.645371667204283090e-05
-1.875552244827251628e-04
-2.922741464709350720e-04
-3.696585853039672707e-05
-2.950688597228776880e-04
-5.113550646793301553e-04
-9.188169649752927126e-05
-2.184749959936773127e-05
-9.393533320829697416e-05
-1.795686027953638216e-04
-1.582826421823803386e-04
-2.454326360169560247e-04
-2.592908954964901315e-04
-2.028200720051042305e-04
-1.591571642558251086e-04
-2.380662108681697075e-04
-4.435776091665594384e-04
-3.238406572991381761e-04
-2.593567307208166205e-04
-5.320525396527652721e-04
-2.589236643318943874e-04
-6.016158569527014057e-04
-5.500827734923645828e-04
-6.848719925018439307e-04
-6.987363039607911476e-04
1.239440399839033321e-04
2.754069975024969828e-05
1.608193176913911854e-04
2.375587039048831844e-04
2.259459743040501643e-04
1.564519270029634287e-04
3.614613694640111843e-04
2.174561888386282330e-04
-1.525152825734191577e-04
-1.422671713091247427e-03
-1.780059508140325025e-03
4.468055333938715946e-04
-4.363195045424237447e-04
5.039486411207458414e-04
2.071441190856468904e-03
1.464290092205632488e-03
3.619406892040326947e-03
3.604877683802898674e-03
6.203257619975022924e-03
1.294186611010386678e-02
3.799157050528086110e-03
7.336895542055687190e-03
1.257970035320086361e-02
6.059931269772462353e-03
-3.625305577295397357e-03
5.970550303303343628e-04
-9.642886960713322950e-03
2.068114720635976476e-03
4.375132059737550302e-03
1.605343434319898366e-03
4.628946433046791237e-03
5.256056382795379865e-03
-1.738017493198323014e-03
-6.232916594127910735e-03
-1.150071883703268887e-03
-6.058642914257915402e-03
-5.385764633582911312e-03
-1.256033571774914197e-02
-4.748280548674199512e-03
2.240369550094408954e-02
2.068815381185278718e-02
2.265973494491665616e-02
1.843518684242282171e-02
1.380646967532153484e-02
1.394468428818327298e-02
-9.762901728225697670e-03
-2.713978505627703038e-03
4.234684932512958189e-03
-1.021287783099711875e-02
-4.603945130563434109e-03
1.060929472916668191e-02
-1.081053544369175654e-02
-7.375494101595392489e-03
1.146582515562275320e-02
2.522415493734780564e-03
1.103643683700972211e-03
1.562327277307884086e-04
2.471587531364248091e-03
2.191527388109528861e-03
1.078075856133832401e-03
-6.638069715813149337e-04
-9.628081740097344660e-04
1.080622226643644657e-03
4.434730188893613000e-03
5.676152582411881237e-05
1.135381176960851071e-02
4.842857812910794993e-03
9.492930656213923596e-03
1.919287655129984019e-02
1.274163059276324159e-02
1.797780157888782468e-02
1.897517990135115171e-02
-4.175728152508348910e-03
8.496993731727468108e-03
1.770363494007330327e-03
1.667948014166285159e-02
1.703860827366190239e-02
1.403990707004305720e-02
2.167525506499785870e-02
3.457563594888452170e-03
-1.640526764965923078e-03
1.452828640967853205e-03
2.962751112371696163e-03
2.753226453514352919e-03
1.511594892039308307e-03
4.767878320795180050e-03
3.837568326587632341e-03
1.739392999546959990e-04
5.038480916275028636e-03
5.627204898542472432e-03
3.367331962437114263e-03
1.477551549088811002e-03
-8.703985746256932571e-04
4.094934535564316580e-03
2.282920714084220922e-03
2.263185025098359178e-03
3.144472064746857334e-03
8.336307483230442905e-04
2.991833646433027932e-03
4.252341090048693088e-03
2.655173577093493040e-03
-1.438174854975101096e-04
5.364099894976608225e-03
4.324037910671846285e-03
2.808947010711564454e-03
3.725239327713343856e-03
3.612748056189314314e-03
3.436670916797337876e-03
2.516012423399598477e-02
2.684237055284029519e-02
2.195418090754348850e-02
2.723977180583562682e-02
2.894423607903526263e-02
2.666084849611655844e-02
2.820156626706864927e-02
2.826930393278611134e-02
2.737943645136568793e-02
1.219408217881257951e-02
1.041731933631983090e-02
5.138563242935581879e-03
1.330059674854804606e-02
1.537693038535720320e-02
8.196167631922423105e-03
6.283989007590988843e-03
9.029806002593785894e-03
8.472065675247480304e-03
1.307237202773296747e-02
2.010451387636392334e-02
1.229660961189454546e-02
2.559388051549286308e-02
3.842611284144804851e-02
2.731693319515729468e-02
6.945068429015946671e-04
1.586609071794730166e-02
5.175651922462745809e-03
6.996176572236766436e-03
5.809525515351720779e-03
4.722568819507756699e-03
1.185532119971786924e-02
1.098063975858134915e-02
8.000811310749323876e-03
7.393997054389591164e-03
8.509607527201992760e-03
6.331520006565964122e-03
-3.885894908168308765e-03
-4.265594150438803064e-03
-4.354492914052407286e-03
-5.660394866004121728e-03
-6.702934709008226931e-03
-6.341510940074313388e-03
-1.101944138224421701e-04
-1.409933607834581212e-03
-2.210936566659233143e-03
4.439503394041329756e-04
6.781297494529946440e-04
1.671800443972434966e-03
1.307260640798229125e-03
5.264324066724423209e-04
2.387793580596768613e-03
1.098217298325275147e-03
9.095702915224872015e-04
1.438070223938322590e-03
-2.250494362571677301e-02
-2.683904079748808662e-03
1.944229645546896243e-02
-3.070607422958622143e-02
-1.640285878187088334e-02
1.603396476285932556e-02
-2.475498688038375167e-02
-1.266936701761827745e-02
-2.594544136104551084e-03
-1.109891272383198464e-02
-1.022349488412123419e-02
-8.926192331712903133e-03
-4.902952415865479557e-03
-8.924216501297462315e-03
-5.887611450214864581e-03
5.941854223213909698e-04
-1.539374483370278953e-03
2.391247397573096397e-03
-1.235064479783164366e-02
-1.470441178057406775e-02
2.153193526810949152e-02
3.309993601398674139e-03
4.607712436867866454e-03
1.472129526863405827e-02
1.695156911557325202e-02
2.399468483317194339e-02
1.140316335358389048e-02
-1.824356274671513033e-03
4.562255214907856571e-03
3.574823517339342348e-03
-3.498808453854613566e-03
-5.865967961180601833e-03
-4.611925738264637475e-04
7.125862978576383722e-04
-1.569709748719150255e-02
-9.823418195227362482e-03
-6.313371915677909712e-04
1.049972796805879885e-03
2.214495770081793824e-03
-5.830159138854252221e-04
1.359370578853984701e-04
1.953387368177928688e-03
6.376447278490571030e-04
2.568546229349782765e-03
3.904647089809591427e-03
-7.209058420153059872e-03
-2.297087278207179950e-02
-1.657634706914042771e-02
-4.876819247398404833e-03
-2.509290172773091451e-02
-1.410426969489079509e-02
1.682037938645663047e-02
-1.690800676888445150e-03
-9.308566694479450399e-03
3.965298845374132936e-02
2.350349302850427216e-02
-6.421953558056684407e-03
3.853335660187694883e-02
2.246402776527666595e-02
-2.467683185548044406e-03
1.548235437766847487e-02
1.064667346594444855e-02
-1.348732487440861515e-02
-5.903628657666633132e-04
-3.652542070866521577e-04
2.340944979948376536e-03
2.036159561724977789e-03
1.066394800167120953e-03
3.008378152438912108e-03
3.671640822761047113e-03
3.975787684572467881e-03
4.030970223647315116e-03
2.132089186924277478e-03
-1.407911202581754945e-03
-5.622782947456263832e-04
-3.408094278022069309e-04
-4.598378571186106196e-04
-1.600619674462171616e-03
-2.873644970226166186e-03
6.412270030754455702e-04
-1.016751187834594649e-03
-1.420837679907321080e-03
-1.186201872615158959e-03
4.712510385198808664e-04
-4.432818639089250424e-04
-1.343985245481839081e-03
-5.534898365891911505e-04
1.597255089839335522e-03
-5.668359482359517981e-04
-1.947241338418819389e-03
2.949571003240556051e-03
-5.547853409683583875e-04
1.762555198318671394e-04
4.078322724644837735e-03
3.178430792215870479e-03
3.886938909070837425e-04
5.614842075528109037e-03
4.292371356122590305e-03
-9.453246053976082286e-04
-5.517268717699555687e-03
-3.963585664940352284e-03
-1.654572543253945722e-03
-2.934664556894920825e-03
-3.113086262766903874e-03
-1.554514266263800184e-03
-6.935558430336697788e-04
2.366178254262307420e-03
5.370927052323622814e-04
-5.088546424503303384e-03
-1.817350929272952553e-02
-1.632072665885945725e-02
1.736065302320782301e-03
-1.137393693145120378e-02
-1.421713146198988649e-02
2.038450733624927978e-03
-5.493926381935354541e-04
2.504059501416622518e-03
-6.607314189769991804e-03
-4.597495736159366159e-03
-3.761641947298268503e-03
-2.948833725966908646e-03
-2.574987311336557599e-03
1.819862557575646514e-04
1.092999628243840077e-03
2.151206512068851422e-03
1.681372027066494650e-03
8.376655892149701332e-04
-2.715904174516390050e-04
-2.788471578460947811e-03
-1.301710549917564370e-03
-7.112542930044636049e-04
-2.412581601617428198e-03
-4.942363237402235421e-04
-1.059294287050379247e-03
-1.129904676089329854e-03
-1.233602089572421730e-04
-1.128050483827832822e-04
-1.075996426484344655e-04
-4.860208215840377123e-05
-3.954610906840270334e-05
-7.382446116096141788e-05
9.302040239666170074e-05
-4.354749298263570285e-06
-3.900303455699399098e-05
5.737906099184232823e-05
8.925529007801659138e-05
5.237623642020743461e-05
1.161271263046405149e-04
5.386376999880151153e-05
2.193462021660595517e-05
9.540618467568639247e-05
6.721217070710424745e-05
8.407747788378723796e-06
-5.960486402483689390e-05
-2.637655702427034409e-06
-2.288384660148120328e-04
-5.228286083529455906e-05
-7.964643859533712146e-05
-2.763199509430095801e-04
-2.148318923407606197e-05
-7.380246349418274074e-05
-1.791547717656223561e-04
1.621520881190075016e-05
-2.857708702811414395e-05
1.507647356862629488e-04
1.885973083966663419e-05
-6.333212925369938726e-05
-1.877634094639240770e-06
1.194925472633115047e-04
3.473400496167161362e-05
-6.162313537919326424e-05
2.872986602838731768e-05
1.413135110177404189e-04
-2.830293642183917373e-05
2.445344188615031876e-05
2.071881264341225530e-04
-4.819627725129020814e-05
1.024001853052410770e-04
2.125279524850758712e-04
8.354595873979804197e-05
-3.941432292034998454e-05
4.220443202982456491e-05
-1.522326115391628171e-04
6.879888947522542217e-05
1.166146695451881370e-04
-1.844472299700674212e-04
-3.104616898916129541e-07
1.394248343719513847e-04
-7.379531598731143812e-05
-1.147860180784639088e-05
4.859528855721250562e-05
-1.790243262955575483e-05
-4.676385303247200352e-05
5.036711803824256537e-05
-6.644039263019876028e-05
-2.219378881575942495e-05
-2.576048079219549932e-05
-1.868197858917166818e-04
8.937856722322892787e-05
4.770777915933919637e-05
-2.349747325110404213e-04
1.731072870197934927e-04
1.273071316448466615e-05
-2.195595587158314971e-04
1.871768142689288661e-04
6.779723369868468675e-05
-1.550423867015240573e-04
-1.383919294177962110e-05
-2.652351809273682318e-05
-4.199635214434867687e-05
1.495851888726860645e-05
2.859658792501680182e-05
8.110360706658416188e-05
9.468871932381034727e-06
-3.079165529059934751e-05
7.152057681989315303e-05
-2.311534116432131626e-05
-1.289348618358896099e-04
2.746664758485758230e-05
-3.668488434735677465e-05
-8.492975770604478441e-05
-6.263825622596029180e-06
-6.770870731552100974e-05
-6.875309408022883405e-05
2.112944871002465244e-06
-1.100593509664896195e-04
-2.032292611646486114e-04
-8.359148072530848462e-05
-1.185546139392928944e-04
-2.036947304058199244e-04
-9.069858683447164617e-05
-2.410116278437764398e-05
-4.291284433561876071e-05
7.048010799924312850e-06
-1.672691617713502766e-04
-1.894493744876504793e-04
-1.197930340036427392e-04
-1.904663328682228694e-04
-1.866673011189108188e-04
-1.670509476926366815e-04
-1.003368263672481722e-04
-1.507544099675984031e-04
-1.351068103518579804e-04
9.914108316431436156e-05
-5.360132187367971137e-05
7.551416786983831920e-05
1.879950025652084267e-04
9.643356592550216965e-05
2.045348608542616581e-04
1.454552344945597112e-04
2.801310848787133634e-05
2.169509824022338774e-04
-2.956760934832058560e-04
-2.921371477120845734e-04
-2.248199294719533325e-04
-2.946455479002509483e-04
-2.909055281882530573e-04
-2.400358057940128829e-04
-3.093777253689538155e-04
-3.017021495870749240e-04
-2.918370634527227628e-04
8.155189592182150509e-05
7.881022192735694326e-05
7.187875712539724038e-05
1.407332861249858827e-04
6.503774228806211968e-05
-1.077268432891662580e-04
1.649348554204531033e-04
2.771800111387662051e-04
1.468593518104367376e-04
1.577874456997282624e-04
7.254801358432540713e-05
1.732161928186655648e-05
8.585657422811403250e-05
-1.313265703002231153e-05
1.351530956633449605e-05
4.946984223146569176e-05
6.343435941994021059e-05
2.454513399031855523e-05
-5.759296283901271319e-04
-7.559042655813410496e-04
-5.431577437708900958e-04
-4.063243645004329372e-04
-6.624718701197335148e-04
-4.029622664710490925e-04
-4.607193698248543390e-04
-7.167255132943498204e-04
-5.833130412629746082e-04
-7.548125508617817498e-04
-6.612938403742325225e-04
-7.041167051627017417e-04
-7.649613097713385546e-04
-4.253837301834428875e-04
-3.147522495012993523e-04
-5.383563994701288848e-04
-1.435833669120174761e-04
-3.454029565545684347e-04
-7.655293492409920644e-05
-2.419667383147522247e-04
6.276563210992720451e-04
-3.624230055298893814e-04
6.532525948509615920e-05
3.683220093556560356e-04
-2.754663735947358578e-04
5.825434817615374921e-04
3.543192419481494158e-04
1.147595322891832744e-04
-2.504098988249772771e-04
9.673194703942177041e-05
2.946919205466466967e-04
-1.961090876119248787e-05
1.969408386511734585e-04
-1.776418955341114620e-05
-3.305764343147806600e-04
7.661143535882774630e-06
-5.652926146237116341e-04
-6.689785395362327254e-04
7.894683177083987985e-05
-8.248211706670724843e-04
-6.258360394173229785e-04
3.600289525210952318e-04
-6.733554069824448625e-04
-3.044703624411227859e-04
3.948788217019537491e-04
4.361386995373244739e-04
4.452995027644686003e-05
-9.087497565001321055e-05
2.249500539218569895e-04
-8.838901417445144506e-05
-9.145190570930433771e-05
2.668656881621671436e-04
1.430841700640000198e-04
-2.050621527182457603e-04
4.697199472359565625e-04
-1.623623968650085092e-04
4.006370844769917739e-04
9.582896480894576691e-05
-1.721103161762979291e-04
3.356267506167676909e-04
-4.529260315615352118e-04
-7.478458777235594084e-05
3.814706768045737751e-04
-4.265978546581309099e-04
4.788372557820597814e-04
-4.330351739263199780e-04
-3.230276671220884020e-04
5.504153397165320941e-04
-4.840088106237741788e-04
-2.438808237029365365e-04
7.482555901657762451e-04
-3.473387626647414061e-04
4.058520097799318452e-05
-3.247140043517742934e-04
5.553758273463733919e-05
4.413522584222963238e-05
-3.913296841221122519e-04
-9.597971797678711071e-05
1.979977256836617302e-04
-2.496309518546415817e-04
-6.606871153049586405e-05
3.066973043069701199e-04
3.614376762092858745e-04
2.498329510199982285e-04
2.982103225950467917e-04
1.190936432749710439e-04
2.312645375384077609e-04
2.785084565359580828e-04
1.535577850853772359e-04
6.056457410444965377e-05
-7.366740799066132149e-04
-7.941602775889491407e-04
-6.859720941995201167e-04
-1.110582183373309281e-04
-2.651692003990028883e-04
-2.721376623025655874e-04
6.115325890740522859e-05
-4.903373488251411131e-05
-7.604161777124660590e-05
4.458755632850526984e-04
1.062736224168090419e-04
-2.140834286997136168e-04
2.213552247448125879e-04
-1.830507102230383165e-04
-1.371495470934821007e-04
-3.260698458900253001e-04
-5.032973086289386925e-04
-1.878491087396082161e-04
-9.759849382350311561e-06
8.930446452524545931e-06
1.596859922160500311e-04
-3.495504432389954326e-04
-4.237011905309674828e-04
-3.526424518985533160e-04
-1.685099148532532209e-05
-4.659758200374786055e-04
-5.047399265810168087e-04
-2.091758942025635868e-04
-3.249404038379923596e-04
-4.418064415583886398e-04
-3.696674519207981025e-04
-6.036838842644875200e-04
-5.323513651591645426e-04
-3.956380177216576059e-04
-5.144035183834093057e-04
-4.866055726254410224e-04
-2.497923701809103220e-04
-6.147140360006221171e-04
-7.439721005292897519e-05
-3.461178593372759324e-04
-5.428249056486524450e-04
3.115725771435194223e-04
-3.923833875781913838e-04
-4.238691002298697634e-04
2.418690305571792078e-04
3.381009076607388651e-04
2.688409251908521064e-04
3.205192963918474924e-04
2.578330513913062050e-04
5.712337999496146712e-04
6.770040268886493321e-04
2.915516436160029692e-04
4.456732979343775271e-04
5.832832639986797749e-04
-8.634690113547120478e-04
-2.945980550234586904e-04
-4.228478032395184224e-04
-9.296464249209222428e-04
-5.897298849283654941e-04
-1.559677593253762070e-03
-1.657917015687155422e-03
-1.369876957252821837e-03
-2.111228533394784654e-03
2.045106134778449725e-04
6.722289335639880254e-04
-1.414850878866677833e-03
-7.815926687117800975e-03
-1.302484114190163335e-02
-9.733172281394348799e-03
-1.264102387647787762e-02
-1.455659436622520030e-02
-1.522503824112350461e-02
9.123056487273685858e-03
9.912638839947900821e-03
1.053863688357354125e-02
1.261629331077874366e-02
1.320330188488168417e-02
1.395130456707464016e-02
7.925544398226463602e-03
1.104981309921039198e-02
9.633467801246853313e-03
1.491901546503293999e-02
2.345363163436617673e-02
3.145147655549795224e-02
1.076489551090413326e-02
1.526015520775981724e-02
2.555883524966151218e-02
3.021950116700880106e-03
3.602931514136467530e-03
9.514473645482345379e-03
2.031871867927596744e-03
-2.165650420981464833e-03
-5.993281209524408716e-03
-6.237896159285449132e-03
-9.831284471169116339e-04
1.789518121067020483e-03
-6.397469816377476283e-03
-9.308806193523776846e-05
5.727894587172969836e-03
-2.369824394913132987e-04
-1.800867048359529321e-03
-4.625042655072364515e-04
-1.050854767730680751e-05
-1.972466073831486040e-03
-2.180918716444380607e-04
-9.351447955562166648e-04
-3.180369645593668533e-03
-2.496842677800621387e-04
3.969896286926239380e-03
9.504358649121703514e-03
6.733453436792198252e-03
8.252867351797098065e-04
4.874665038091841561e-03
7.295282178396984840e-03
-4.918549200691738760e-03
-4.676686692350408119e-03
6.558063405092411265e-04
-3.355801649013682476e-03
1.471719642456977614e-03
-1.917887027561445594e-03
-7.639542697326008602e-03
-1.563487609094789399e-02
-3.277244140156730309e-03
-7.920686971519689049e-03
-1.798669273574385330e-02
-7.484213830396639448e-03
1.294672348914409918e-03
2.192758694042142714e-03
9.096080340435424086e-04
3.618448063854895242e-04
1.120230162878576349e-03
-2.859470059143647469e-04
-4.300682001522572657e-05
9.383475389519009774e-04
4.294122367471716185e-04
2.910417140009138176e-03
2.753810488287754613e-03
2.154420821359914317e-03
1.995561812795693460e-03
2.859482293053130803e-03
1.607419766262659566e-03
2.265717401277643917e-03
2.205161055048144182e-03
1.630727434181912863e-03
5.861828793198261330e-04
1.179387834468970326e-03
3.294014006848205002e-04
6.705724245771755307e-04
1.067323529677676949e-03
-6.965985612905735772e-04
8.846151356822901102e-04
1.047376610800432621e-03
-1.729098418195747656e-03
-1.956266307321924327e-03
-8.414285317797202696e-04
-1.154202543765046451e-03
-3.707769907345055183e-04
6.608418929380894744e-04
-4.994824803109101713e-04
-4.638427869544840083e-05
-5.613935908551714133e-04
-1.002705996034761833e-03
1.280340549811726999e-03
7.530165147271200999e-04
1.913033365134512542e-04
6.834120066867042454e-04
4.043607661915940549e-05
1.166772697544958591e-03
1.014991457330302290e-04
3.924694249954020970e-04
1.532346286612507567e-03
5.253891952463537844e-03
8.468316661350384217e-03
5.516846473609732758e-03
1.958908907055875032e-02
2.576394521177563512e-02
1.525019868758047820e-02
1.187749542208088767e-02
1.549579536152404305e-02
8.675030206676755812e-03
-1.897336506411703163e-04
2.323302036786697999e-03
1.924215534830066906e-03
1.088606109149490003e-03
1.179547948112005546e-03
1.775621529178150098e-03
-9.590398793446515825e-05
-2.816051161532092144e-04
1.428555247805469476e-03
2.895309767509423194e-03
3.173601470439623741e-03
2.260771890422591090e-03
2.317525749370745979e-03
3.303703639586818685e-03
2.839997251312371875e-03
1.021012799363901205e-03
1.702930744560329258e-03
1.697179583712315511e-03
3.375239972756313364e-03
3.382279808345071623e-03
2.506885809837960510e-03
1.159797229770756846e-03
1.049628722907559484e-03
7.833785027936320802e-04
-7.284814020263308525e-04
-2.170592823898614097e-03
-1.492363317979256230e-03
4.938256149069109729e-03
1.460848361923353794e-02
1.127933859236903390e-02
-1.112901933482951218e-03
1.104101352200488302e-03
5.735701482521138664e-03
5.746717682789006035e-03
-6.003401548308640902e-03
-2.013464524414645355e-03
3.417660474018255411e-04
8.382114639090547381e-03
1.392709769550959419e-03
3.942026781083462182e-03
1.055262962258730550e-02
6.637853276525091870e-03
-6.327491635023542622e-03
1.467189815944421006e-03
2.759819698262316184e-03
-6.878040851598848926e-03
-1.581447146935228976e-02
-1.123821116495245589e-02
-1.173758356940058332e-02
-2.347291165545901948e-02
-1.483023309006312879e-02
-1.613858337655720010e-02
-3.191852811672026696e-02
-2.217900485485085893e-02
-1.115195518757652968e-03
2.568029550400997233e-03
-1.332706149590828998e-03
-1.035043194024189324e-02
-2.723900444148267663e-03
1.461693905911154966e-02
-1.544352943359223428e-02
-5.522869668295398750e-03
2.108329419442053418e-02
-3.362008782940252658e-03
-1.438521678509879038e-03
-2.597101366900683001e-04
-1.817394623138147806e-03
-3.068133570701596998e-04
1.669622907807032401e-03
-2.126985623680095489e-03
-2.989700448805861482e-03
-4.777742316635473236e-04
-1.007771022437894959e-02
-6.235816413066743065e-03
-2.017829042041008325e-03
-8.531770679621275208e-03
-1.437217694419510791e-02
-9.240299824228064701e-03
-4.460266356141774115e-03
-1.979823958894620650e-02
-1.232462398870302726e-02
-5.985381390373084240e-03
-1.956602005953615199e-03
-5.574839361496993200e-04
-1.995797900379696690e-02
-2.148666588439263059e-02
-1.178397896665480706e-02
-1.693746403666445202e-02
-3.366706902288849751e-02
-1.343476323833859079e-02
1.799281937932463264e-03
1.951758486609100939e-03
2.431575955386991797e-03
2.200612153214406667e-03
-3.161830125357771495e-05
7.096172317335226222e-04
7.506379485614658818e-04
-2.543473316458497516e-03
-2.442618382205349534e-03
9.236352413660695081e-04
-5.739194019796806535e-04
7.001652458806066626e-04
9.290578639266459937e-04
1.036141771771119206e-03
1.762524693077154384e-03
5.754360729039037503e-04
1.403268285040913882e-03
8.241476335680337660e-04
-8.441609044346360389e-05
-2.990712164217568334e-03
-9.161017171908853232e-05
1.214583318795143477e-03
7.225897228555487909e-04
2.144103168653982774e-03
3.672648425876997007e-03
6.987977305943309349e-04
-1.730299396146537153e-04
5.036219868396227956e-03
3.665271211942734090e-03
2.397549628781117572e-03
5.479270440948228946e-03
4.432093166168081695e-03
1.235396751226578924e-03
4.227181560377952368e-03
2.490896426159955671e-03
4.647269214382829971e-05
-5.338731168992671625e-03
-1.841103214968807045e-03
2.447754170228525622e-03
1.431747465424484738e-04
-2.977854650292890547e-03
1.480514582092630439e-03
3.104218786427147530e-03
-1.683391217377130846e-03
-2.344151113108821401e-03
1.244117687720513316e-02
1.852810411407747673e-02
5.618659731117896065e-03
1.403787654665579823e-02
3.048341966639737596e-02
1.107418528268958903e-02
3.602717532025348328e-03
3.019921198029417927e-02
1.267480256934626348e-02
-2.939701103889488451e-03
-2.448527119124570273e-03
-4.398619905058943035e-03
-2.933954132333690783e-03
-1.761420450395318566e-03
-2.496570173186784831e-03
-4.729528685088871254e-03
-5.432529902289555748e-03
-5.301355606983007909e-03
2.313014952366957821e-03
5.939402051115836917e-04
3.079131097665515791e-04
4.927648243739272222e-04
6.514564570607508107e-04
2.050569218610847656e-04
1.677216018704930220e-03
1.883462031383996340e-03
-4.307417390448176411e-04
1.406122061571944042e-03
1.857053992445870496e-03
1.401495365807532917e-03
3.103270695418520932e-03
3.457166605236289270e-03
1.896938166959225881e-03
2.599612736938768966e-03
2.474287548303691874e-03
2.579438004416216394e-03
5.965593515722848262e-04
-3.248281671213097254e-03
-2.120321147088637809e-03
-1.706665563850957249e-03
-7.599836265311924778e-04
-4.240071976194536435e-03
-6.410567385962080700e-03
-1.495660825775288645e-03
-5.843709868494188775e-03
-1.400489491415992955e-03
3.357452502454048881e-04
2.340341119851560223e-03
-6.809093339097725163e-03
3.142319381290218879e-04
2.506339608172293999e-03
-1.090519042110879924e-02
-6.353996620350260520e-03
-6.029590715622558210e-03
-3.152858673103557836e-03
-6.627956941483998353e-03
-7.584696227084113812e-03
-1.329344984237780514e-04
-1.870678465632033441e-04
-9.279131296957654138e-03
-3.147431663431638632e-03
9.526293296255407056e-04
-5.843937664519646344e-03
-6.429626793188649228e-03
3.346444726706733703e-04
1.276685308433762878e-02
-2.287273871304174467e-03
4.433355602779490319e-04
9.740804768452567680e-03
1.251276944485201154e-03
1.888872815677815429e-03
5.302545046047133642e-03
9.003236956816500561e-04
-2.254255511576804503e-03
-5.379623131109640332e-04
-8.159089227612206872e-04
-6.076337156697203187e-04
1.937002827835430799e-03
9.492838741438792006e-05
-2.148924805649743072e-03
-1.142842488142742623e-03
-2.636576249431019526e-03
-7.149663299700386582e-03
1.563125587395851421e-03
-7.155184337326738787e-03
-8.577199252132742396e-03
-2.110580205831808550e-03
-4.725365506391430125e-03
-3.705544462863068472e-03
-3.655836436909163777e-03
-1.168585284096280291e-02
-1.230758034167175538e-02
-2.973241625304487608e-03
-1.000442296079188768e-02
-1.021892615379809029e-02
-1.177978901465072739e-02
-3.801298983433332862e-03
2.381785330489414026e-03
-6.389993832983742808e-03
-1.021841095157228997e-03
-1.827479539608049125e-04
-7.996739260471801133e-04
-1.359466880836470316e-03
-3.573722947906975015e-04
-1.694145629357703196e-04
-1.125663285182371695e-03
-4.795050273929873171e-04
-1.362643417167790083e-03
-1.474299898082166022e-03
-2.613739402193515377e-03
-3.530541999554781714e-03
1.488233705497291059e-04
-1.995695195266906398e-03
-3.160422423687167352e-03
-7.288299535006848321e-04
-9.801204305059255193e-04
-7.085506666237687294e-04
-1.401611794887211047e-03
1.028254463984862397e-03
-3.098861789685925655e-03
7.684274314586356583e-05
1.427667000197780679e-03
-1.905170994446268905e-03
-2.555687134497126173e-03
-5.112803966998265498e-04
-1.037553296444619806e-03
4.595943537522813923e-04
-2.429127400216293104e-04
-7.745431278891396409e-04
6.765772827240837655e-04
-2.998600668929780194e-04
4.765496164246973585e-04
3.530322009623654538e-03
4.425568195765902137e-03
1.911692867985093514e-03
-5.823666183737060418e-04
-2.296113681762478303e-03
-4.277488951802884201e-03
3.599257628654699661e-05
-1.029063601144446921e-03
-2.224857287232197452e-03
-1.671551386070052733e-03
-3.821446512899885802e-04
-1.049328387609773684e-03
5.501829903333911110e-04
6.248841433271474892e-03
1.351573760381784024e-03
5.293138465830786021e-04
1.301726620364980318e-03
2.947062232129572367e-03
-1.513694890684154576e-03
-4.656281335019795721e-03
-4.636331559942944054e-03
-1.129744571501406763e-03
-2.680961938341525942e-03
-8.765270063543235263e-04
6.446240054310072064e-04
1.169173981882942704e-03
2.232050484883429595e-03
-6.395515343706720908e-04
2.748948762088968076e-04
2.830111326872735648e-03
8.230823213186514733e-05
-7.263614062702936861e-04
-1.768585230881731087e-03
-6.958984070042001152e-04
-1.072747214661850124e-03
-4.079415221878871043e-04
-1.238818961995132245e-03
-4.333387683657358548e-04
3.118823747000898914e-04
