-8.513098400787151923e-03
1.415758056978614135e-03
1.561417622103115606e-03
-7.764039822075218152e-03
-1.941757683684514416e-02
7.549938733875074170e-04
-1.608614996178273776e-02
-1.049106750745150765e-02
1.055642676934876421e-02
1.848680307333581269e-02
3.822386984086611345e-02
1.272626201435647988e-02
3.037152139553779551e-02
-3.710905135516864850e-02
-2.813781430689584959e-02
1.926649720971672711e-02
6.316915118814704589e-04
2.064117367573609866e-03
1.624006079191605417e-03
-1.119241015901828234e-03
-9.360852439800467981e-04
5.909611169009971327e-03
2.243948939970644499e-02
1.575684667642404668e-02
4.621705576150560678e-03
1.451101518816484519e-02
-6.363469056783472959e-03
2.095823415659163816e-02
1.222751564633599427e-03
-9.262768022941080676e-03
1.591249222688715173e-02
-9.593073137085416507e-03
-1.009667479890267311e-02
1.107427369128630851e-02
2.650803959899626985e-02
5.589286631410559855e-03
-4.382749728775203399e-03
-1.052584454839527485e-02
-5.307019267635568194e-02
-3.189170342630594929e-02
-5.139195968437784007e-02
-2.114219474198913290e-03
-2.069383128713269890e-02
-2.548875543418057874e-02
-9.319779713253093997e-03
7.136978387831299613e-03
1.275820394594435157e-02
-2.338873569608844460e-03
4.825669683521760338e-03
8.356425029279863914e-03
-1.885045129712064834e-04
2.667531856320749014e-03
-8.342545313466038538e-04
-3.518589917053486019e-03
6.541458784686924807e-03
3.373467475190634196e-02
2.444133802999598048e-03
1.180814572953271628e-02
-2.394753620086805153e-03
-6.928262504964663969e-03
1.345373575016355940e-02
5.960101506826353222e-03
2.614340427036414630e-03
-7.437596436376806008e-02
5.357106650322510100e-02
-7.178448360225889516e-03
1.498330804774376454e-02
-4.223316820779323549e-02
3.924757268963288345e-03
-1.030825103216239519e-02
-4.198125364197298655e-03
6.130785757394297160e-03
-5.942283287745150216e-03
7.947056723219169533e-03
5.973659098927457459e-03
2.994390817667196090e-03
-1.900917385021272908e-03
7.023892982178593127e-03
-1.425175307661376289e-02
-1.285818850207369121e-02
6.671398442190977669e-03
1.016440792025001538e-03
2.523409891045120396e-03
2.749021042448535068e-03
1.242895865487349261e-02
4.210633650323757603e-03
6.025019801794114123e-03
1.102568619713671996e-02
1.718101360464964825e-02
1.031260135497108141e-02
-1.656864350576065306e-02
-1.843147712372189898e-02
1.329840781608510221e-02
-7.326181596751029854e-03
6.827383845190547994e-03
-4.849304308988481964e-03
-1.618931278517835026e-02
-2.882476265602750345e-02
-1.525828060152635036e-02
3.663692977405637839e-03
2.945867177331930320e-02
-1.539979417604799526e-02
-3.722004280644440524e-03
-2.169663215319719146e-02
-1.085525961549009717e-02
2.069038768848738621e-02
3.415294127479813306e-03
-1.512438140655726062e-03
5.399287428353705814e-03
-7.305382681617278266e-03
-3.105469560863234352e-03
1.469128487285026319e-02
-1.214764579293941237e-02
-3.068935262949326875e-03
-1.845487766861752957e-03
-4.698132882611710109e-03
7.106127229636313714e-03
2.079657733292612776e-03
-1.834112022034961945e-02
4.533936329823144186e-03
-3.222956372376085954e-02
2.147583317548534473e-02
1.320882256727836865e-02
-2.798588880453300402e-03
1.826380602196860580e-03
2.237654606565459350e-02
-4.589248907697118622e-03
-7.329816306106504142e-03
-5.933526300526902574e-03
1.022186538530813274e-03
-1.651522115103488042e-03
4.446083247193629261e-03
-1.996078348894598630e-03
-1.030488781420098960e-03
5.530447219566247963e-03
-9.382636957338813880e-03
-1.126437701362157338e-02
3.013353146856779206e-04
-8.739495029228862288e-03
1.005159701087675805e-03
1.687068196362521977e-02
-4.257230257664920518e-03
-7.752571226290188612e-03
4.213143781325820805e-03
-1.087873013180974159e-02
8.515637980870089524e-03
1.250403643073767605e-02
-1.565858964194650690e-02
-1.247420829506688984e-02
-7.962501188704434324e-03
-9.100176089272561317e-03
-2.930251768592232256e-02
-3.674355150644769558e-02
-2.419515325811339226e-02
-9.782718514016129283e-03
3.837190273026513596e-03
-3.944179966091947154e-02
-9.470390075328551094e-03
-4.286347198606231534e-03
-1.061927570207255034e-02
-2.207813293582442868e-02
-8.199868795433499146e-04
-1.861282740667499075e-02
-1.057876735912486460e-02
-1.771768656203740952e-02
2.132119805285096880e-03
1.930051735320521475e-02
6.914141818505732326e-03
-2.191657918105007971e-02
-1.140165325707840835e-02
-2.675655436580082203e-02
7.822770375698541445e-03
-9.502420957809870616e-03
-8.526568287288487048e-04
-2.909391552321431533e-04
-2.744301311156099876e-02
-2.065557048907477877e-02
5.157244597513705245e-03
4.687506589091499894e-05
-2.349477275558621570e-02
1.789052142356896413e-03
4.470663282960452532e-03
1.662051761551995230e-02
2.450382080400381312e-03
-7.709986872322829692e-03
2.588944906526510076e-02
-3.477029500661242556e-02
-3.215386106211691464e-02
1.283252814663897456e-02
-3.650225820687526181e-03
5.421180598053872482e-05
-3.777601993369255565e-03
3.051350287437186014e-03
9.399697834815928452e-03
-3.737569408450474445e-03
8.824634459503561540e-03
1.164445799341705390e-02
5.120842217253476943e-03
8.328088248762058679e-03
8.524166343219039682e-03
4.037202145824453359e-02
-7.454713379887152082e-03
-2.562174926559476415e-02
4.939178176110203475e-03
1.274241821613090672e-02
-2.460909214506914328e-02
-2.190153004865259823e-02
-1.310478890199775863e-02
-2.197888161524071300e-03
8.850264384309792370e-03
-1.583699430875271097e-02
-9.858722191403003141e-03
-9.141317122407004387e-04
-4.352668125101256252e-03
-4.198641233542009868e-03
-2.492101226612820214e-02
-2.316288329308220130e-03
-2.877804269639946955e-03
-1.365859219643102140e-02
-1.904887186029238528e-03
2.450476533713188271e-03
2.802261098093332403e-03
-4.044146853212762712e-05
9.447227146095141942e-03
1.660619158387323727e-02
1.090083036939342147e-03
-2.009322505019439653e-02
-6.338818788463801597e-03
1.809169338151038128e-02
-5.901841746203425124e-03
2.688564852296004663e-03
3.795054907449274539e-02
9.429759898633023260e-03
5.474063427547089244e-03
1.417598870033264132e-02
1.712737099808115879e-02
-5.286648943762454166e-03
-1.281426355885726710e-03
1.228322700427528918e-02
1.743797152918056398e-02
-2.228384637075554731e-02
8.688014725458402532e-03
6.573250440759573470e-04
-4.214400603398630739e-04
-1.390021883901790961e-02
5.102597659454448029e-03
5.583398833721429401e-03
-3.131873574217992895e-02
-8.456129453620923539e-03
1.231871131303594220e-02
-4.441659868044289111e-02
-2.221745249102086497e-02
4.283080106294188602e-03
7.010606031316414695e-03
1.564865734319708518e-02
-1.873062851259192294e-02
-6.877711690287851079e-03
2.670407029834805449e-02
-2.131055459783586306e-02
-1.574666827494530449e-02
1.316124037611102540e-02
-3.688054188705303191e-04
2.826269329347969039e-02
-2.734743150431726347e-02
-5.151656416108156729e-03
4.203809152833961477e-02
-1.364759150943129114e-02
-4.121512753182976496e-02
4.450631278909145810e-03
-1.671159523308101552e-02
-1.310658608759941203e-02
2.366692034982225117e-03
1.596508237274536085e-02
-1.533120876315788479e-02
1.203433443953202606e-03
1.046568616242863486e-02
-2.075755985316203589e-02
-1.204572286289366627e-02
-6.813227458075906025e-03
4.775229092673529199e-03
1.142921561580968878e-03
-1.323149416214046588e-02
2.332207571503638541e-02
1.844513878060093093e-02
-6.568243863896892042e-03
-6.226430371902359415e-03
1.726877606037300825e-02
-4.612885531793259331e-04
1.871316635717184748e-02
1.046681173591766309e-02
6.165435326629613473e-03
7.496046499698742586e-03
-3.499110765429078347e-03
2.728391155648711951e-03
9.239772844323115592e-04
-1.193850128599622910e-03
7.220727363348772646e-03
-2.696241813405942517e-02
1.136344517592769582e-02
2.098170641921149812e-02
5.051865861175349783e-03
3.832131240671021039e-02
4.144482310632172095e-02
2.175031613983031964e-02
3.498566774433512633e-02
3.536755205119808398e-02
3.434245939866029020e-03
-3.558338770562230100e-04
1.084191792999287737e-02
1.094109248163857226e-02
8.947679526001183631e-03
1.402202002413584572e-02
1.661736877741976440e-02
1.724171764230629511e-02
1.710253441129107668e-02
1.837827025804181572e-02
2.496523722422811301e-03
1.691934197085198177e-03
1.339113425709969468e-02
1.115510319456558541e-03
4.318727619665937122e-03
1.599618099202436980e-03
-7.231687148810160039e-03
3.903400067892013204e-03
4.035134489146697222e-03
1.070890574935005717e-02
-5.196960536094075850e-03
1.696899757404625106e-02
2.034416511568853947e-02
6.204867353018331776e-03
8.678617224663013469e-03
1.533012127028459716e-02
2.711691120137497187e-03
-3.345062764590580294e-03
-4.398962349548144954e-03
-5.243281801105382361e-03
2.061929635176709512e-03
9.831124844763645867e-04
-3.307042148931902618e-05
9.539795704268817095e-03
1.078216733309586995e-03
-3.656003174671926780e-03
-4.609371984746057503e-04
-5.859355733259852261e-03
-9.241399373645606610e-03
6.949436726224419818e-03
4.025261183975971206e-03
6.832593354551252593e-03
1.455396381538672131e-02
6.637135024666247947e-03
2.092781789781501464e-02
-1.684929890664032051e-02
1.717947778916629684e-02
-1.562580158789371454e-02
3.136745748998798558e-03
-3.621657032352861624e-03
-1.330565934342445474e-02
-1.543290253103615783e-02
-3.150083664868336825e-02
-1.355117235340385935e-03
5.684955749077590104e-03
1.215218143710709462e-03
-5.231107327675635355e-03
6.902824506746886753e-03
-6.048029755842669608e-03
-1.341899643221074537e-02
-8.952132067897255324e-03
-2.001828109650919882e-02
-1.984134323853119566e-02
-1.083716917767892952e-02
-1.259784333839220581e-02
4.797091676679649316e-05
-1.223904842711881664e-03
2.199730832477351259e-06
1.365853079719057603e-02
3.459739370196869990e-03
7.629640776986575806e-03
1.093104028639925625e-02
-7.700893273214946648e-03
-1.784059579008161547e-02
-1.639063077757717257e-02
-2.639944376741656593e-02
-2.221658287327597445e-02
-2.967182742033146539e-02
-7.707359407729871999e-03
-2.599667080700407071e-02
-3.165982918603470198e-02
-2.804154760091519781e-03
-1.682869182192907060e-03
-2.066748573216413767e-02
-2.958289671844767550e-03
-6.727278349680246294e-03
-5.300107648622848656e-04
4.641501992595264796e-03
1.819032493561247816e-05
7.111436231056073205e-03
-1.392867357201752095e-02
5.319082384922284301e-03
1.094224428589971390e-02
-1.723969785517300360e-02
1.340535911480983215e-02
1.694806668517097326e-02
-9.100019530266645687e-03
1.639474731399288843e-02
6.441213795611104229e-03
-2.358896816233067330e-03
-9.740243997105898707e-03
-1.062770017011344451e-02
7.223204981413118737e-04
-2.127286455356520653e-03
9.002827598667591117e-04
-1.445428093813164346e-02
-5.050471532288164887e-03
-6.691344159113257186e-04
1.757280693074272405e-03
-1.136698017883607794e-03
4.587571799010715587e-03
4.241764156546918955e-03
9.665500985845593140e-03
2.199856599891784892e-02
2.104034969972381347e-03
1.246196835351426856e-02
2.369337388756657947e-02
4.904649471203869184e-04
-1.167054348535436978e-02
1.558724617915485645e-04
2.027372785510327732e-03
2.613604925908050158e-03
6.013982451917304975e-03
2.790610548119798039e-03
6.020982253237057436e-03
-4.466907538202026236e-04
-1.265742572579853578e-02
-6.767718854419816840e-03
2.628168098183030887e-03
-6.578456132932920634e-03
-7.359889848313283002e-03
-2.092294103455472943e-04
1.468407844990967303e-03
-7.262160963347177346e-03
-3.367564441421494383e-03
7.451796074543369855e-03
2.446610796177958388e-02
1.540601499316124161e-02
-1.637464894107569513e-02
-8.801257294676624945e-03
-1.951819636936254557e-02
4.586789459174836145e-03
2.136804856828221355e-02
1.528424876127110199e-02
-9.591499773420008451e-03
-1.467458808701885623e-02
-5.608275243974580361e-03
2.958804967834120347e-03
7.396659206831094659e-03
7.389693958352299558e-03
-1.220116285323448110e-02
-3.703506489338318636e-03
3.749996334208018697e-03
-1.303564760797936047e-02
-3.531892512876446625e-03
-9.181713515113228315e-04
-1.631781885229000723e-02
-1.975776262258632787e-02
-5.938824999705650393e-03
4.036127058901924601e-03
-1.648599866720519081e-03
-1.419507947439783719e-03
8.216073550729806330e-03
2.635909344379401380e-03
-1.226792184768240972e-02
-1.530558126557611358e-02
1.241061920574777939e-02
-1.038398000956620125e-02
1.855897161676155205e-02
4.359118864449224376e-03
-5.524230082745531546e-03
5.988513084976869287e-03
-6.518077564162842036e-03
8.218064088936384917e-03
-1.037440208677966767e-03
-8.849087445182658371e-03
-5.605238892752072155e-03
-1.764458258515986394e-03
-1.400850256723343984e-02
-1.251281899710394128e-02
1.970172280274061147e-02
1.934540308449195223e-02
1.918004272795063164e-02
-1.356151450263865313e-02
4.342102066990754551e-03
-3.569460316555388667e-03
-1.006020090825026671e-02
2.842689099401327253e-03
-1.241031445568627862e-03
3.420668997869980715e-02
4.742542755850573735e-03
1.590444873325998904e-02
-5.430058894594948227e-02
9.353521193687359611e-03
-4.990438051243002715e-02
1.513527949828149220e-02
3.455530621002800284e-02
-1.915132189288632186e-04
8.418075568080243126e-03
1.394394015176538167e-02
7.895726232423495861e-03
9.864570694380814589e-03
1.347787473332068102e-02
7.698445908464946440e-03
1.011430965331603683e-02
5.887378729567424238e-03
1.116927646914071988e-02
-5.804598206764318563e-03
6.608763749536962148e-03
-1.706229441277299936e-03
-5.743007922018001504e-03
-1.863711488423859183e-03
-5.935640733209389744e-03
9.611427900246486810e-04
4.871959998187166963e-03
4.864823346381099041e-03
-6.727088535610647839e-03
-2.650433583651932989e-03
-4.205215772293209413e-03
1.174219082695297615e-02
-1.850582707115865436e-02
-1.923852946780234274e-02
-1.819692646247942497e-02
-1.623337721866387542e-02
-1.995326201691717885e-02
1.553622354504776738e-02
1.159079248298535954e-03
-6.063942887638025699e-03
-3.421313135438995567e-02
-6.797311423318581902e-03
-2.011533255937996562e-02
-7.967885695278337579e-03
-3.421731906621066862e-04
7.259280554961018012e-03
-1.387606265026246387e-03
6.545197941099290505e-03
-8.072120027776788151e-03
-9.065565982405751622e-03
1.916801773649953386e-04
-4.717656865828469444e-03
-4.334864773335108529e-03
2.361245100901931439e-03
1.519924579289754375e-04
-1.467957201412220004e-02
-2.081642419842492236e-02
-9.841987228237987495e-03
7.088863131301592797e-03
-1.636243158543943671e-02
1.149049849445282073e-02
-1.888615366132519527e-02
-1.907635635092861520e-02
-1.283590906596375480e-02
-1.398637919935419478e-02
-1.569380757197100587e-02
-1.831242673578798580e-02
-1.022559753748183455e-02
-1.212471682061214834e-02
-1.756867306130433654e-02
-4.812107532084233807e-03
-4.485787558548218722e-03
-7.082723681160180314e-03
-1.572960306821911611e-02
-2.277519109615341875e-02
-5.899185192925641107e-03
-1.941999252027619936e-04
7.209711545201633563e-03
1.679021801762264812e-03
-9.858974888617404869e-04
2.819961285790344684e-03
1.954477057472536316e-03
-4.737106779672319717e-02
-3.359036687361733470e-02
-1.863094207603537694e-02
-1.904640112313043740e-02
-3.404118343654297801e-02
-4.324362140515734809e-02
2.021452309631304595e-02
8.090268667117454446e-03
-3.082506610269693942e-02
1.441169771477877415e-03
4.843517624383441439e-02
8.939873204305991139e-02
-4.223160002291721088e-02
-2.650521239548324359e-02
2.631810500097142569e-02
-2.948092456535120198e-02
-4.240544937850327517e-02
-9.576967787915327199e-03
5.047444958976116287e-03
1.631676672125368169e-02
3.574410945638810400e-02
2.643310134729906329e-03
-8.095015123295690174e-03
1.620987674225803782e-02
2.826112939060299381e-02
1.843969501895790760e-03
1.459246188200085878e-02
2.728931657865983976e-02
-6.405408501214652703e-03
-6.090951043657263919e-02
1.591506296675740048e-02
5.990568807762841619e-02
-1.685888441200134730e-02
-5.042858076957959512e-02
4.312989341602466165e-02
3.348411107321917074e-02
1.600362744920961339e-02
1.881170150750819878e-02
3.245558663429477103e-03
1.959088668851153084e-02
2.142445761747909655e-02
1.116776691368424196e-02
1.152329278888375094e-02
1.999575907107161571e-02
3.139020982998859573e-03
2.112361399774890808e-03
3.310400336489043027e-02
2.200242904821966133e-02
-2.135252570415848913e-02
1.001776432900088401e-02
2.779219138015668125e-02
-3.187213614755460278e-02
-2.777684961155350851e-02
-4.523336704983852742e-03
4.961106072777181700e-03
-4.775432580782509873e-02
-2.792331810029149292e-02
4.321815542823022327e-02
-2.135442926946162084e-02
-5.446782280153965317e-02
6.611753950563409310e-02
4.335009340280465695e-02
-1.686074576736536212e-02
5.169227634003148789e-03
7.332812339163282712e-03
-1.915736796453840901e-02
-1.628996032138188901e-02
1.398483436574271543e-02
1.194004901947364090e-02
-5.039446278464407292e-03
-1.875702542910313506e-02
3.695720251641299806e-03
-8.448823774630612529e-03
-1.220530863101700579e-02
-1.097014615580001705e-02
-3.614006133454657817e-03
-1.347814625657534592e-02
-8.502410424802155434e-03
2.468819908726757606e-03
-2.037964837814099962e-03
-1.365264214488740024e-02
3.488747624367898731e-02
-2.226081770528325066e-02
-4.015790601590615155e-02
4.354319872671401359e-02
1.025744924728612048e-02
-1.334913085700498159e-02
2.563811935395865493e-02
2.322641433155831284e-02
2.109679112570575499e-02
-3.048040650714128538e-03
-1.646396513308518578e-02
1.021120486159747369e-02
1.463352206355730128e-02
-2.256045473846110191e-02
-1.021868116837483693e-02
1.137235251742500786e-02
-1.833999411325148640e-03
-1.815142687255262566e-02
-1.194058642406435784e-02
-2.464268030072746737e-02
-2.515452934708499108e-02
2.799424109311612289e-03
1.292818163519464944e-03
-1.832133114309725599e-02
-8.334953713019918262e-03
4.279553922267796380e-04
-1.424384278825383855e-02
-2.697991154786375315e-02
-1.018597196589512976e-02
1.894323385486282318e-02
-1.843370429613534409e-02
-1.674254764272905052e-02
-2.437219386330849447e-02
7.343162833941337293e-03
1.817202944088484179e-02
-2.720194406370787452e-02
-1.074342401276885857e-02
-1.045628873994906317e-02
-4.929799681591173592e-03
4.849477255982559409e-03
-6.626680414546093009e-03
-4.941255253165541782e-03
1.779685205934718531e-02
1.442249378179219846e-02
1.393859389219476858e-03
-2.052951631124401433e-02
-1.596914007583127848e-02
2.461703333581748837e-02
-5.203620498298291465e-03
-1.207477429134483360e-02
5.934706115313223042e-03
1.667723342425351044e-02
1.042049532928378611e-02
1.061456839326071350e-02
6.576454705039020895e-03
5.723922445292859568e-02
3.773508021881440133e-02
-4.854726936995933106e-02
-4.933074555160271452e-04
4.742078080989659689e-02
-3.847778571731304276e-02
-5.182265769441212616e-02
-2.275107276449465227e-02
1.497760722583464090e-03
8.048842996420212462e-03
7.934719317155282739e-03
1.158712025238747617e-03
1.464418503097498353e-02
1.646631655683500686e-02
-1.069899096797512737e-02
-4.284600619764371288e-03
-3.569523711130432545e-03
3.048799357561464418e-02
3.356318235432999980e-02
2.699380988083249777e-02
3.760325018303548039e-02
4.568596959488715331e-02
3.575840236357089030e-02
2.654927092166147959e-02
2.993146795670470137e-02
2.686955156622032256e-02
1.450172562794098223e-02
1.496125837816469385e-02
4.195573777200919258e-03
-8.971059451416393826e-03
-5.576706747556940680e-03
-1.947836130024544268e-02
-8.642900241765552258e-03
-2.289145141016838152e-04
-1.784032227828540040e-02
3.754515342716262423e-03
-2.143147691756008139e-03
1.084388937862258359e-02
-1.502648874803167497e-03
-8.968828605771105023e-03
-1.723045792502419030e-03
1.969828453748869584e-02
1.385905608006752186e-02
3.812721955301651838e-02
-1.328663895688314903e-02
-5.134569076956451046e-03
-9.303921047000505637e-03
4.349790913148240262e-03
-6.191669772446206079e-04
-1.375899028810258565e-02
-2.074301102945724437e-02
-7.869688150983773778e-03
-2.909550788056876162e-03
-7.209501879573645793e-03
-1.167779046650257828e-02
-1.031640577256057005e-02
-6.630370059515686663e-03
-8.584190551445085998e-03
-8.871137699046644648e-03
-7.499638172254931116e-03
-7.906279866018155189e-03
-1.611461712823560738e-02
-4.135239574850262632e-03
-6.365192221797129910e-04
2.331591558746002203e-03
-6.496662417417507947e-03
-1.639885321962657487e-03
-5.093708744982491238e-03
-1.357189534838537312e-02
-4.030030319893789827e-03
-1.011507330860141052e-02
-1.613582466012297018e-02
-1.182029843280435130e-02
-2.061865511682149307e-02
-2.651477332074176491e-02
-2.197088987818075073e-02
-4.144933840371296807e-02
-1.057564828313008014e-02
-1.009637409306888937e-02
-2.022798555178695790e-04
-6.334846073039894325e-03
4.732120326302928178e-04
7.820147252767521706e-03
-5.693331435112146226e-03
-5.054117423059106308e-04
8.612412175109293230e-03
-1.059220434979212672e-02
-1.000627980159052126e-02
-2.626305528774873933e-03
-1.440717341707633062e-02
-1.172119966280253146e-02
-9.460549844255160962e-03
-2.456041533245061081e-02
-2.052491150793965199e-02
-1.749375735440483401e-02
-2.201450110710439709e-02
-1.974882805501482902e-02
-1.577244647285638152e-02
9.217701915695153403e-03
-4.180162483491796366e-03
-6.739627039266579342e-03
-8.899606853930078568e-03
-2.501653757396140113e-03
1.480440373814049561e-02
-5.061557740021056968e-03
-1.185802784847110776e-02
-1.160049872542669169e-02
-7.762998659336318302e-03
1.354559904611872144e-03
-7.086366885208732029e-03
5.021144850193853641e-03
1.175658719739137298e-02
-7.217776494616402923e-03
-1.178622729281376437e-02
3.895407755260541643e-03
-5.821819233156855580e-03
2.015188196056336145e-02
2.098610931816469877e-02
4.206496033313341341e-03
1.971564001211683834e-02
2.194379251773987544e-02
1.169683198234969072e-02
2.592774242586221717e-02
2.039919865273449526e-02
1.778230331793858449e-02
5.908884213999912940e-03
3.277061332220460618e-04
7.833512759885733270e-03
4.970673234593305650e-02
4.061393939834061217e-02
3.814664250268525597e-02
7.541355197991437068e-03
8.162905382240381522e-03
2.581338536001915891e-03
-2.225336543324296645e-03
-1.076191411113488691e-02
-1.374773681164443567e-02
7.067567478468426631e-03
2.268058781554886010e-04
1.009898613679178830e-03
6.094598872489906394e-03
1.273547651438980324e-03
5.911685560169516532e-03
-3.280572975117238520e-03
-6.918546376428724373e-03
-5.246090142259214953e-03
-1.104103573604857348e-03
-6.179609344213373053e-03
-2.096651427536259157e-03
3.540546881503562303e-03
5.476122318751716796e-03
4.499444044901036895e-03
-1.169679051198563476e-02
-4.463512422603877448e-03
-1.681121935405656626e-03
-2.120608969991840190e-02
-5.727656351316250637e-03
-5.633350758525774819e-03
4.766541969732297074e-03
-1.059139670273655243e-02
-1.589605873564223573e-02
-5.493552388459378884e-03
9.119663693218069828e-03
1.745925635875944168e-02
-5.894101416963916373e-02
1.178862381790917076e-02
2.582381889273030820e-02
-1.415098073065029771e-02
-1.229365880541347621e-02
-7.534395135440976081e-04
4.043235101554268525e-03
-4.616812522482766014e-04
-3.591107583148326135e-03
1.315331074603650480e-02
4.187799000650405806e-03
-1.110599720777906202e-03
9.923264761454487354e-03
1.808213312448602242e-02
9.308751046141393532e-04
6.655754335213196014e-04
4.584920395411060806e-03
-8.088848148115895462e-03
7.328517461753052131e-03
2.398662865281747051e-03
-5.926876116349103288e-03
1.688655548576003737e-02
-1.137570166776420699e-02
-1.444116990488482008e-02
-4.802185721940506989e-03
1.880513274906003883e-03
-9.094141268252104587e-03
1.044567286866950745e-02
4.373619450405435982e-02
-3.106753704824589957e-02
-8.993985395778197889e-03
-1.248828377247026764e-02
-6.125929487885039236e-03
-7.665444774005085275e-03
-6.525607149431063986e-03
3.356087913863813835e-04
-9.016369598426488691e-03
2.866347151504106995e-03
3.189211381805966898e-04
-8.673297052631175411e-03
-3.086039582017551398e-03
3.988871056797520091e-04
5.700174073619760154e-03
-5.501471441743148970e-03
1.333915216064922131e-02
-1.231711052897609474e-02
1.327359721944520489e-02
1.531407428629418498e-02
1.821232248095889855e-04
1.354589818910346098e-02
-9.433981129382472755e-03
4.015218460962175634e-03
-4.426797655338391563e-02
-8.137907119976722781e-03
-5.727049334344875425e-02
3.958988664359109483e-02
-9.637390492297156510e-05
-3.709247327422649041e-03
7.888239762480601242e-03
-2.228043021737857385e-02
2.331671469863214313e-03
-4.223451789435204301e-03
-7.955127899950647629e-04
2.401065389777424283e-03
6.571938521014402020e-03
1.181456963661023200e-02
1.059396188561082496e-02
1.526324414542200129e-02
1.083920011570167416e-02
-5.271560691398741866e-03
5.198922038050801143e-03
1.932123332581625001e-03
-1.245312787491015261e-02
-3.415023743448244477e-03
4.903035603496415200e-03
-7.225988825242367092e-04
-1.173403446117614801e-03
-1.828981654715171540e-04
-4.449544043976351795e-03
-1.664232453273958509e-02
-3.497314183518889646e-02
-3.784487430438903278e-03
-4.107240450604879994e-02
8.356163337251025286e-04
-2.600756261669760067e-02
-1.933296159735131692e-02
3.267384637095178176e-03
1.128107967430544466e-03
6.710539484438971317e-03
8.347821372182909552e-03
-5.600499790434180017e-03
1.977077891355930733e-02
-6.662711294309504699e-03
-1.468218202932442418e-03
-5.301076319315345051e-03
-8.953323210883455674e-03
-7.285638182914230300e-03
9.405042396515283024e-03
1.269563705887125776e-02
-5.421759197217062946e-03
5.239243845227374401e-03
4.388290513228487906e-03
-1.494251194475660282e-04
-3.482042971522670552e-04
-7.195499777295643815e-03
-7.530880027635716845e-03
-1.255520624893135054e-02
-1.998201551813962376e-02
2.543888121296478469e-02
-1.796173218777386699e-02
-2.520208676003827739e-02
6.219758792845453930e-03
1.432572462677382855e-04
-8.360729820620442163e-03
9.464138595212239283e-03
7.386081659499028809e-04
1.323146869938936036e-02
9.446131107825005840e-03
6.491348162219284963e-03
1.789013960853181803e-02
1.815279794853164735e-02
1.083311428258850254e-02
1.248977372321818761e-02
1.803056680384108738e-04
-1.206206460109446451e-03
1.885124218232236276e-03
-4.787762622779045442e-03
-6.891232701125343287e-03
1.183202830257932018e-03
-1.619705143840759545e-02
-1.934104270657524202e-02
-9.256539393440352606e-03
2.742040986085962986e-02
1.075578578395778619e-02
-3.717474700730468568e-02
5.837791114974104183e-03
2.660043693824162489e-02
5.347644473023017812e-03
-3.037944419018119568e-02
-5.638658122398100721e-03
1.640426602013654936e-02
7.875483341628108577e-03
-1.697407482063813255e-02
-3.341132992278015440e-02
3.538584261059819769e-02
-9.795626733669899125e-03
-3.795036040544653988e-02
5.521246999218557688e-02
1.827820291018878579e-02
-8.644826964333860581e-03
2.672656622280649027e-04
-2.087052012142542878e-02
-2.016236497688655982e-02
1.615364354504272501e-02
1.043783290079996345e-02
-4.017156359864647655e-03
1.692837517893658675e-02
2.966161204271460308e-02
1.349110809644502723e-02
-4.321122283331052527e-02
2.578347311319719587e-02
4.522584037895354542e-02
-7.970130970526614900e-02
-3.208189458269363609e-02
5.045429745685502121e-02
-5.020510553634535689e-02
-8.622679471789709837e-02
-3.175498202929468577e-02
1.149448347440798317e-02
-3.432684580414848211e-03
-5.798621872733482167e-03
4.142807970743653083e-03
7.341282401286717586e-03
1.015810871135156522e-02
8.672582395279489556e-03
7.958104857204866683e-03
1.219324628815979944e-02
-2.516954198074677906e-02
-4.017851288751005806e-02
-9.872329124115232848e-03
-5.603868309255863669e-03
-2.964571973230548455e-02
-2.764843121783929630e-02
-3.352608876487434475e-04
-1.411390907839615676e-02
-2.279868469057166544e-02
5.614876591212557841e-04
1.831380357646816490e-02
1.971423635397731230e-02
-3.086551210725180586e-02
-7.690924123878263357e-04
1.575507788337007081e-02
-3.858846996576382332e-02
-2.408522394707847750e-02
7.419112997782692683e-03
8.803932998537098917e-03
6.798131039979529028e-03
7.993714978299027579e-03
-5.439079109211806574e-03
4.733432573681513843e-03
1.619717474552833172e-02
-4.197469954699195593e-02
-1.814157590366536482e-02
-4.037797042688037546e-04
-5.868627376761977911e-03
-1.164951078373074531e-02
-2.084906385805750453e-02
2.263035938979974376e-02
1.152741706076148946e-02
-9.579336746438175954e-03
-1.635437666225058456e-02
-7.471477256207149703e-04
6.687702914133657021e-03
-3.312452839338973342e-03
4.474138594657915691e-02
6.344530545785863340e-02
-4.903973384203822589e-02
1.706162640550450355e-03
5.829388662186664460e-02
-4.837469655814750219e-02
-4.559898492123407032e-02
3.555222063060426915e-03
2.361220367440480111e-02
1.109328690775296389e-02
-7.083248790181235653e-04
5.436171137048481997e-03
1.443522479252402207e-02
6.656158774473963820e-03
-1.435196404925232969e-02
6.910765426300461214e-03
1.462113933741868849e-02
7.011542652728980189e-03
7.147915406950589023e-03
2.015473411920097949e-02
-3.500396058622389596e-05
-3.475175956814064663e-03
-4.162978173761992112e-03
2.161900745042290642e-02
-2.012700479176572198e-03
-6.856567344887511822e-03
1.345610000040503313e-03
-3.539764879670657428e-03
-3.886767270162313354e-02
1.281549786315640781e-02
1.583507383799020660e-02
9.951076632105453589e-04
3.461104725947429669e-04
-4.534837477850734572e-03
-1.085342853374715762e-02
-2.188167042660009790e-02
-2.527232321682983812e-02
-1.255639811891471128e-02
2.459167315618436501e-04
-1.280602249443084720e-02
-2.957046351744264598e-02
1.965698745048207602e-02
1.332425528030542483e-02
6.187030185779676845e-04
1.725252733749856743e-02
1.582035926863960273e-02
7.254632106916256672e-03
2.818512144648079726e-02
2.316805552851810071e-02
9.667391491882428023e-03
3.713858850695325037e-02
3.399201998185724660e-02
2.997153059424306418e-02
-5.214078154475570992e-02
-4.473218394532442466e-02
-2.466162645319212171e-02
-9.144663558198130870e-03
-3.019133859473090153e-02
-4.357561345034111772e-02
1.244000606033692988e-02
-2.032624857010621386e-02
-6.846529414682518688e-02
-2.758130915857007551e-02
-1.135094636877170653e-02
5.399394510614915869e-03
-2.896183676603005311e-02
-7.737137017349144524e-03
1.098462280052932803e-02
1.259042575378861023e-03
4.885822190231143072e-03
1.108017497190750232e-02
-2.276138146501056544e-02
-3.193146642691865877e-02
-4.321067924315513675e-02
1.086511033197297936e-02
5.859275108747690614e-02
-6.661129847722589183e-04
1.647010970418096368e-02
3.587806524911610340e-02
-2.239699157961739552e-03
9.867721376267165733e-04
-2.405446475111862065e-03
2.482685508663194131e-03
-1.474762623173717438e-02
-1.769331128357376146e-02
-1.046660669711067977e-02
1.848813321349754291e-02
2.564891370610252602e-02
4.048250278253565093e-02
-7.699367934484641074e-03
-1.413725299747951164e-02
-1.455453451068949682e-02
-2.501340874066896019e-03
1.502251713645118454e-02
-1.419236748721332438e-02
-9.766938913013726437e-03
-2.429136677746862247e-03
-8.801247411881825411e-03
-1.041295492297475075e-02
-1.211216384726016221e-03
-1.023335903375649156e-02
1.486160532029016761e-02
-8.429689993632475536e-03
-3.594080966709468222e-02
4.243285547879276955e-03
-4.868025224101629397e-03
-2.500390367701487912e-02
-1.420600904070944831e-02
-4.019339002539084639e-03
2.126576285283931708e-03
-9.097910686241043876e-03
4.237207126791793857e-03
1.995567654917207445e-03
1.710044082264678767e-03
6.882928251911624336e-03
-7.153333969876357612e-04
-3.740756050979822823e-03
-3.612475052032633471e-02
-2.265022543050014200e-02
1.040901024877834147e-02
1.605080814256125421e-02
-4.031576711343741980e-03
2.046780491501605168e-02
4.146786590000660355e-02
1.775735199362631425e-02
4.477256320636178837e-03
-3.726665687688904272e-02
-1.115876924930585441e-02
-1.664133023656194990e-02
4.010414076086418061e-02
-1.740211863671325618e-02
-2.754110388761945444e-02
-4.352181521823045990e-02
-1.043237180943026865e-02
2.506465392390523541e-03
1.173407628692986482e-02
1.881803671599195508e-04
-9.796805547091396935e-03
-9.556383881550645958e-04
-1.497677314829964608e-03
-2.462598156980893432e-02
-2.111164722997093887e-02
-2.019954927900158986e-02
-1.311304963776714974e-02
-4.300203363455237099e-03
-3.402857911740730674e-03
9.480123415085226629e-04
8.783516594655401202e-03
4.068724091559167491e-03
5.572718384034208022e-03
1.270603495186294930e-02
1.007181694308364843e-02
-1.326129499025287609e-02
-1.291670869553841750e-02
-1.443796041198966255e-02
-3.148356395570922617e-02
-3.686359818650940950e-02
-1.869171657108155069e-02
1.490616687658233991e-02
-7.226420259393079824e-03
3.704800159686289971e-04
8.946093131255270989e-03
3.279110942987152784e-03
-1.141937085881990221e-02
1.225289960104610464e-02
3.972502667953656252e-02
-6.599576433466124332e-03
-6.200273351102682587e-03
2.452039562875174550e-02
1.268403049499052491e-02
-3.265642282345312085e-03
-7.854450398777629641e-03
-2.036004851361791074e-02
8.983343535556924733e-03
1.395762071827788900e-02
-8.263481089760067039e-03
6.198385762232395089e-03
8.927839753867771941e-03
-9.269101297969043612e-03
-2.162716552493163490e-03
1.290885492846266048e-03
1.008815022321572471e-03
-2.353338121470246579e-03
-2.022372516661452568e-02
5.944142048878047521e-05
-6.416491310909882770e-03
-2.876989658578920500e-02
-1.576955400448998290e-02
4.749545907606234942e-03
3.577995785397290220e-03
1.695470621727976314e-03
2.175865304747939908e-03
-4.898726078331209956e-04
-4.775501184538928114e-03
3.136344951596144442e-03
2.899555976794451588e-04
2.482565098251581729e-03
-6.154743336053310893e-03
-8.463167807925703074e-04
-1.789803000863865587e-03
-9.950122854591451904e-03
-2.525559459260308739e-02
-1.667159376405815199e-02
-2.455109745338088234e-02
-2.879836972610400753e-02
-1.717755038872398332e-02
-2.567162000581482695e-02
-1.898854955558440527e-02
-1.256168952853487820e-02
-2.054667380843947996e-02
-1.864610140287319834e-02
-1.495416650652365946e-02
-1.180353058611786736e-02
-1.542092294288287778e-02
-1.195048947876531376e-02
2.852909275379877929e-02
5.227201916549228250e-02
1.667086801289426393e-02
-2.036582136073601668e-02
2.519967120428745141e-02
3.475005230769796782e-02
-3.331771238804436680e-02
-3.046940965611515117e-02
3.452717231735582225e-03
6.882911175386481617e-03
-2.669165551589339561e-03
-8.400339153087557978e-03
1.520188440642592995e-02
-3.532701685481188809e-03
-7.017440345542217024e-03
2.792066466223046620e-02
1.372026707298304449e-02
7.265216594800851489e-03
7.700622111149129680e-03
-4.244366813079511989e-03
-4.465765952050833147e-03
-1.710071797207069312e-03
4.467241419565829395e-03
8.864116280041495211e-03
-2.413664487790656652e-03
4.692602203365877668e-03
1.047245953941657905e-02
2.130514996182125351e-02
1.053914761539243537e-03
-2.943538485147132594e-02
2.365618521888884773e-02
4.226639085437799287e-02
4.117558383194552807e-03
1.684962803230722478e-02
3.083580287137741710e-02
1.897699609200544785e-02
6.790964376038527602e-03
7.189512597454517616e-03
-1.021019155088566041e-02
-8.299129357039690923e-04
5.756465210043728610e-03
-7.202290960988236334e-04
-1.440732041296584331e-02
-2.587754667069620297e-03
1.533912907705157255e-03
-3.105849369921763730e-04
1.378147045497046287e-02
1.764807625947987027e-02
1.226613621514643449e-03
1.098950759159462477e-02
9.078436667171643076e-03
-1.021146476003321514e-02
-7.920608933779174632e-03
3.904155725217963238e-03
1.280408381359458315e-02
-3.890149260517917866e-03
-4.425805373519697827e-02
-1.549178612629539646e-02
3.616477392294172727e-02
2.840329241453944890e-03
-1.294295382664058941e-02
-4.144588104113497602e-03
-9.034140047567591758e-03
-1.279716337621655646e-03
-2.563483080938323399e-03
-6.028478705164080215e-03
3.656104899312308081e-03
1.626244288970481221e-03
1.233916167146554676e-03
-3.215007628790797836e-03
3.613555268168320731e-04
9.921743472088663529e-03
-1.287608779240331097e-02
-3.271227888439109856e-03
5.300072114107145897e-03
-1.400320033730091500e-02
-9.174142707471263578e-03
-2.271384893402303949e-03
1.985961814030281179e-04
-3.228172756886138906e-03
-4.763314056776857784e-03
-9.522964181401093881e-03
5.543105913932964458e-03
1.768202743634415819e-02
-3.174404043262742808e-03
-1.367218472967705531e-02
-1.705054189088765597e-03
7.667126524895239055e-03
-4.231148282954781681e-03
-1.339922687714326099e-02
3.974322499604173754e-03
1.094143412437526518e-02
-3.642554025222661737e-03
4.783742151888322781e-03
1.495190834277955634e-02
-3.000905942614796331e-04
-7.902949450147770880e-03
2.845849439788894659e-03
-4.637269552380432480e-03
-1.923463105433543228e-03
1.075993634152101579e-02
1.784565882089182709e-02
-1.415298066141934888e-02
-4.154752532889880064e-03
5.024834125877099267e-03
-4.559285273828231518e-03
-2.477220323753907827e-03
6.712099618794686298e-04
-8.067816065832992059e-03
-6.339995151070531264e-03
-5.649033277269161976e-03
1.465412567655114719e-02
-2.375807541790516710e-03
-1.088213531776297156e-02
1.887532124722208354e-02
7.010630932001856233e-03
2.070186418011289546e-03
-8.655804276010875195e-03
-3.713965197852288434e-03
7.871290340768314145e-03
-1.377514369682924069e-03
-3.557229659557399224e-04
9.734153201576337816e-03
1.676227497156365306e-02
7.034502948725246570e-03
8.613527620908124557e-03
-4.089405764562271950e-03
5.880155950877769509e-03
-1.980545946090621866e-03
-7.886256004862724281e-03
-3.014053609556113962e-03
1.606132240746843600e-03
-5.341348099574726171e-03
-8.834809042599403930e-03
-3.072708536113785802e-04
-1.200939707588929116e-02
-1.725267125388163861e-02
-1.585093472567527736e-02
-3.935474890335668476e-03
-1.520530536850341497e-03
-7.317643435118081734e-03
3.089546434610551738e-04
-7.394596087479177356e-03
-6.526735069412521392e-03
4.989728921904679681e-04
-2.014726360733396816e-03
8.809028959608227946e-03
-8.777476606715763768e-03
1.935876497505522112e-02
7.787705410934879675e-03
-2.673292148913393798e-02
-2.425278378743376054e-02
-2.055521401722537611e-02
1.419459723176079435e-02
7.172376302431357140e-03
7.379712637947554235e-03
8.864099211787388258e-03
2.372129355002112940e-03
1.162684998893010824e-03
3.368087689804420692e-03
8.266417257382668859e-03
6.846129769947434862e-04
1.120277891440453304e-02
9.804411404458075394e-03
4.053870349100268874e-03
1.654442587316520830e-02
1.651898585918338061e-02
1.344484133458796749e-02
-6.435492050862657958e-03
-2.925549495984571934e-03
1.825792713610357618e-04
9.736368827852691366e-03
-7.160321608748095208e-03
-8.299969183852760196e-03
5.569997339618211300e-03
2.967184265705562901e-03
-2.172260977465934051e-02
-4.001243862625812608e-03
-8.744742341172326294e-03
-3.294644438849534188e-03
8.949884658273148628e-04
1.881214809912519405e-03
4.446609748785337358e-03
-2.608126008795709494e-04
-6.397005975852505886e-04
-2.583113170802011152e-03
2.214956419847906137e-03
1.526021875315166504e-03
-1.471270675741248981e-03
-5.637639682455465248e-03
-7.520117054427503944e-03
-6.009963792188367099e-03
-8.229060274092175886e-03
1.359165516340432589e-02
4.723946048640077777e-03
-1.683124087141877820e-02
-1.080421698192525308e-03
-8.457907313505205272e-04
-9.392833543696521570e-03
-4.841759059148664779e-02
-2.245736133681344379e-02
1.937541065847646002e-03
1.557589649083551339e-02
-1.165308798892793381e-02
-8.953302066178179044e-03
8.539418164086518687e-03
-1.883877233002680812e-02
8.556352235612605522e-03
4.134115978850351307e-03
3.175703577381418490e-03
4.675537437606913822e-03
1.171400222132643228e-02
8.867477269871106710e-03
9.800425019407031299e-03
1.477896512094878552e-02
1.121477706487608757e-02
-6.120570822356127295e-03
2.507128665846376260e-03
1.050555325617024988e-03
-8.547076135618104226e-03
2.445487879765163158e-03
4.464087273249020028e-03
-7.401964607397229327e-03
-5.058307861389763939e-03
5.586750260165101404e-04
-1.062813149458956621e-02
-8.817460633707524878e-03
-2.042392918771190891e-02
-1.617697210145131737e-02
-1.548191600093267936e-02
-3.824312885886235747e-03
-9.082523688844412399e-03
1.358065777460454619e-03
2.594899151291080262e-03
1.046972967515083855e-02
1.698336160856898577e-02
9.696623735811966613e-03
-8.667541714036379463e-03
1.681612486798822470e-02
-9.789622252696446227e-04
-1.123026706886056346e-02
-2.395369324019352205e-03
-4.753692386535428131e-03
2.068349886599232974e-03
1.597685521738594766e-02
1.951284256818424170e-02
4.627063420789675509e-03
1.459867558378469959e-02
1.014932854089783607e-02
-6.940584584723396080e-03
-1.069409810224351311e-02
-1.239158664667915424e-02
7.706759106213396243e-03
1.724046306044496732e-03
-2.835246441860039476e-03
9.856630389855059599e-03
-8.152907557513000211e-03
-9.613248731758805912e-03
1.984022067390808775e-02
1.854800090221679632e-02
1.481880238374213427e-02
-7.810360272924394588e-03
-4.412481223356994574e-03
-3.654381923305657139e-03
-7.684492779396485083e-03
-4.479925930830446195e-04
7.081829882069603978e-04
3.873371832479750084e-03
6.562647985161400820e-03
4.745361214006781937e-03
-7.303887659294541063e-03
-1.724338948184082204e-03
-7.009856045613302271e-03
9.534514170597437445e-04
3.788938814537319371e-04
-6.520917676910284975e-03
1.078567027673111613e-02
-8.449876050425486965e-03
-1.461480085695649953e-02
-5.726913505615756871e-03
1.046091697632778837e-02
2.148064624931425495e-03
-2.916673445862747946e-02
9.280155315165808383e-03
1.301665579977881460e-02
-3.631656757222134768e-02
-1.850247352463489300e-02
-8.210826964124572774e-03
9.370859793873606222e-03
-1.259151961458008194e-02
-1.660440936987808702e-02
2.642494481996109697e-03
4.397304787845188190e-02
2.212111510878128975e-02
-2.962767144273591863e-02
-2.185764921425174812e-02
1.301776784280886043e-02
3.672496294908294406e-02
2.208362276239341643e-02
8.678807663718611509e-03
-1.080175797096310022e-03
3.064104151680187293e-03
4.604132758856478345e-04
9.595103173845492481e-03
7.972192427641864101e-03
8.391514355050517723e-03
-1.191010408867425492e-02
7.240285878547744487e-04
3.753494171147025299e-02
-9.387186060515769967e-03
-2.481948655081906568e-02
1.331652509245161674e-03
1.641977723433980102e-02
2.261476323646987793e-03
1.582598313032234499e-02
-2.773230569047296576e-02
-6.106600899731542097e-03
-7.509244256461810110e-03
1.757558391242700340e-03
4.937442330478348899e-03
-3.260393331651234572e-02
1.465209653449009962e-02
2.664516233246085747e-02
1.026924151345155745e-02
9.073608945277832072e-03
-2.432996346232832105e-03
-5.619951656474462230e-03
-2.648528237284789293e-03
1.080066320050367644e-02
2.149424985423416517e-03
-2.666135391186692100e-02
2.202849143399597965e-03
6.071435304458370867e-03
-9.875341898893660181e-03
1.439874402117150779e-04
1.504195514381734614e-02
-1.677048222531806127e-03
-2.131785324155451803e-03
2.458098534305566511e-03
2.084573954573572252e-02
-5.061155662017276409e-03
-8.214357943337252319e-03
1.555964203204234647e-02
-6.213160627902809124e-02
-5.107691266532729535e-02
3.041352876913641645e-02
4.442240835876586080e-02
-5.931180478402878209e-02
-2.765095576431162924e-02
3.068845375279493845e-02
2.624374002821174695e-02
5.407944049088145663e-05
-4.144783104580981870e-03
-9.428447514702335830e-03
5.872389499845304464e-03
5.733353845572490559e-03
1.678475189161303827e-04
6.047846601127314543e-03
5.277311791534529568e-03
5.061931763252380985e-03
-5.469552979617146003e-03
7.165979279724358532e-03
1.285596849304455891e-02
-2.243310916381048570e-02
-1.894238765548212147e-02
-3.811184945178014861e-03
-1.279261503288255976e-02
-1.274426153882741303e-02
1.931501328524636929e-03
7.631046348950144657e-03
3.687884020521958739e-02
5.318612254560367916e-03
-3.026573184600699074e-02
-1.006373266224397205e-02
1.872686284812485544e-02
-3.372535205315209568e-03
-2.200458153848085241e-02
-1.525907504396063936e-02
-1.930971701050118033e-02
-8.790371585525086698e-03
-4.845577096209869282e-03
8.225831588003279168e-03
4.096896358080331056e-03
-3.262237421157603706e-02
1.892351591652196435e-02
1.758081420207093654e-02
-1.084339864540807830e-02
-3.457431636595401027e-04
2.504098300984029107e-02
2.614112349206220570e-02
-4.134756086223152077e-02
-2.323087971209569086e-02
1.377331277813381022e-02
-1.917775651167397816e-02
-3.704180399794729239e-02
-2.251046990245303761e-02
-2.989381264497386823e-02
-1.216196048685870557e-02
4.001077451803457079e-03
-1.756768025581293205e-02
-3.145325406894063786e-02
-2.375770786573102797e-02
2.107582765308856423e-02
-7.009279025696780845e-03
-2.703379711223357490e-02
1.614198286914563657e-02
1.448495142115465914e-02
2.442004768108427606e-02
5.674172778622176829e-04
-6.655763845700182063e-03
4.512085289264226168e-03
3.652288163573812110e-03
5.572241711230421259e-03
1.260777814945654267e-02
2.607517720556836935e-02
3.577682885130315069e-04
-3.562469631887333482e-02
1.685030867193561266e-02
1.161841791892673920e-02
-9.826946873039485789e-03
-1.496569460970137606e-02
-6.949935130805419414e-03
1.476752000249876087e-03
4.662440004710349632e-03
5.584318350324507692e-03
1.574415208830494059e-02
3.228707253946830943e-03
-2.078279239066913031e-02
2.087167245948414428e-03
8.679790107293610356e-04
-1.684794127334126451e-02
9.713986224232537894e-03
1.215889397445910937e-02
1.978699300493825392e-02
9.643838783788312094e-03
9.945761405859286294e-03
-1.892370311402741256e-02
-2.511989382669026216e-02
-2.536322460980812779e-02
-4.419269892880213317e-03
-1.998234479529500951e-03
-3.589672948276474013e-02
-8.722756703803714873e-03
2.086869109657241150e-02
-5.845918603055956161e-03
2.354802905296468976e-02
2.466023857379225429e-02
1.238417703690212687e-02
8.805250693261800973e-03
-1.401392763061235815e-02
3.541535379239413306e-02
1.882482903326802154e-02
-4.411035529672764632e-03
1.265690728142469627e-02
-2.323613014597206150e-02
-2.019865637269499872e-02
-1.148934432638517439e-02
-1.542543391798204509e-02
-1.306029696421450760e-02
-1.176786099343253436e-03
-4.321559671739661629e-02
-3.048781357604871470e-02
-2.898061053500978340e-02
-2.821456786763704150e-02
2.771513801040150285e-02
-8.802685754229200993e-03
2.598510629379229345e-02
3.386894502329217821e-02
-1.212513608278695774e-02
-1.392398103964870466e-02
-1.588733163925393384e-03
-1.022816818746482420e-02
-7.295706718295527984e-03
-8.175161720068524571e-04
-1.273887058828449513e-02
6.238015527755139469e-03
6.002612430351693569e-03
5.489720510909049805e-02
4.382554650354376913e-02
2.926326952380217585e-03
2.356464410789439398e-02
-1.537957491598330659e-02
-2.108111239825946961e-02
-2.617209254097348572e-02
-3.283702118835624822e-02
-5.909863841715269107e-03
1.783959898194611288e-02
2.695050867020367183e-02
-3.730516883404939171e-02
1.516462509623759704e-02
-6.078780934639598649e-02
-2.083366411122837200e-02
-5.033646116600155873e-02
-6.816790249440217268e-03
3.138359871114990152e-02
-1.559101236790949238e-02
7.191625566344735966e-03
2.142490060757498357e-03
2.187805165468285906e-03
1.457368673618216100e-02
-8.310469022537777650e-04
7.468402728999164707e-03
1.000922076294136383e-02
-1.272825049012865466e-02
-2.564794154478338122e-03
5.488290423639931997e-03
1.092888032993018579e-02
-1.558042047183524903e-02
-8.471452467021864732e-03
4.619932376933900096e-03
-2.818218382022556409e-02
-3.422555309312813945e-03
1.627012510012099816e-02
-4.135754366581016056e-02
-1.082681457930772390e-02
-3.371992683567876219e-03
-1.387969216839856149e-02
3.835168362023008704e-02
-9.609658988975462376e-03
3.398553081706853427e-03
-3.869855794304612271e-03
-2.642029986688643195e-02
4.067833279035470290e-02
-1.959688841330614259e-02
-3.411624827104648566e-02
7.140464411850923170e-03
-6.236401079449748613e-02
-9.495969629556545721e-03
-2.809707960724957057e-02
-2.676027032012741336e-02
2.291463125040365048e-02
-6.635341601846747248e-03
-5.186487700704432886e-03
9.624397074508787842e-03
-1.426960383466082142e-04
-2.975322509316849409e-03
2.444414616685496727e-03
-1.067791403466324986e-02
-3.877452951622710302e-03
1.956519410823316218e-03
-6.479374260172959983e-03
-9.527491499044899934e-03
8.106024397609743609e-03
-1.128126936835916264e-02
2.045613331994214704e-02
1.644993415926776720e-04
-1.892769814032913434e-03
1.193993220716272306e-02
-2.917331777588645994e-02
2.306659856997840888e-02
1.658454027741113404e-02
-1.114618784369744361e-02
8.693757389648189456e-04
-4.283720052509222206e-03
-2.557821310669431553e-02
-7.000502315525323344e-03
-5.527920633319680956e-03
-1.658882699381394182e-02
-2.046484534583447798e-02
-1.732158959335417317e-02
2.475920612430779644e-03
-2.675439139477498243e-02
-8.259688676722908452e-04
2.426641664862781711e-02
4.123479853741293145e-03
1.340836544374275803e-02
1.361388674356880414e-02
8.154956742260858343e-03
2.964897141914440981e-02
2.261549572058143762e-02
-1.634005467540537715e-02
-4.176601803169996061e-03
-4.606063829809574871e-03
8.084832327881548431e-03
2.127440434233616052e-03
-1.604754194656033903e-02
-9.522967369528113207e-03
-5.169123776356055258e-04
-6.484320154244108819e-03
-1.424571270081082322e-02
-1.499948793001598668e-02
-3.608401397307135772e-02
-3.105287008807782389e-04
5.202145009458624021e-03
-4.269780151521772489e-03
-1.202739675553308671e-02
-1.096703888392236599e-02
-1.695963266327255156e-03
1.401019895695153339e-02
1.832644265356518296e-02
1.814503643164691940e-02
1.184027178168950119e-03
-3.152286245015468655e-03
-5.698128089290051268e-03
-9.646041632932859933e-03
-5.453556724141317251e-03
3.065500114746455475e-03
-2.527426940980143782e-02
-2.955388126080707792e-02
-1.435069184404406950e-02
-2.798224691717814301e-03
-3.504726584895630735e-03
-1.473446784816223251e-02
9.742641153107836974e-03
-7.904156857532769476e-03
-6.376007036286374455e-03
2.149945715359381868e-03
5.283567339817457457e-03
2.075471797300711130e-02
-1.633999666486153288e-02
-1.100203138781793294e-02
-6.410797772259133574e-03
6.009647066410835937e-03
9.688989376501887241e-03
1.369165218372699402e-02
4.443727305199389813e-03
2.513242275312581060e-03
3.843640134932012776e-03
9.227355608661157518e-03
2.782263453145028542e-03
6.215759072537524986e-03
3.034011266416117986e-03
1.540029836776804842e-02
4.249480811967150558e-03
-1.287181926054893448e-02
-1.412837187325031128e-02
-8.363957673470978627e-03
-1.070018367477069444e-02
-6.848470284965088584e-03
-6.787606528778679111e-04
2.426354717233316066e-03
2.824903015699885972e-02
-8.688982411613402476e-04
-2.802695854384593122e-02
-2.173605406307644455e-02
-4.170839905902687904e-03
-1.957364577942839398e-02
-1.305450534009075774e-03
-1.793315001972940748e-02
-6.433207970477881898e-03
-9.847835479202158248e-05
-5.551714733833254707e-03
-4.899270147219446543e-03
-1.463039149401755687e-03
-4.315525091001781374e-03
-2.432633542831159814e-03
9.878176806462080073e-04
2.948822964064109174e-03
-1.016860840704671143e-02
9.917178020220219071e-05
8.367496497928414087e-03
-3.809137638848977391e-03
-4.137790573942945818e-03
-1.521217561257034610e-04
9.222742864010809866e-03
9.265821131303487654e-03
-1.066002478809696674e-03
2.935113803573118248e-03
5.789852185820836862e-03
1.288012637042739957e-04
1.483227725074225643e-02
2.911530160822176083e-02
8.250791429671843619e-04
-1.304651873846703058e-02
-1.588993092459510190e-02
-1.239846482489041779e-02
7.049253116224954256e-03
-8.044554157027041744e-04
-1.091534641343474762e-02
7.027401450773654475e-03
8.811967483806988806e-04
-2.027426993553416764e-03
5.024017108399346336e-03
-3.389875134797826206e-03
-4.511292910746330861e-03
-6.984392252284742433e-03
8.331021099505834214e-04
-7.506958482549746028e-03
-9.649486552822446762e-04
-1.873515594021829848e-03
-1.379341355460639469e-02
2.918509373095461764e-03
2.237804406199186188e-03
-1.202141079254018252e-02
-6.262431818153137847e-03
-1.166108917642996040e-02
-2.135605962128511726e-02
2.849325998507070898e-02
5.894438670185440932e-02
2.526845747844006125e-03
-1.716191542965668504e-02
1.405286752477831469e-02
-1.326912513632102011e-02
-1.508059319649612470e-02
-1.992644596596334413e-03
-1.030674238891631823e-02
-2.456899897169966158e-03
8.543313041381405543e-03
1.195751036566648903e-03
-9.563522178163573820e-03
-2.211409246184253222e-03
-8.655738744331781601e-03
-9.487055217229667728e-03
-2.575487226291326391e-03
-4.091098431051734714e-03
-5.171101935901136967e-03
-4.429928953497239141e-03
-1.544081438185231601e-02
-1.372607962866893155e-02
-4.384468265682067364e-03
-1.827157084270901455e-02
-6.107279086654798100e-03
1.038814168538416439e-02
-2.130889434881487986e-03
2.584629210865440523e-04
-2.554748272324226018e-03
-1.043113158436844747e-02
-2.578752011305535195e-03
-1.789078492894622188e-02
-1.905867528399184802e-02
3.104841074356003497e-02
9.536303305706136935e-03
1.939269667473586881e-02
4.848339655782954449e-02
3.493966374526420726e-02
2.752710630576229306e-02
3.585736193552518242e-02
4.623905950765811769e-03
2.375232530378804802e-02
5.178416472720328949e-03
8.750347798366042013e-03
3.466061904415533232e-04
-3.003936266095446825e-02
-1.396810204972837553e-02
-2.618587518373897624e-02
-5.310254190345832341e-03
9.556834349867499717e-03
-2.342185288905355035e-03
-1.203196381378607467e-02
-1.650624839271926450e-02
-6.656522151714285886e-03
3.766212673005230743e-02
1.896147378810112902e-02
3.360683875964734502e-02
7.462786955571617392e-04
2.814645634571089419e-03
3.211632458933988323e-03
8.285925107878693366e-03
2.366450056542035441e-02
7.619149709211535176e-04
-3.381588469871744940e-02
8.701628447109309092e-03
-1.095790185618166802e-03
-1.251471299671336017e-02
-6.859845987862428843e-03
-3.102068088387977679e-02
1.211846921702768899e-02
1.126657128226809905e-02
-1.024499635846352896e-03
-1.146067345753116334e-02
-4.846881443275184720e-03
-1.755630078254714552e-02
-2.759001167744784717e-03
-9.167461959465055975e-05
-3.445704710407164473e-03
1.517840145164361595e-02
-1.007399750003368233e-02
-3.054456968500115707e-03
1.146181894250424601e-03
-5.484833449594199266e-03
-7.168990840897860976e-03
-1.022763415149319059e-02
-2.117289081659036107e-02
-2.807088474859288640e-02
-1.315596587510635754e-02
-5.543085668715421604e-02
-2.811248815459315570e-02
3.739698497266540772e-02
3.853126091912038170e-02
3.509125296904727631e-02
-4.264001668147691243e-02
-4.202062862764645301e-02
-5.443162125458356204e-02
-2.183911957563651821e-02
-1.609046116952269831e-02
-6.748851788507095710e-03
-2.048693411999339895e-03
4.643324708744240269e-03
1.488334859803589622e-02
-3.483121774312222807e-02
-2.967299500471831317e-02
-1.415299776965910430e-02
-1.035157359817375812e-02
-8.153258434202979160e-03
-6.284415413022281967e-03
-1.203063839643890055e-02
-1.573157870004870951e-02
-1.983801814987117343e-02
8.043961681385195309e-03
6.831317076385682446e-03
7.248479895253463756e-03
-2.468154170024959917e-02
1.153917110984811409e-02
5.346442138737738173e-03
1.085355755189131716e-02
1.536353336449357114e-02
-1.379627676950711049e-02
-4.707086153049058752e-02
-1.226434926260862139e-02
-1.952072641510350579e-02
2.041072008827211903e-02
1.369486257522976348e-02
-9.895150295557065059e-03
-1.643207443932394318e-02
1.361331544931079600e-02
-4.985441789192938608e-03
7.603233550306774148e-03
1.287281947614584907e-02
-1.744407518684574707e-02
1.673670881856492362e-02
1.000360136621662559e-02
9.308530207881400217e-03
2.865446119146175183e-02
1.147342027239313909e-02
1.386833436338689649e-02
-2.956912080543350543e-03
-1.821030934570788684e-02
-9.741482219288562228e-03
4.722022314079723365e-02
6.431309162119215606e-02
4.395961283620993670e-02
-2.356864982946470580e-02
2.572549159491114082e-02
-2.471258890468597258e-02
3.988223880045006081e-02
5.722803644512285126e-02
2.388794362867648069e-02
9.379284179039607677e-03
2.073142040111234860e-02
2.889682249658528240e-02
3.778047914980442630e-03
1.421304247002249700e-02
2.455700568904986558e-02
-9.138529593988939034e-03
-1.082137449266525834e-03
5.654551493631573833e-03
-1.327172574811629792e-02
-1.781857375898376200e-02
-1.383323715997820946e-02
8.680088007671888164e-03
9.347679437669431310e-03
1.902261911705702135e-02
-1.701922545421611851e-02
-1.571401628663396388e-02
-1.141997326136364940e-02
1.463626983468029226e-02
1.106848864447881192e-02
1.550573102701164815e-02
1.972582304153240595e-02
5.862670710866236916e-03
-3.362371277429785591e-03
1.451608249145060550e-02
-2.281656996446724140e-03
-1.733835287799525768e-02
-6.308243005300917527e-03
2.077128491007138728e-02
2.911488623668618062e-02
1.748805058792320816e-02
3.290497200747275613e-02
1.395477531910752772e-02
2.069049814106557403e-02
2.495741957140604206e-02
-7.263949939322047675e-04
-4.760560672101570717e-02
-1.624337285611840084e-02
1.936157421349742405e-02
-2.838934486783477318e-02
6.081974032141501674e-03
1.166378741271708284e-02
2.246577623825941027e-03
1.663895239326714307e-02
-7.953643072591120439e-03
4.653040163535661355e-02
-6.353561176225899082e-03
-2.557479050507291407e-02
4.868327271603510933e-03
-2.740388878129062025e-02
-9.146567743577773552e-03
-2.771594601354630122e-02
-1.904503232777390864e-02
1.856939744588562494e-02
4.872578618080047018e-03
-4.406097268902368566e-03
-1.947868199575581230e-02
7.371438031456680265e-03
3.426033495901805934e-03
-1.628444219169884744e-02
1.123346682091341461e-02
-1.453485206172933607e-02
-2.691855887531856978e-02
-2.393683160675382990e-02
1.143275801813924998e-02
2.281494115293794533e-02
-2.025769906197759374e-03
2.147535610032009004e-02
1.291486738969906296e-02
8.787294152889601334e-03
9.549346467886696624e-03
-1.018726188558706502e-02
1.840427818948954519e-02
4.389579727458469555e-03
-1.587212915575417216e-02
9.400713934496335994e-03
-1.527086028532751404e-02
-2.213025932600259579e-02
-2.225846768141074780e-02
-2.265684598931621066e-02
-1.373227144595549551e-02
-1.448600826147591024e-02
-1.302120058939827685e-02
4.879252750367432841e-03
-2.333237131583949797e-02
-8.013786966845969778e-03
1.342845186808449241e-02
-6.883809526565428695e-03
9.491620108893971189e-03
-1.057963425060195160e-02
9.866735289948500714e-03
3.253330164295320515e-02
2.731229752442635578e-02
2.527791306575914720e-02
3.225236076045236155e-02
3.968948680905113463e-03
2.601118187262970935e-02
1.510464275110839048e-02
-1.464489899737229060e-02
3.684139741984868849e-03
-2.198409432222963450e-02
-2.820108393206269271e-02
-1.142451990718512146e-02
-1.770221042600764183e-02
-1.265905015457665164e-02
-2.262495461291218896e-02
-6.695631001579903374e-03
1.652152501239053132e-03
-1.622231792743465337e-02
-6.509309344566247945e-04
-1.657161889981065978e-02
3.928615107000758833e-03
-8.548411078838413779e-03
-3.068320231324739647e-02
-2.659560447160515609e-02
-2.658912027221088312e-02
-3.210411037569550069e-02
1.360487715388490094e-02
-2.147799849603860417e-02
-3.224575876613879760e-02
-2.171375840673557805e-03
-2.359164911914306967e-02
-1.819986976181652005e-02
-8.602311157516841222e-03
-1.606720507549038932e-02
3.306815449624240892e-03
-3.850436491004364820e-03
-2.062930550677349872e-02
-1.905886181655383135e-02
-2.347807061876876211e-02
-2.404338578606907140e-02
1.822432818749960106e-03
-2.924380547073514650e-02
-1.163714498704790726e-02
1.681750757557327544e-02
1.764575424323762409e-02
-3.917981604403056317e-03
-1.311771800239298034e-02
-1.882720760667737619e-03
-5.988759214296666966e-03
-1.884457185617483682e-02
-1.258113269630828888e-02
-1.026976056176291327e-02
-6.914929300591168490e-03
-1.174203360099275797e-02
-4.286376311370559272e-03
9.524195426340983841e-04
-1.127416017154799638e-02
3.240887733518480786e-03
6.367879194322248297e-03
-1.097655975450286675e-02
5.358561646656909844e-03
-2.649835517777471847e-04
-2.104257163145465542e-02
-1.092977805019115442e-02
1.031562456147087220e-02
-2.203951842974752676e-02
1.934197711108222566e-03
1.686856117198698088e-02
5.200412151270076069e-03
1.236496189806105678e-02
-8.088857029710699907e-04
