-6.297071576169832336e-04
-3.936744277167290038e-04
2.352702311886939506e-05
-9.987219672632737574e-04
-4.117801532861680922e-04
4.620579377658333951e-04
-7.689345075942719335e-04
-1.018934761612256754e-03
-3.722637676405461367e-04
-1.724680382152987343e-03
-1.991600413763397297e-03
-2.200280878685620129e-03
-6.360062950244076228e-04
3.608011594982767317e-04
-6.547567128721537132e-04
-1.429533475627786318e-04
5.811814801649209036e-04
8.555759450113727778e-04
1.777894586901624600e-04
4.732654084973204997e-04
1.090766021420055791e-03
-1.957272942721932879e-04
-3.225055522455881835e-04
7.209752396764859076e-04
-1.386824688567883743e-03
-2.271709861691238123e-03
-1.338510208414469063e-03
2.269493740224152838e-03
2.056849436863449412e-03
2.348763258150173190e-04
-8.772907713843348509e-04
-1.296061001554964535e-03
-1.676544536418841068e-03
1.327758525710831701e-03
4.519808339994315738e-04
-1.007381517925155573e-03
-6.585026964192384851e-05
-5.296517122981960271e-04
-5.626967595928894636e-04
7.608170431822716727e-04
9.495562380727997015e-04
5.343965325077063575e-04
1.360235647385771730e-03
1.343433267542688521e-03
1.114396652502100665e-03
4.795692655447521372e-05
-2.590527476688489714e-05
-2.685009791793144208e-04
1.047176190947628942e-03
9.118968462030978663e-04
-3.441749751543465830e-04
1.625600636713908425e-03
1.872962111000472636e-03
1.320835288420886154e-03
4.293754458338188904e-03
4.029127670803922361e-03
2.431396376499228226e-03
3.025053658139145382e-03
4.080314276018723318e-03
3.041399300753036376e-03
8.770995336805780277e-04
1.487477339731162109e-03
8.365848650733135727e-04
-3.463260763294886187e-04
-7.612760215812994311e-04
-1.245763745264431540e-03
5.762802263008689726e-04
2.073395202760328505e-03
1.496767252367753407e-03
9.022525782487563666e-04
3.881844580868582147e-03
2.770417478398968288e-03
-6.999887144000594211e-04
-8.266121207211498258e-05
6.966429906023035570e-04
-5.563729165838628100e-04
-8.966451185860797087e-04
-2.175215635241599052e-04
-1.498200941895091532e-03
-1.563684035409469058e-03
-8.261091758432837287e-04
1.966465562220944853e-03
9.592075063870401626e-04
8.783856487659020846e-04
6.399398776701040875e-04
2.175472974272161120e-04
2.089044500722872641e-04
6.820867770854579810e-04
5.566357530721988784e-04
-1.776492801086067123e-04
1.546889763327850874e-03
1.464416097620939829e-03
1.623538760464937006e-03
3.425123830866575597e-04
1.103685838189587265e-03
9.670894370326457191e-04
-1.115600819871544880e-04
-1.942094026757875541e-04
-8.684162661684921959e-05
3.653158115656463727e-05
7.732896279193857874e-04
-9.750566639655331314e-04
-1.311356722017524828e-04
-4.822264756022345031e-04
-1.042644677373082444e-03
7.774962246011433726e-04
5.568389480761975563e-04
3.646258081065995808e-04
3.040475806947150975e-03
1.769745429711475039e-03
4.688434749443946684e-05
1.712598301484740022e-03
3.312913466859875858e-04
-4.500878496726182362e-04
1.541090143126779260e-03
6.520792136359810460e-04
8.610641744387827895e-04
-1.899213328788212224e-03
-2.374533547257845229e-03
-8.671194198346600553e-04
-1.839394264699838058e-03
-2.965463852541625617e-03
-2.647619300753687507e-03
-1.613055358974001523e-03
-3.134816401018068917e-03
-2.924975405621440313e-03
1.419422240163119688e-03
1.706139315934612419e-03
1.362026539834886333e-03
1.398761159113561404e-03
1.215490484539239737e-03
1.496914642242839653e-03
1.564217631580678289e-03
2.077375652222298100e-03
1.167737681096742445e-03
-4.147567827786654117e-04
-1.622264589496502445e-04
7.149277724582741786e-04
-4.308861525033980469e-04
-6.263531019407786926e-04
2.499819027920347912e-04
-1.139474288296979084e-03
-1.620709085796910825e-04
-4.082870132466218604e-04
-2.699165246451273783e-03
-1.342621384855399941e-04
5.709713445331040648e-04
-1.588900553821541439e-03
-1.719231104175439210e-03
-2.217444699441202766e-04
-5.021724140278638077e-04
-3.033990107946397344e-03
-3.538996111673559705e-03
-4.951536843701946286e-03
5.049770897486397132e-04
9.204638316425970725e-04
1.940826449285124934e-04
6.775187414615210443e-03
8.094665338113798264e-03
-1.826733474362988215e-03
-2.101411517343827577e-03
-1.111888192719674966e-03
-6.687087908343840987e-05
-6.281080000381537767e-04
-1.961354383831345402e-03
-2.180018326817128628e-04
-1.347533988630939363e-04
-9.091650013916153118e-04
-2.294619771875268475e-03
-2.324929543004784684e-03
-3.004846798005220317e-03
3.088715159405818096e-03
1.438545825682845504e-03
-3.098516998124940715e-03
5.895400797770979778e-03
1.048425317146664537e-02
3.956369787727532887e-03
7.092406831845321676e-03
1.189875450888799348e-02
6.138649940220725423e-03
-1.813335806136791989e-03
-9.544143281622762161e-04
-3.190578313576738264e-03
9.188157744750053910e-03
2.621239103718944058e-03
-4.248988360258727781e-03
7.000402948268671238e-03
-4.378463175672929193e-04
-3.650197886784396772e-03
3.964905748702026930e-03
5.631367257746339866e-03
2.754739893580978281e-03
6.142479656088312319e-03
7.781376241553257869e-03
5.931878752291327127e-03
4.792400247142650574e-03
8.068023285355765614e-03
5.911172382850251629e-03
1.863784361348167808e-03
1.640623601558817641e-04
1.491609868096623742e-03
-1.453756935072963183e-04
6.127415077196199725e-03
7.123463613433651982e-03
9.923352684477490613e-04
5.250772558454865589e-03
4.704872287049469831e-03
-4.032916179169682667e-03
2.776968009672510940e-03
2.465252744531958029e-03
3.071215072925557923e-03
1.323492411571390408e-02
1.085594394970078314e-02
6.841748383378716287e-04
3.454983774503195965e-03
2.933235190924872882e-03
5.106617561630142385e-05
-1.585538511654507280e-04
1.216716138718463349e-04
9.955228563429991025e-04
-3.319317010784309224e-04
-7.358389490887895989e-04
4.863496749715210191e-04
-4.779591156616240727e-04
-1.461546222258256703e-03
-1.173960206905279519e-03
-3.879710314903625935e-04
-5.287781460758902736e-05
-6.104324690813661431e-04
9.788350150100826703e-05
-3.783514300523112771e-04
1.301084989204828605e-03
2.180781972715640366e-03
9.722959603344636173e-04
-2.873967674223190574e-03
-2.528908848658696987e-03
-2.430902740006296667e-03
-2.766009017689642982e-03
-1.939942988612598741e-03
-1.047802973465110192e-03
1.310135935862541141e-03
-4.581643287078022964e-04
-8.583566453844885332e-05
6.535882455701452071e-03
6.531556251175262007e-03
3.655625198985825667e-03
4.944954952769105468e-03
5.881539515683680518e-03
2.977371487955177056e-03
2.288830341798987061e-03
4.906751269421053170e-03
3.168909465124572673e-03
-2.141145958205506808e-03
2.209232931499867901e-03
3.661645445787915093e-03
-3.147608972837144807e-04
1.902738421851162898e-03
2.414240960862240257e-03
2.976107887681459993e-03
3.897179705036824243e-03
1.354250151327056123e-03
3.078872326210297132e-04
2.852541425933284840e-03
-1.769967808967295823e-03
1.693137228763640133e-03
4.524146454499419594e-03
-2.298625051043953510e-04
-3.642120390606337307e-04
2.908122608414299374e-03
-2.014818904651755180e-04
7.431941503184430497e-05
2.848648336962085904e-03
3.097696118392230524e-03
-1.071970900649983410e-03
3.099436502250145237e-03
2.740987732056458705e-03
-1.166004307869774161e-03
-5.444360952587498116e-04
-5.552001555357298545e-04
-5.640342077463340008e-03
-3.303109933658661488e-03
-3.393140537221626778e-03
-4.601542441611853988e-03
-2.453644772359923898e-03
-2.947265996064332271e-03
-2.506647461687769047e-03
-2.300197298136351029e-03
-2.224334346008454213e-03
-7.445292866965372378e-04
2.946638787257163227e-03
3.176174660154813117e-03
-1.791691011751105447e-04
6.282776493045976124e-04
-4.364890768688907299e-04
2.877806394746126959e-03
1.926722696985575878e-03
-5.583694478444794574e-04
-1.074605093165024658e-02
-1.500047136430056674e-02
-6.777721457297476368e-03
-1.472799907245158453e-03
-1.143647946729189034e-02
2.833331240495829762e-04
9.638452907093234337e-03
1.553392388383184239e-04
4.263423168098886933e-03
1.630038587326615440e-02
1.514874524470322462e-02
1.338893100053269690e-02
8.359199785253611584e-03
6.330814723236870278e-03
3.130587135670080852e-03
-4.772783862309331639e-03
-8.894595688294667721e-03
-1.037604605063365687e-02
-7.279050489296261944e-03
-7.342930477023297715e-03
4.595794803370019214e-03
-5.614440320251379291e-03
-9.084260242479200165e-03
-3.741057927075048129e-03
6.778550271397764879e-03
1.130211110823453428e-02
8.466721577332097029e-03
3.220826160755138352e-03
6.125718282767782762e-03
6.242604849488888642e-03
9.737026255857417906e-03
6.953575741906440830e-03
1.027630658929453919e-02
1.468578865616653774e-02
1.435589727801642006e-03
3.829923567335878198e-03
-4.502221828895805120e-03
-4.137568228039509473e-03
-2.890838706144638597e-03
-4.243521870852621884e-03
-3.453897345008266791e-03
-2.286710610506163810e-03
-4.489416582322115420e-03
-2.999102582357031539e-03
-2.552136195672955257e-03
1.341327449394931655e-03
-2.347384613342777277e-03
-8.193065167162384005e-03
-2.980506220611287439e-03
-1.194915583024881364e-02
-7.373215454206619168e-03
-6.282718764700682620e-03
-7.710248241014901020e-03
-1.595625346212582729e-03
1.948372888197360143e-03
1.694352362334002052e-05
-2.963837023459267930e-03
-8.193298279718617960e-03
-1.839332703189207677e-02
-6.709268697380967213e-03
1.437295188059749306e-03
-6.352319219101008538e-03
1.801062658815785755e-03
-2.965069248734407501e-03
-2.770628086322140214e-03
-5.315283238238785977e-03
-4.716537761005190968e-03
-6.250024728688874723e-03
-5.421858285454453363e-03
-6.269078381398410227e-03
-8.876545409205715761e-03
-7.144643232330052766e-03
2.842666601172039870e-03
3.642454614550687080e-03
4.682900003996271453e-03
-4.330940866270077834e-04
9.087457980463152030e-04
2.073483544947771033e-03
3.637444069076069611e-03
6.762724732777681755e-03
6.488056152287150630e-03
-1.962605743005320542e-03
-5.206731132645248551e-04
1.938493644039418267e-03
-4.367181759306423654e-03
-2.071983432660779931e-03
1.989244694113796209e-03
4.099248427330382341e-04
1.780065210251144565e-03
7.166410529613718994e-03
3.641077381170106705e-03
3.188792564503179633e-03
1.891800896639193137e-03
3.677094508144218652e-03
1.773575444652594583e-03
-1.669360936965678379e-03
3.740662625358227075e-03
3.429894036483555498e-03
-2.147524821034041582e-03
-4.034391730980351788e-03
-2.684251224985677569e-03
4.501098325337634688e-03
-9.990558152512395585e-04
6.748988685360350322e-04
3.644663685897262407e-03
1.033245840096803231e-02
1.007304508551514627e-02
7.135884330416134014e-03
1.090638673745671430e-02
9.475384076482427920e-03
6.121469064208837074e-03
8.272760934670180324e-03
1.303729747816364734e-02
5.284660962580818924e-03
-5.209069130629646188e-03
-3.593093855458800914e-03
-5.865640404101812866e-03
-2.216146092739431587e-03
1.562671395198511842e-04
-3.321910280194278879e-04
-3.027355521786011770e-03
-1.034707013240409364e-03
-1.251100794669580355e-03
-1.880179493489349696e-03
-2.124103469209267375e-03
-2.778130984380595882e-03
2.404137074704207865e-03
5.989253147740291510e-04
1.861122679465667534e-03
6.871894256768980780e-04
-1.990178243926261133e-03
-1.750733025662052267e-04
-1.988486116166947835e-03
-4.470649372163990748e-03
-4.504162463436763714e-03
-1.211033326508527408e-02
-1.086193092889636141e-02
-5.367529424107532303e-03
-6.360402223193177725e-03
-7.631514045574047840e-03
-4.896394402602487032e-03
6.738409797856262720e-03
3.949803727359065333e-03
3.320739518066695515e-03
5.861896124098747024e-03
2.665783345876620442e-03
-5.645010250573598981e-03
-1.184368169166623297e-02
-1.335474617832136876e-02
-2.020006402317921224e-02
-1.677300288493227889e-02
-2.760953393329055455e-02
-8.642484349155979059e-03
5.182914518194396518e-03
4.957412901956668658e-03
8.940840249894138614e-03
6.128509845028587769e-03
1.070148369029328903e-02
1.089759399571114083e-02
9.058205620560209718e-04
9.891827549110577059e-03
6.440312555794314338e-03
1.179048632684165550e-02
1.354958813858968790e-02
2.214322442395362869e-02
-4.015701469923582678e-03
-2.873131969310028198e-03
4.373405772310544858e-03
-1.156981807200916854e-02
-1.901453266422510266e-02
2.281281201702651563e-03
2.065924138599323223e-03
3.213021513824587411e-03
-1.179869372148890927e-02
8.060978064648696012e-03
-2.003123618611465755e-03
-1.876181568177402031e-03
6.054720145226827506e-03
-9.970833149867540379e-03
5.949318455238701217e-03
-1.747074011247471423e-03
-1.071128891880289939e-04
-7.549554516852954736e-04
-4.675421320527417025e-03
1.941426068541911244e-04
1.262226237302088109e-03
-4.106210069359231794e-03
-8.738548805046442115e-04
-1.380249925842856650e-03
-1.166527774835625364e-02
-9.556792873097397917e-03
-1.759910937380844767e-02
-2.573502991861185713e-03
4.585996248595161986e-03
-1.126164031060705381e-02
6.170812869324138195e-03
7.107313562105092158e-03
-6.736002436895299934e-03
1.601115185675958813e-02
3.036298421768052896e-02
1.660624087614202826e-02
2.530531813778971045e-02
4.996432222813985274e-02
2.501937986083863433e-02
2.093641824550055916e-02
2.304062951737630149e-02
2.199261166351091507e-02
1.305736899383809664e-02
1.258429030436480738e-02
3.904981791963919868e-03
1.513564672243026751e-02
1.960590898529169027e-02
1.350125280396956111e-02
9.241571681090975793e-03
1.135483543311152470e-02
1.065853258550080243e-02
7.402396656333726406e-03
1.145216536653870416e-02
1.274755267847160582e-02
5.962349174646335188e-03
8.032170026276061123e-03
6.902358391710478221e-03
2.220143839797151467e-03
5.283656050591506101e-04
-7.950891842360594767e-04
-3.935139615690128045e-03
7.497287685058939746e-05
7.523869595600729196e-03
-7.882502717779538495e-03
-3.793061157755953181e-03
1.998460134589578278e-03
-1.357028025916397207e-02
-9.057629803906295032e-03
-8.783606458215251558e-03
-9.467406513938190007e-03
-1.082392215479621375e-02
-1.022039346412823707e-02
-2.721608311655580176e-03
-2.485711598951516246e-03
-7.284696348490477154e-03
-1.746724908062971668e-03
-1.865916259867223459e-03
-5.590703685781928459e-03
-1.048501362062679394e-03
4.007314562713902920e-03
8.562986092516832598e-03
-6.543131100155716827e-03
-6.700101644977884442e-03
-2.431505400608487393e-03
-4.703029836458156275e-03
-6.563032906637278167e-03
-1.646728094714775383e-03
3.732870824983696573e-02
3.115176299050089609e-02
3.095195174397974772e-02
3.236897860348439404e-02
3.942896221602345402e-02
3.840810925838582246e-02
9.420335796570936115e-03
3.939755325282462417e-02
2.721505077594121164e-02
-7.619662201796017532e-03
-4.405922207579803657e-03
-2.880492127750116163e-03
-3.438050404089219771e-03
-1.818152555186297722e-03
-1.753395749733797004e-03
2.899332917488905721e-03
2.493469351908861754e-03
2.831930538478626353e-04
1.038786291300075951e-02
6.086047668221620209e-03
-5.630399476503082125e-03
1.329089562454783581e-02
1.220861639301325588e-02
6.854305230191673655e-03
8.708402451771507860e-03
1.323537462572761496e-02
9.487003779938447956e-03
-5.234265898859948377e-03
-1.912538289806286476e-03
9.852451002615559633e-07
-2.458728926277303859e-03
-1.962630793410006895e-03
-2.057820192052100487e-03
-1.630105120944621471e-03
7.770070128391882861e-04
-2.297494789746967660e-03
-1.637130435723608418e-02
-1.862241997912135461e-02
-6.477112397067224950e-04
-1.182281121472296415e-02
-8.092768886288577435e-03
2.262058270355442324e-02
4.230336431451699360e-03
-4.248312291846545810e-03
7.542588444090303837e-03
9.616945119435157084e-04
-1.241413830184702688e-03
-9.058895486049477544e-03
8.610197279538402831e-03
6.124879432487029436e-03
-1.576034272957826075e-03
8.992518928269958856e-03
8.974694441481788701e-03
3.953006985176403358e-03
-4.362829430406835532e-03
-3.852971254988289771e-03
-9.524987819851989525e-05
3.772599138011859497e-03
-5.499303472819032281e-04
1.053072636259840119e-03
-4.893709108777483758e-04
-7.254898781310693302e-03
-8.717318915879922192e-03
-2.191874729265596775e-02
-1.167396958670164665e-02
-4.385789158477868162e-03
-1.640983124638166826e-02
-5.872313757811288212e-03
1.205199197341307038e-03
-1.344573824955702136e-02
-7.774319212088102310e-03
3.757193134618285520e-03
5.109308314386081309e-03
6.425337172456307630e-04
-9.363297605686759237e-04
3.230159715627654599e-03
1.741154294369097477e-04
-1.344279394205501882e-03
1.769087546952056154e-04
2.403016170850393735e-04
-1.076037759548987167e-04
8.031095952342779537e-03
-2.713679538950037901e-03
3.789453044629417268e-04
1.562356416630701281e-02
3.652994839905267851e-03
3.184815982371928724e-03
8.092987909780418807e-03
-1.174044328636172051e-02
-1.719392975627386314e-02
9.466471368048023222e-03
2.473762156440028476e-03
4.497140450139494204e-04
-4.480998963903502948e-03
-1.003277288969874753e-02
5.525910144699332574e-03
-1.462977756918111723e-02
-3.391705964128177014e-02
-1.970346793948364247e-02
8.303195950676947081e-04
1.010236519315586270e-03
3.424603236693741885e-03
-1.057306484754648196e-04
-1.522136672972394117e-04
3.043716771889580161e-03
-1.278561584171386501e-03
-1.705998298365016307e-03
-1.144316257509030550e-04
-3.249134390236092448e-03
-4.906773783190946682e-03
-4.079440846689726292e-03
-2.291443060247125643e-03
-3.442684066228583056e-03
-1.229332455238440341e-03
-3.043175712580762152e-03
-1.370682836885332104e-03
2.379532575486813760e-03
-3.390619652335841259e-03
-5.297656077617974094e-03
-5.299639309478685820e-03
-6.642699608026345591e-03
-8.142705962883410239e-03
-6.033822826829468924e-03
-4.250534534665170901e-03
-4.324301842398800902e-03
-3.324091720949643673e-03
1.786457493602721172e-03
-6.396865516241840351e-04
-4.587271622140717819e-03
1.094992921917819703e-02
4.550219891854669421e-03
-3.943199289325087856e-03
5.511649996178837746e-03
5.038943628149186033e-03
1.384906365013444801e-03
-2.610477961863261285e-03
-4.608765556109045008e-03
-1.542872760499902456e-03
-6.597866323904124849e-03
-7.379463605087640751e-03
-2.619338559322287839e-03
-6.882728668755870409e-03
-4.882208348754711602e-03
-3.351726978583907668e-03
3.131518775117323426e-03
-6.789514395170068942e-04
-1.302145871636767316e-02
2.283932804814059383e-03
2.242881904043924311e-03
-1.346608562978981842e-02
1.582510421623574675e-04
6.827096422283204444e-03
-6.067664961427482071e-04
1.961052482452845490e-03
1.738066999609818230e-03
1.654210074912528363e-03
4.369495739545238349e-04
6.905162572719496618e-05
1.369013394264686091e-03
-9.144110580032167694e-04
-2.722899491480872472e-03
-1.347123205287188491e-03
-6.354655621984566134e-04
-2.592397970963360252e-03
1.280158345097228670e-04
-5.993018764276686339e-03
-5.302913480057104556e-03
-1.727409766564239014e-03
-1.098709751972091163e-02
-7.875431609766741017e-03
-5.434058932436080895e-03
-3.342400470199338378e-03
7.552131628984850870e-04
4.592030903969394548e-03
2.475773738672234613e-03
-7.160931016979213545e-04
6.033697693840552045e-03
-2.560609726644377630e-03
-1.014219904512854778e-02
-9.653258761954230244e-03
-3.388811397571353523e-02
1.600262509023636301e-02
-1.635647624026035155e-02
1.141507941603437867e-02
2.639440563524145592e-02
2.706312572119359133e-02
1.632085836028127068e-02
-2.975124309317634871e-02
-2.730444771904481146e-03
3.254327597487319951e-02
2.879361441812051253e-02
3.770567372473573181e-02
1.952153429980391444e-02
2.017085696120648683e-02
2.647149912504183009e-02
1.847825511377925237e-03
1.215845374660444629e-02
8.922100835065293473e-03
3.942112174802560667e-03
-3.672502180360057850e-03
-5.000521804946206003e-03
-7.328786376037808858e-03
-4.510469067840868623e-02
-2.243221658040675179e-02
-3.961911301669249728e-03
-2.354328071612048906e-02
-2.296034703223369909e-03
2.731656261619475751e-02
1.922015255520491753e-02
-9.466623047461609694e-03
3.126893868669624460e-02
8.147994527122677522e-03
3.429961692343417006e-03
1.389889873120272751e-03
-1.972977711043367999e-02
1.107744069151147571e-02
-4.299100967886849804e-03
4.151521589906351228e-03
4.922636852456425960e-03
-4.061026561346746562e-03
8.973754276224390656e-05
6.468900666480270796e-03
-7.285944443009729522e-03
-4.223532958592656102e-03
1.251647304717064344e-03
-2.431871855091335966e-02
-1.429705902630596000e-02
-1.996541433074734001e-02
-1.586972050941031984e-02
-1.460133566305193628e-02
-7.571425076256022881e-03
5.931255161254436097e-04
-3.279449949216597243e-02
-1.201990144944898101e-02
-6.579317329789029223e-02
-2.857940269402410929e-02
-5.505431762708290488e-02
1.886349607762028910e-03
1.938046286997289775e-03
4.341662265211064953e-04
1.948617790723782342e-02
-3.564606502787261155e-02
2.676661134859705665e-02
-4.477215075254352438e-04
5.807417193208777584e-03
6.603190718803968488e-04
-2.339445731692007223e-04
3.073954403588050402e-03
-1.617659348968214159e-03
-3.468032406614601163e-03
-3.042901229078280416e-03
4.995952157982475744e-03
1.135024927411210950e-02
1.423841892972556658e-02
1.457053779908713473e-02
5.933239377159160548e-03
3.171892352220282395e-03
4.659238728289481248e-03
9.504425685660575565e-03
3.792657911481351393e-03
-1.778289625499808371e-03
4.877805350238000742e-03
9.148588054880254020e-03
1.456624281685484600e-02
-1.689309370875148597e-02
-3.464992358069071861e-03
4.323224931847940468e-03
-9.815256391170609426e-03
-3.591176918276829753e-04
-6.160965264908418136e-03
-1.256212092544616195e-02
-1.496595824143077610e-02
-5.986101013703640401e-03
-1.857523605965905392e-02
-1.711686310663614041e-02
-6.828503921903274730e-03
-1.692517944969917573e-02
-1.109307846239078292e-02
-1.754978949161802373e-02
-8.365191119743599704e-03
-1.064190972717971289e-03
7.162587035296293439e-03
-6.753024447717416792e-03
-4.126610692959075928e-04
1.084678902727512217e-02
1.372392391406033075e-03
8.091576455865908887e-03
1.215111253895860381e-02
2.257569287085488957e-02
-1.565689961009718995e-02
1.154786478330757128e-02
-1.168400233685707714e-03
-7.860222069944092227e-03
2.696454496649572201e-03
-2.817761390074831687e-02
1.746189163016666906e-02
-4.129020289175014402e-03
-1.005613612527135256e-02
-6.928246545476350604e-03
-7.758663035380927199e-03
-2.493321808935586650e-03
-2.335825057552276020e-04
-1.832019523792780685e-03
4.347046435171484161e-03
6.318724739078323670e-04
1.903672119394724912e-05
-1.415144018623609549e-02
-5.524054196216515722e-03
4.665812974822413847e-03
2.249335933801463656e-04
4.592576733207063763e-03
3.898584609423881228e-03
7.482934647265619688e-03
2.164834114389388442e-02
1.508957796013960656e-02
-5.535097782509013206e-04
-1.794929166585223167e-04
-4.671893425423946926e-04
-1.341992699574108029e-03
-4.103155401518637389e-04
-1.452496287050879980e-03
-4.732982443612433515e-04
-2.362644601837366842e-04
3.689668703728786730e-04
-5.184488149604868541e-03
2.881132651692195224e-03
7.494319203200055894e-03
-1.293397262096882775e-03
2.378791864654836337e-03
4.990162141296544153e-03
-6.747218126898758134e-03
-4.453733927013428344e-03
-1.476091706575126004e-03
-1.661739466920069417e-03
-1.499876467729719135e-03
-3.365074934495232081e-03
-1.042329271292811608e-03
-1.660198841004766794e-03
-4.763294006759750260e-03
-8.810867120792063639e-04
-1.762482879947422547e-03
-5.662231247177283190e-03
9.275132258968188641e-04
3.294453203550003813e-03
3.206943745557705276e-03
-9.070115011669195896e-04
9.672629568538334546e-04
1.689941300391353211e-03
-4.587148391197038398e-03
2.545159684229882568e-04
-6.512037121599784963e-04
7.792995106093065800e-04
6.261699255857465334e-03
1.802825413835992905e-03
2.593237983503045036e-03
3.750964325462637604e-03
3.671656974277823487e-03
-2.581283298201232559e-03
2.361443280439125009e-03
6.203178846585890097e-03
1.101951386328049514e-03
3.616696655166970562e-03
2.773869988759939363e-03
-1.747293527545288076e-04
1.596695672076451104e-03
1.180245678875280766e-03
-1.252627981302991854e-03
-1.300184880836821469e-03
-1.550456396093293117e-03
1.257458278691572784e-03
-1.470474571541496682e-03
-9.587289178054939857e-04
3.846676969132109460e-03
3.117672673175558851e-03
1.070602579880964352e-03
-3.967973568973507596e-04
-1.078580659397613325e-03
-3.599184802005053144e-03
4.892711438558758862e-03
8.768674145575951206e-03
8.025362778867431782e-03
-6.828502147164679497e-04
3.782832158135740908e-03
5.860405763476413121e-03
-1.186020868318288062e-02
-8.085184304983443482e-03
-2.373461888769986313e-03
-3.814800505501497567e-03
-1.956201484621071865e-03
-2.419148423849358260e-03
-6.995916650149269734e-04
-3.214381113567595961e-04
-7.759734272840381267e-04
1.918192366057301212e-03
1.370418578317388319e-03
-4.299658389046915707e-04
2.368448920761965744e-04
9.919862447316900311e-04
6.472063740956327232e-04
-9.170828575968499520e-05
2.286965129792041442e-03
2.434930848900470398e-03
-4.688270487485085960e-04
1.793434572443300444e-03
3.566437870347366652e-03
-2.284132377613041012e-03
-2.015672647805714923e-03
-2.465032751704971520e-03
-5.993852953373909583e-04
-7.717443480105836643e-04
-1.810372287119275166e-03
-4.854938772268403572e-04
-3.317127268360196596e-04
-8.626580534370888263e-04
4.986837424539548522e-03
4.151728092826594864e-03
2.203071863184272346e-03
3.960422739834700348e-03
2.750751429638048293e-03
1.446145340817396683e-03
-6.018108281524341070e-05
-9.440775078112504954e-04
3.058281795876907606e-04
-3.189642092173447172e-03
-1.968879462143274806e-03
-4.949646448822956485e-04
-4.515037280646715459e-03
-6.932702798109110489e-04
2.067105692375539622e-04
-2.560483230040115979e-03
3.077062219980989353e-03
2.444455290322933121e-03
-3.862240203824824063e-03
1.295589615209899285e-03
-3.402525558183544518e-03
6.053237537266043010e-04
1.869687104104880183e-03
-5.143861513364969898e-03
2.088761124388090716e-03
2.632873228404938610e-03
-4.544956135227385882e-03
2.804634317553232267e-04
5.870417853998115450e-04
1.795939258331162754e-03
-5.037071754979544329e-04
-2.313426386832404587e-04
-1.027643697091762962e-03
-4.782580420747779208e-04
-1.297632634776853863e-03
-2.367292192644185767e-03
-4.439973843193572960e-03
-2.213888251058817626e-03
-1.087517961954385156e-03
-4.410522858434519702e-03
-8.837662827435889806e-04
-1.230720525331186355e-03
-2.726495562052772600e-03
-2.431514248408330001e-03
-2.651720452523905272e-03
-6.137410374777202589e-03
-6.921108605345070545e-03
-2.263119375402790952e-03
-8.307212439857476413e-03
-2.944260063096045942e-03
-4.930407377127713105e-03
-8.839861486365343038e-03
-2.491616842058518716e-03
-1.144712823357681847e-02
1.693609879218144904e-02
2.841016105363371527e-02
3.050082447717485101e-02
1.458255511665393009e-02
-1.317096509891738272e-02
1.618696524406151166e-02
6.773203124094964549e-03
-3.782587920213580091e-02
-3.526357206410526187e-03
-1.118869980778162271e-02
-2.002143120916078864e-02
-3.037150972734344381e-02
1.697200429609307948e-02
1.824737029365208069e-02
1.105840140346175237e-05
3.612372828032349437e-02
4.155445989415294111e-02
2.661352374475521240e-02
4.722189464971001706e-03
7.123022019819207594e-03
-2.869944092258510651e-04
1.865740164737118541e-03
-1.318652928791343680e-02
2.003172884208687804e-02
-7.991264902452758015e-03
-2.269974640635814486e-02
-6.371681171331956134e-03
-4.671778723497997318e-03
5.300412199687506119e-03
-3.635231232436682280e-02
-1.215389385392320713e-02
1.599235647940393029e-03
-8.188910925952292905e-03
-9.824852707131367588e-03
2.108266129300333247e-02
1.602682668815529413e-02
1.923268441705264925e-02
2.290337952412088360e-02
1.861665246293587803e-02
3.713941217203326189e-03
8.841296922531131572e-03
7.974481015732335851e-03
-1.740924477945182680e-02
-1.131807011378683538e-02
-5.245957278973735483e-03
1.091479010423452786e-02
1.636012988965295650e-02
9.120306513626779896e-03
1.595659325005922141e-02
5.457406755575198260e-04
5.677137345200298536e-03
8.015328904029733401e-03
-1.436469031203332046e-02
5.255802989216981289e-03
1.290630126814307568e-02
1.912399595428721996e-02
3.154994782730475428e-02
-9.120831900184121072e-03
-7.558654053242476988e-03
4.668281504658713943e-02
-5.926197223422682153e-02
-8.561181002146998897e-02
1.404719439304348040e-02
4.199488921728470811e-03
2.805285589298667833e-03
1.287681137426162402e-03
8.451844901040755920e-03
5.344128845233724230e-03
9.166390782813445964e-03
1.612513291468426965e-02
1.642892422543978936e-02
2.230148055299989093e-02
-3.177258989885040769e-03
-1.142162174555818970e-03
-6.809751472159824431e-03
1.434817010563018726e-02
1.615715526765585872e-02
9.998089265536620404e-03
1.160632571866078953e-02
1.610049784076236085e-02
1.009365152469956367e-02
4.354866849360682253e-03
4.839938660265046856e-03
7.861646990759222839e-03
-6.022411069080919888e-03
-2.321706321794585973e-03
2.214224161229384324e-03
-6.006674571342765674e-03
-2.422094635791547084e-03
4.096401480119963266e-03
-5.695513184210678100e-03
-1.024915099908766010e-02
-5.475442348272409679e-03
3.382164259424572540e-03
4.597087254967976988e-03
5.882599304522004476e-03
1.385822246494421107e-04
2.139095716601350020e-03
9.137284423938962785e-03
9.768701490044861754e-03
6.940993203390219066e-03
9.301288787106605158e-03
1.457442050836273324e-02
7.708555467589511996e-03
3.959093409525659378e-03
3.338664762374947328e-03
3.593994591928175407e-03
1.171288133197202330e-03
-1.491304300199381740e-02
-4.121044732361876101e-02
-4.253597250880795932e-02
9.360221197015707083e-04
1.313315799459987068e-02
-1.420983466883707011e-02
2.424908541894149269e-02
5.129204428664707605e-02
1.955759215005217072e-02
-1.440804386837257279e-03
1.678909898936875372e-03
-1.390026890013838822e-03
-8.941031534950037718e-03
-9.418670804033682162e-03
-4.705173624174672879e-03
-1.654880725722665188e-02
-1.666375989009671876e-02
-1.247110606981230267e-02
7.261468286948899627e-03
3.140678915578796419e-03
1.230471532927041815e-03
1.289277601892671772e-02
3.518382780386946056e-03
1.894724130822612700e-03
1.203615481102640432e-02
1.272185561714811106e-02
6.238641619756392538e-03
-1.289068031175650154e-03
3.804019819904452229e-04
4.442512792773252775e-04
-1.069343463844187178e-03
-9.378268713806020085e-04
-5.869499437700442324e-04
8.346995047424566510e-05
-1.508165025013583549e-04
3.701142223447312910e-05
3.122972434802832962e-03
3.817099162506181701e-03
2.846682215714943856e-03
3.146738416881300366e-03
2.037521558417348423e-03
2.968677346980089487e-04
-1.820908311353998128e-03
-3.125731769533817393e-03
-2.299506522468069449e-03
-7.635026413362238154e-04
-2.930478364663516430e-04
-4.831449421080849255e-04
-2.975196863140309721e-05
-1.214946253759201158e-04
-6.688574792588121301e-04
-3.124054861832260312e-04
-5.997302224753643359e-04
-4.229004205183916265e-04
5.350405518005016403e-04
1.429795983602342351e-03
1.386054241631887358e-04
4.649182453211595824e-03
4.772835776690557801e-03
3.096053420912805564e-03
2.465389088577465797e-03
3.446328650391346487e-03
2.060220277810301433e-03
2.291361734157083222e-03
-1.185385630354920776e-03
-2.237702223337017116e-03
3.681969118037246858e-03
-7.144764518334509925e-04
-1.813248206187063677e-03
1.982283420200578374e-03
-5.633284452569335210e-04
1.141163140291682945e-03
4.920755505597112535e-03
4.975693812102593289e-03
3.703209565016196431e-03
4.486935490566884913e-03
5.567723235222294884e-03
4.750501385458954541e-03
2.513167521311416089e-03
3.779950167040285920e-03
3.530304563999088919e-03
1.340482700821563370e-03
3.158864901214882611e-03
2.219893716925390708e-03
9.152545343171710228e-04
4.477602316772801364e-03
1.387498175102975118e-03
8.558591967912275661e-04
3.661059983179735036e-03
3.122184848687964160e-03
-2.417764602727289175e-04
3.324319410527750308e-03
5.775944457582762783e-04
3.833152060190879451e-03
3.248464099062221919e-03
1.002321766615358245e-03
-8.130761100912757555e-04
6.754880982324098853e-05
-6.328653696704939022e-04
-6.523695760529061964e-04
-5.951742009212823963e-04
4.583258635286687507e-04
-2.171380485349686266e-04
8.831022861474334146e-04
1.581352563672765860e-04
7.791309373913614215e-04
2.749229519327350932e-04
1.069715662108074476e-03
-1.128291299661724053e-03
-8.611701147415908725e-04
-9.850106506840748753e-05
9.127056384498785603e-04
1.078585267667352653e-03
1.243424181398845299e-03
2.025382405138219030e-03
1.713078308910116927e-03
1.521114031039149826e-03
-2.036673506880549381e-03
-9.233589547607533050e-04
-1.218996342892381774e-04
-2.905936313693405042e-05
1.936530867031901841e-04
9.701775996972503190e-04
1.372982519592858995e-03
1.268202911306229872e-03
4.956859696962781850e-04
2.430987910619330280e-03
2.553388544118855193e-03
1.744732245221653887e-03
1.526313865371508021e-03
2.041427816627821093e-03
4.991473751596858929e-04
2.295184684452895375e-05
-1.079900150652204481e-04
6.315956150053118542e-04
-1.560890105122663286e-03
-6.573437879822871793e-04
-4.761129862958407598e-05
2.378312162616397677e-05
9.140493720789090275e-04
1.979932946894080075e-04
4.371245367179394585e-04
6.123133839051889604e-04
-6.490499092166538829e-05
8.397757208788667613e-04
5.825370045191604869e-04
2.645040495052326909e-04
1.055068191978148374e-03
1.472025053474428514e-03
1.047370579054244383e-03
1.409061238699828972e-04
9.044271927633667574e-04
-8.101749407562752747e-04
8.447674005968056846e-04
1.232937116205223100e-03
-3.226395179825954540e-04
-5.027742063393483797e-04
-8.516241794437979726e-04
-1.615191797114382943e-03
-9.083392095854518362e-04
-3.360051019722092198e-04
-1.472553137354665979e-03
-2.013737148781720703e-03
-1.556841801159082649e-03
-1.433500114545216723e-03
-2.092690593294769131e-03
-4.675360525740814856e-04
-1.157441295667289852e-03
-1.631330594088967320e-03
-1.872599528724915594e-03
-1.996642710210042981e-03
1.869860163519798061e-03
-3.700227368044821125e-03
-3.814509862497036247e-03
-7.100152819268187344e-03
7.450843304579426313e-03
5.933122680708525012e-03
9.527160431676536326e-03
-1.649226860034043495e-03
6.114998149763412570e-03
1.446348934245683150e-02
1.406414008100345626e-03
-2.652566659494553017e-02
4.573911199339156936e-02
-5.454401161143240806e-02
-5.844098984467736152e-02
1.984305058403620578e-02
2.802576319304225100e-02
-3.986534402108659350e-05
-1.253266441015830901e-02
2.108389678505972770e-03
3.535314238288908908e-03
-1.336720462465705583e-02
6.024834768753590912e-03
6.699807588596589335e-03
-2.005718024756999486e-03
-1.160163677265648374e-03
5.350771651614487021e-03
-7.365018162460406324e-03
-1.257548439345028586e-02
1.843357008023031353e-03
3.462786224125191745e-03
-4.024907383770864877e-02
-1.041998910789850540e-02
5.729180832229986697e-03
2.972978527872686613e-02
1.863710959953426838e-02
3.726896549397827087e-03
-2.953977956253497818e-03
-5.485950349970567137e-03
-7.165973426023683306e-03
-1.340674778183904847e-02
7.151308490426330072e-03
-1.787746712547429520e-02
5.950949172504476498e-03
-1.510399961942181235e-03
3.820255323902815425e-03
5.436256747494916212e-03
2.358020987393168698e-03
3.140939245350293611e-03
5.526862430309881918e-03
4.536313500790632204e-03
9.765608514047891334e-04
4.360586751912165677e-05
3.223732974719055455e-03
-1.418163674679124046e-03
1.449173772159583623e-02
-3.708411531753275960e-03
4.823209898756238879e-03
-1.301631464803143165e-02
-1.075511871293017771e-02
-9.977259130810019541e-03
1.715301506800698608e-02
4.121355391901016657e-02
-2.458614250272154675e-02
4.643851775830667300e-02
3.440785102344921798e-02
-1.228555453762309076e-02
-1.068060136319897852e-01
-2.123878422131317365e-03
-4.889418332987787580e-02
4.757454549644124855e-03
-5.518072355889799135e-03
-4.079191517507884009e-03
-7.341437285136503737e-04
-1.146988791192179525e-03
-4.610873426021358523e-03
-4.001376518714966878e-03
4.140645439733155360e-03
-1.911157282546987459e-03
4.162205932981187517e-03
9.305960446432868377e-03
9.516044321996196612e-03
3.749137878799889238e-03
-4.533197494798954508e-03
1.022858676658672077e-02
7.864703188684267227e-04
-6.266826657223239019e-03
1.807313780005320378e-02
4.330092468693240264e-03
-9.072812920793179095e-03
-4.394132713075447894e-03
-1.340417651913827606e-02
-1.332311760193588546e-02
-5.187082428030605728e-03
-1.495599956037371725e-02
-1.647685310888458501e-02
1.025466230789608482e-02
-1.064206514446871220e-02
-1.275628339026818950e-02
1.994202932447892811e-03
4.275478328355074992e-03
-1.436644602101013303e-03
2.038104779633997769e-03
2.023836409715656232e-02
1.932009795436051558e-02
-8.844213164996121007e-03
1.013684586106380903e-02
1.503295895895340704e-02
1.117183096958420177e-02
-2.870413591751351957e-04
1.319687901480390280e-03
1.359200512135865131e-02
4.124756597963770768e-03
-5.083061000803136033e-03
7.071234573208657649e-03
6.438274475439505380e-03
-4.499043391893501470e-03
-3.030304485835831271e-02
-6.715597149506810810e-03
-7.104850625914831477e-03
-3.554612838404795638e-02
1.923943504507950181e-02
2.201993308613051439e-02
-2.843557747509584469e-02
-1.140763472300450505e-02
7.607493626800244414e-03
-7.842442337764953626e-04
-2.598082662604726117e-03
-3.976317769575560442e-03
6.208980311385948504e-03
8.278378269092464756e-04
1.470354172170779258e-03
-4.394332576228255141e-03
-3.752184908763948196e-03
2.243571723407866356e-03
9.073204280734258401e-03
1.086685987767473972e-02
2.480449532115396472e-03
-3.188594801424941925e-03
2.529819263323892196e-03
-4.291268075184507917e-03
7.304153604136901824e-03
4.245237638941200091e-03
-5.855277934841702191e-03
-1.687894228199829372e-02
-6.459440020501612881e-03
2.045423841854947505e-03
-4.020757314322287619e-03
-7.735586966281664842e-05
-5.465532017125572170e-03
7.980314100583996498e-03
1.491334710812139940e-02
3.992058215069141033e-03
1.191849334034152282e-02
8.757632380722501705e-03
2.365087549005024867e-02
3.914356076595894296e-02
-2.846078574906721337e-02
4.404606447178291070e-03
1.818009501712558248e-02
9.565588629315141533e-03
-1.813687497470775623e-02
-2.470239800759851945e-02
-6.817179163026378455e-03
-1.572198419088173538e-02
-7.651345157083054831e-04
2.291615846887081961e-02
1.332097122047653723e-02
1.180913693760115776e-02
2.202712478178241520e-02
2.726924192859312215e-02
5.919196815709746977e-03
-9.502264588103664575e-03
3.564051384637775561e-03
2.567016714982735259e-02
-2.918803729432551536e-02
-2.789110637739951326e-02
2.009859844289049388e-02
2.099161910348309665e-02
-1.620731122552550307e-02
6.884590579236402660e-04
-1.694464385645045451e-02
-2.863334704703970890e-03
-6.501469249487515020e-03
-2.118573225012485711e-02
1.434331223760030964e-02
2.738742267468995129e-02
5.746877256957555122e-03
-1.299399673327002354e-03
3.043589859679160514e-03
-1.013835911737650261e-03
-2.116973049264543692e-03
1.430776881587713994e-03
-1.739196267732089681e-03
-2.462628678035764379e-03
-5.182359944094882230e-03
-3.699750898775660581e-03
-1.698858566926757631e-03
2.047828651553106755e-02
1.487666824460589544e-02
-7.296161081771813939e-04
2.209847964981882448e-02
-2.914769140627386512e-02
-2.342451752013704341e-02
1.660073857476099864e-03
-3.403597946703936644e-02
-4.284534878089143323e-02
2.390664183329256620e-02
2.953891250807985994e-02
-7.163026761178427869e-03
2.243550462824521474e-02
-8.789757411653044417e-02
-2.565036694096295422e-02
-1.590159944792083127e-02
-1.795085427469218439e-02
-5.254039070176352855e-02
2.898313206431033309e-03
5.654622934511304919e-03
9.835304532110511477e-03
1.897014920527706179e-03
-6.564590764079486669e-03
5.883345294980307436e-03
4.342488732075973877e-03
-3.154511103735979909e-03
4.196482982997627384e-03
-1.566221944728113900e-03
-4.837581427949200034e-03
-1.527400435759784314e-03
6.531298188732880504e-03
-5.443555724370746857e-04
-1.457069684511132527e-04
6.049080799513923898e-03
7.049090455937186486e-03
3.715357298439344279e-03
-7.830321162547603311e-03
5.001786779236299003e-03
-1.573168909412534866e-03
-7.189758982230017893e-03
2.120487317020661351e-03
-1.360875465227028231e-03
-2.777935908327973206e-03
-7.305381644759416544e-03
-3.522820412168115468e-03
1.587295054941485761e-02
5.997192402327426730e-03
-1.844700140170994285e-03
1.034133301907547153e-02
-1.803999184173656067e-03
-5.051558557795116783e-03
2.480977805216790476e-03
3.103478704697667633e-03
-1.128718554926607526e-02
9.948645538362718005e-03
3.490705938476247865e-03
6.008530876665812634e-03
1.087986142667090803e-03
1.728215877693296473e-03
5.309973044314393251e-03
-6.927863838755307646e-03
8.512291202946139015e-03
6.679575683211294058e-03
-2.250451665111088267e-02
-1.004286523083357252e-02
-3.430443496480908849e-02
2.320173608414276181e-04
5.858732708910305287e-02
2.041006607011227464e-02
-2.177756458670482547e-03
1.152321955160691760e-02
3.158196226395573042e-02
-2.976560658599990139e-03
-1.238001832630100576e-03
-3.593118263613790265e-03
-6.816764845271795379e-04
-2.660883924954109570e-03
-2.990135974814657049e-03
-4.474431161968185459e-03
-3.183455174017187778e-03
-3.413144922275103844e-03
1.719130404269980693e-03
5.119087611807534785e-03
4.575319797474726446e-03
-3.935997123159283226e-03
8.391735724508684810e-03
-1.545245077749777315e-03
7.871004451329197777e-04
1.243358747897554788e-02
2.013202718507064309e-02
6.407143759314650128e-04
2.637663022349250649e-03
1.211555759050020548e-03
-6.518791749537950061e-04
-6.137499279357348922e-04
-5.776845291121147658e-04
-3.331493902580882904e-03
-1.542413130159965779e-03
-4.023150701083838196e-03
-2.541860111363717246e-03
-5.636413093247773058e-04
-2.557760987123181983e-04
4.842772998480304367e-04
8.176206184229015822e-03
4.616798501761153542e-03
-1.209443988157756942e-03
4.471452811205510643e-03
-3.075892585764703879e-03
4.853057968492477219e-04
3.255085805891155901e-03
8.954063510595131233e-04
4.265651447775183763e-03
5.162040129170753638e-03
3.232877515715749505e-03
2.566943338561913663e-03
3.755000548276159374e-03
1.602032846517950334e-03
1.043978694986391446e-03
3.068532826291063033e-03
-2.259283300539898908e-03
5.284647179363789402e-03
4.454098676802242807e-03
1.076704969379049413e-03
2.582141234794205382e-03
3.234713561156883719e-03
-1.104801095456475930e-03
-4.967331227546302290e-03
-2.122470427599593753e-03
-7.514183569831028083e-04
6.039435617934308873e-03
2.070825195439575644e-03
-2.213504095489156331e-03
7.491973721884711591e-03
-2.457729294578241217e-03
-5.091250770539063400e-03
4.712119919919856292e-03
4.934853969914437290e-03
3.690046033012430674e-03
4.586876838115460861e-03
6.202137991972891777e-03
5.829443850755183440e-03
5.551560178837589357e-03
6.318492716193996675e-03
5.500738894196707807e-03
2.798534873952653610e-04
-1.866750068762757994e-03
-2.549926702307145430e-05
5.566681602679737550e-05
6.347689025057623620e-03
6.877096336010291716e-03
3.178933183630723146e-04
5.758768917477634711e-03
6.106844330459500203e-03
-6.027979770659713278e-03
-2.644278450558826699e-03
-9.561047246420277448e-04
-1.571942093920717341e-03
6.603651461493924985e-03
3.717761893049090823e-03
3.105319019876448625e-03
5.065811805111162559e-03
1.497061462416341164e-03
-2.502108261842345832e-04
1.875778342496903759e-04
7.223999172343288340e-04
-8.729406321603973805e-04
3.774736089554716831e-04
1.105307965787591211e-03
-1.875988386661832147e-04
-5.873243837056578128e-04
6.014229468449733870e-05
5.011578435714500110e-04
1.122649354792502538e-03
-7.151639014171831893e-04
-2.783787315128985105e-04
1.090571991114874448e-03
-1.863617561400721405e-03
-8.095962289095896261e-04
1.299125992389976334e-03
-8.834496945987991776e-04
2.848937826296341416e-03
1.622382885935972924e-03
-9.705453176270375853e-04
7.996463779048902361e-05
-6.108126234303167760e-04
1.423931029014386188e-03
-1.320196968185301722e-03
-4.169437851731472256e-04
1.451556934861751710e-03
6.239771754549035959e-04
6.757698010661467936e-04
1.286661757520460563e-03
1.182226728104833350e-03
2.785802787455882602e-03
9.047228407351783639e-04
7.497261362816533183e-04
4.301062412877818333e-03
1.134456861769328907e-03
4.724810371448659452e-03
5.703601735227996523e-03
6.247159837130137304e-03
7.349470538393816383e-04
3.140477767707146577e-03
2.509051756605638374e-03
7.546341626041811086e-04
1.818330470342107005e-03
-6.316053530179487844e-04
-2.171021303623324808e-03
-2.347396771080949383e-03
-3.998896066394403044e-03
1.941543918265875015e-03
2.303242745936297155e-03
2.650217098115630922e-03
2.482866477296149892e-03
3.654199458517051486e-03
4.709398352523965804e-03
9.716478512311570300e-04
3.345234008472176834e-03
3.525258511802597562e-03
1.130945362906361600e-03
4.122311599689901934e-03
3.345014504389356991e-03
7.479902130253922744e-04
1.851846336324552067e-03
1.038717961006656613e-03
-3.117762635523733082e-03
-4.234138591952353592e-03
-3.215001528057519035e-03
-2.848333977645280905e-03
-2.960209119190415888e-03
-2.079425988512818672e-03
-5.508505656724557893e-03
-4.877216446232084460e-03
-3.123473140449941916e-03
-2.277004761176150763e-03
-2.892354883135569207e-03
1.479490816292611385e-03
-1.976086689973556641e-04
-2.173603049983768073e-03
-1.596006340960665645e-04
-1.268766267799228921e-03
-2.693165447806434264e-03
-2.598626562769983973e-03
-9.081525442705557991e-03
-5.948902421454745938e-03
-3.406334011385973772e-03
-4.338948036080703119e-03
9.289411219055184604e-03
9.558259037974987243e-03
-7.366937155552373551e-03
3.942731265753648788e-03
-1.372652169917441692e-03
-6.089692481792479024e-03
-1.866157557964915822e-03
-2.599908899481873700e-03
-2.233729256940235417e-03
1.982388854395718963e-03
1.527187604089216529e-03
-4.197940943313395110e-03
-2.057859274181504314e-03
-3.221432811783114889e-03
7.990599298629268155e-03
3.313614628353833691e-03
-7.504101249874021214e-04
1.256008993273250059e-02
1.191853645454630205e-02
7.341498226857116546e-03
5.334729329344438734e-03
9.577478643646802903e-03
8.208498453829869354e-03
-3.850381961124987699e-03
6.964008827837575664e-04
6.264876164682645727e-04
1.123842702483716927e-02
1.407132364740303586e-02
4.510674444519728425e-03
1.743678856680595454e-02
1.436543949702364688e-02
1.226890442208013708e-03
5.116473936070895998e-03
5.836357466974689302e-03
5.698759708962895625e-03
7.089409443541121007e-03
1.174076442926129393e-02
1.184523826460901104e-02
5.526810049974779579e-03
1.350430135207889189e-02
1.450191237715646626e-02
7.238657349928216515e-03
-3.327495878128534272e-04
-5.238397620042248987e-03
8.474725235081245062e-03
6.142572373082787543e-03
7.783172058447852988e-03
8.162219196698511717e-03
8.668925532128689271e-03
9.149084308329174728e-03
5.327833835969708089e-03
8.479686291532861605e-04
3.151061149708560358e-03
7.409525858458473717e-03
9.529636231502812763e-03
1.437726114514690200e-02
4.999197794976831255e-03
1.383979216779289423e-02
6.997521884432680341e-03
9.494437262180750519e-05
-1.498741151509907317e-03
-1.392897083322167020e-03
-1.124172222701188108e-03
-2.973210796176093372e-03
-1.659213325260778041e-03
-3.761020563216225620e-04
-2.508661204930125090e-03
-4.873930567966137939e-03
7.286431563342026137e-03
2.766570549282509114e-03
2.775857310780312573e-03
7.059124794482051282e-03
2.221449473817768781e-03
1.232837271187486395e-03
6.479835754027974369e-03
4.503747058209412769e-03
3.795557202517536779e-03
-3.498830745622525176e-03
3.667891586634003040e-04
2.638241801040221938e-03
-3.947524432978321597e-03
-3.852577358483291921e-03
3.581029471601849265e-04
-7.738716515595317827e-04
-1.533223933872825866e-03
1.449068867142929264e-03
1.351004408632907640e-02
7.121064686492315117e-03
6.319380991011751270e-03
9.152598548778466750e-03
8.803241928296305988e-03
7.626527598603703197e-03
2.850688868931908725e-03
5.961753469234722450e-03
5.276067589826344620e-03
-1.134143879976052096e-03
2.575050863500152193e-03
6.069391123909305061e-03
-1.571805018633680006e-03
1.777483563139471527e-03
5.497820173866633381e-03
-1.967997117067168868e-03
3.919606279856509452e-03
4.001788758491290655e-03
-2.223176907536335897e-03
4.201207863073532986e-03
5.436324576525045993e-04
5.764937750884863111e-04
1.121608612375260203e-02
1.067257473890461696e-02
-3.158782248887474168e-03
3.542100633492425901e-03
5.235020579391320462e-03
1.692105973995742738e-03
3.747986782956265819e-03
4.976020055356050742e-03
1.766838343111826670e-03
5.342029201072239462e-03
8.520938499911928296e-03
1.100827195606966357e-03
2.677980298486036179e-03
4.731614260163869053e-03
-5.238636716766880731e-03
-3.059500142166982767e-03
-4.047826311299509636e-03
-3.958171859435472353e-03
-1.643960879840452314e-03
-9.276307434804539941e-04
-2.925290958414898754e-03
-1.537767594037288974e-03
-1.054780415911723635e-03
5.111626436532979226e-03
2.609043119956462424e-03
3.129601227945608220e-03
2.805579400037008179e-03
1.730841062153162932e-03
3.256772453126059903e-03
-3.947712254417183424e-03
-5.420249305966684528e-03
6.282161923303811310e-04
-1.049876648201709432e-05
2.283658276822349373e-03
-4.622264851318505334e-03
2.107227469258304235e-03
1.913638249124813284e-03
4.024869568479916092e-05
-1.577854983250270328e-03
-4.670749233761691509e-03
3.022457921072523902e-03
6.459177580844964982e-03
1.043476509903070067e-02
1.058152914059522220e-02
7.475214134193336121e-03
1.145067482843707685e-02
9.828425762973541993e-03
3.283845487031315097e-03
5.166508585028407874e-03
1.316228824048088029e-04
-8.740355263478133407e-03
-6.213950031063340471e-03
-2.193264512166149659e-03
-2.080865196869691874e-02
-1.623372004791658746e-02
-5.355162848354273666e-04
-1.613048399052980850e-02
-1.199868473140284705e-02
2.945681078835773754e-03
-7.499994300715634096e-03
-5.305775415575917850e-03
-6.367626889868993091e-03
-6.331292970990797832e-03
-2.596810083968806911e-03
-2.196500119391301634e-03
-9.093233986152355133e-03
8.790961665943567999e-04
9.596421662050323362e-03
-6.485119463799953647e-04
1.487377505668330193e-04
-3.862223337287417203e-04
-1.009877471779764948e-03
-1.177846408015492891e-03
-1.396095517216942861e-03
-8.759114486164331151e-04
-9.921696104486729412e-04
-8.646872560292290103e-04
-9.354945683085201177e-03
-4.126882778469159914e-03
-1.185593412016095957e-02
-5.753864931695959993e-03
-7.412243537886564065e-03
-8.656303152122863526e-03
-9.885595532537778257e-03
-1.010000463631425226e-02
-3.755842456720294518e-03
4.182513096982106923e-03
-2.376175202003872299e-03
-1.523856724638343076e-02
1.252906040391607839e-03
-3.215903894019734102e-03
-7.043985815541268201e-03
6.823748512948448613e-04
-9.528980749888881288e-04
1.243699557415367703e-02
-1.797218204286039206e-03
-3.524684837179702015e-03
-5.781958487753159279e-03
-8.501480315826963167e-04
-3.993778086038495684e-03
-7.268649638670662654e-03
3.285261307549222458e-03
4.520983844303723084e-04
-3.628136449647748410e-03
1.146700204236511013e-03
-2.101851593961697059e-04
2.197677346665817457e-03
-3.782065587733697901e-03
-3.795010981942301045e-03
-1.568907622572780682e-03
-3.357861855624160244e-03
-2.369894907768404710e-03
4.452119128102844753e-05
-1.375276545976418952e-03
-8.622062284488798403e-04
-2.665500531299751057e-03
1.235680566241322779e-03
2.785359192911113571e-03
-1.069424118183497953e-03
1.574075219197742940e-03
2.018650297900737803e-03
-2.120849181790670796e-03
-1.566618632900281536e-03
5.351553384220978163e-03
2.879672638537140918e-03
-4.619525591031804421e-03
1.511001658273317680e-03
9.489087549012709859e-04
-3.246569512612768136e-03
3.805855341385245942e-03
6.888003087617599121e-03
3.520143353933119675e-03
2.092657086267749392e-03
-2.690281382123895990e-04
2.119150516510043269e-03
1.447072720042278824e-03
-9.626790293642500213e-05
-2.446854230497232888e-03
-1.587707401548342154e-03
2.754298504052731596e-04
-4.743017667341048287e-03
-1.226468494800012901e-03
8.783380285799587475e-03
7.882320812798887175e-03
7.839108063671209811e-03
6.599886691581734709e-03
9.483062955566766775e-03
1.098090913896497718e-02
-5.747326199463587658e-03
5.318987915604800809e-04
-5.221512767352913618e-04
-6.574547678552447984e-04
2.016819334263353965e-03
5.864431914751343277e-04
6.366414763200367631e-04
3.648804874482308030e-04
-1.280366845342527761e-03
-3.060581745477386787e-04
4.663030765148037243e-03
-9.354183827030775967e-04
-2.963083559063373756e-03
8.587594684843326623e-03
2.002156798624299665e-03
-4.803197680722721182e-04
1.294572267348927629e-02
7.554862078872312189e-03
1.254749024931407515e-03
-1.898224197897022125e-03
-4.193229536768993001e-04
1.923565864500615535e-03
-8.567068699373390096e-04
-2.545681651531278740e-03
-2.293914704511435497e-03
9.001216645662724926e-04
-2.985518694086178228e-03
-4.137430835539149254e-03
5.384275100933522823e-03
9.564436550159229750e-03
5.447765189971257721e-03
3.833459875087136433e-03
4.557371498284557877e-03
6.521482202031474336e-03
7.496096170932383534e-03
8.060492568771672819e-03
4.499082761410595765e-03
7.553227188293498880e-03
8.668354137683563845e-03
1.039127732305733520e-02
5.306913404431152538e-03
4.928888821470723235e-03
4.241866772830663566e-03
6.845187461561180742e-03
5.898595561543554244e-03
7.439285685427745286e-03
4.572269909087938074e-03
-4.879000998017444385e-04
5.925287316837427390e-03
-9.023651372438708934e-03
-1.826646092604237645e-02
-7.763796467420660229e-03
-1.204050196162625118e-02
-1.603423001781089860e-02
-1.037522319528296627e-02
5.176566953488921999e-03
6.688564532443307467e-03
6.126597092721404458e-03
1.563425106780316808e-03
3.502191640746315799e-03
6.006031932335769569e-03
3.508071604282916867e-03
1.980859963864458478e-03
5.500841060065751222e-03
-3.391528799540945594e-03
-3.046895350508352796e-03
-2.682146243332591325e-03
-5.684019446472146804e-03
-4.432864209088529378e-03
-4.013035062892952864e-03
-8.593997255242213570e-03
-6.016586579526948114e-03
-6.051227174416596785e-03
5.178695154850700491e-03
6.435004934982112811e-03
8.322830558794173939e-03
-6.317117924016575625e-03
-9.127913714382729707e-03
9.705218121575365491e-04
-1.046834514654174098e-02
-1.373144079872887745e-02
-3.689268100042184494e-03
-8.939389417322037013e-03
-8.517492646655949046e-03
-1.129876921778069122e-02
-6.608968625019441372e-03
-1.362252830426806567e-02
-4.484170207655327825e-03
-3.223052324517912664e-03
1.254929152677766594e-04
-4.612358293949012805e-04
8.497479243306510629e-04
-1.211010531032728418e-03
-4.233113161724875832e-03
3.521933574514850718e-03
1.663688497788663560e-03
-1.906917106952676043e-03
6.600002994794220736e-03
5.211190902249357784e-03
1.676883371263464739e-03
6.721357782467049340e-03
7.627820245515469499e-03
1.053251972941901711e-02
1.393137332644859812e-03
2.436623847626746310e-03
3.789410086950264697e-03
-6.641110923779798603e-06
1.223250942993478604e-03
3.819075241429727673e-03
3.398679250728888542e-03
5.651367751126136138e-03
8.684808148035612005e-03
-3.730969782689269945e-03
2.977637940913645045e-05
6.547369060656469363e-03
-5.647560793891296706e-03
-1.860998822101501884e-03
6.667405049355583369e-03
-5.236450464636689499e-03
-2.191393823032470115e-03
2.332656880607084874e-03
-1.112082209650710508e-02
-9.642146438627516997e-03
-5.223871372783856458e-03
-1.041067381835500925e-02
-1.007984389036380851e-02
-7.493439048201816846e-03
-6.383578158109378016e-03
-4.559564657097921539e-03
-1.379365977432093831e-03
-7.905111591083636285e-03
-4.226896896314651791e-03
9.001334294997003545e-04
-3.540961602110273988e-03
7.409628040480257085e-04
6.299545744353415855e-03
2.908982044830152672e-03
7.475074487756405749e-04
4.333785321590407670e-03
1.661111601891365145e-03
2.486027431426488204e-04
-3.482812792848783215e-03
2.970107131931157014e-03
-1.853040220114158527e-06
-1.036417291898142357e-03
-4.476679824986639668e-03
-3.191361223470400368e-03
-2.995934289776948541e-03
-4.296913144115455975e-03
-3.708593755421558686e-03
-3.663385371659775777e-03
-1.174619339080789499e-03
-1.869950997748600317e-03
-2.906811664930446671e-03
-2.951512654648436908e-03
-4.564039837519690522e-03
-5.394962917158394912e-03
4.386059799464278944e-03
4.468202439498674544e-03
7.860072797585626950e-04
1.010398390669250100e-02
1.218919069473570031e-02
6.946375901750009157e-03
-3.344058722643740433e-03
-1.657375657498242694e-03
-4.060896859134635432e-03
3.248183609966583292e-03
2.450705986893852734e-03
-3.616107024827610802e-03
-9.755283647103733455e-03
-5.884126553197013311e-03
-1.047478800376798122e-02
-4.406776027781562043e-03
1.058503802149550997e-02
-1.144995817610503197e-04
1.816537084171394867e-02
-2.759603225131531182e-02
-1.578736152699649481e-02
1.253042821262815611e-02
1.884141684587219796e-03
1.293291317577604550e-02
1.121489727379524487e-02
1.624200935200061091e-02
1.290788663189449195e-02
6.723857231446240396e-03
2.002689744067832553e-02
6.642804656336143837e-03
-1.223319705501510306e-02
-1.496792457834787704e-02
-2.712727032837344149e-02
-7.881208944343581421e-03
4.374661057474978104e-05
-1.381653717291886742e-03
-1.106838988581570343e-02
-2.747107800918108245e-02
-1.627186140319871605e-02
2.098274543308924992e-03
2.099873786039767320e-02
2.354401089427361413e-02
2.189640226163627398e-02
4.350159294350931793e-03
1.991173066193148780e-03
-3.260265082052033825e-04
-4.491651758810714934e-03
3.427610987116318925e-02
-8.131691434553053400e-04
3.811369510205145708e-03
2.823793152291438624e-02
2.539500445543373987e-03
3.607694987912720645e-03
4.896912619295208657e-03
4.715772579985964656e-03
7.439333759060008655e-03
2.542113410401236791e-03
-4.198308527095018228e-03
-1.589046698431779850e-03
-2.428416478361926107e-03
-1.262625438798837575e-02
1.367754598108770168e-02
-1.731566069307499678e-02
8.055057323429220704e-04
-1.614044542016281752e-02
-3.219685970981350787e-02
6.773925864004138285e-03
-6.743350404115075990e-03
-6.694977305655758909e-03
-2.529666347771610674e-02
2.914870795855981772e-02
-2.957269396370380485e-02
-1.486618965376737544e-02
-5.757402795255658207e-02
-2.343636894767225573e-02
8.163829434185254641e-03
2.011949260165442691e-02
2.371452433914328708e-02
-5.070332652924365059e-03
1.446365920770139408e-03
1.921555299705165771e-03
-1.059669373892360711e-02
-1.198567296954775735e-02
-6.613931639343346471e-03
-9.174104646893736911e-04
-3.322313281929524346e-03
-3.115535270143586326e-03
-5.377157827589618827e-03
-4.922117352583725396e-03
-9.922828036168182889e-03
2.555420618342672291e-03
-4.519615405308194389e-03
-1.041283479985866296e-02
1.177813412641673385e-02
5.905943096954071811e-03
-3.395160220455576902e-03
-6.637811610675723936e-03
-5.858984574820802742e-04
2.879436320981593818e-04
-3.514820020630368604e-03
-2.236173425439400876e-03
-1.024556503550219828e-02
1.558171080069952743e-03
-6.433045786215605723e-03
-1.530394028683287541e-02
8.225239721743143190e-03
1.313900865592399630e-02
5.781865984259295342e-04
1.898689597446292371e-03
5.271832343278798350e-03
5.255904685948673341e-03
-1.821830432237864835e-03
9.459879866478421162e-03
9.132441718186185692e-03
7.115310284023690542e-03
-6.101771240142083927e-03
-1.039676608790913136e-02
1.017948727937480549e-03
-1.052173904137042489e-02
-1.220386489084281101e-02
1.751569917271900709e-03
-5.359429852729355633e-03
-4.194830811060222542e-03
4.527133904389130450e-03
1.287860340503913653e-02
2.068944912362449991e-03
1.138355973661841873e-02
6.097055697855353895e-02
3.106331888027168836e-02
-1.220735671233954753e-02
-1.335791275911376967e-02
-2.379807041448460739e-02
1.888292144796613250e-03
1.655116480655177431e-03
1.698969210362372096e-03
-9.351716017785257143e-04
1.168629749385315759e-03
5.614009547832729367e-04
-1.025490112410748673e-02
-1.084692377015099816e-02
-9.399456673389806199e-03
5.852690084396431486e-03
5.246615231727761591e-03
7.890624196255678971e-03
-1.665638953756301902e-03
4.382037926203367559e-03
2.966477384351921733e-03
1.362139271283512032e-02
1.165978008900444944e-02
6.392967562977100102e-03
