-2.998462024952250685e-02
-2.576659939604617963e-02
-1.005530089669343097e-02
-1.178411953337682970e-02
-7.358160818620575715e-03
2.914778728412630374e-03
4.225908798653710448e-03
-6.219035697593067223e-04
-1.325147132618195202e-02
-1.315781346044953178e-02
-5.109276141435165931e-03
-3.158912115142306545e-03
-2.340067679586538274e-02
-4.926921822766162223e-02
-4.101571781751003204e-02
7.950826961961404010e-03
-6.005920489743963144e-04
-4.110263667973279578e-02
-1.438845678113366208e-02
-2.447216536930766836e-02
-1.648659553318291768e-02
2.058166982484484556e-02
1.886378486427956261e-03
-1.030637097735363598e-02
2.918003062423260574e-02
2.209084953471320348e-02
-1.714061322687621862e-03
-6.387874159155615753e-03
-3.689293440544425332e-03
4.264072009251538599e-03
6.344690001405321224e-03
7.638507259999881976e-03
-3.106826370000792623e-03
1.715327320456776347e-03
-2.209978293435605704e-03
-1.831282523206205839e-02
9.181207344647324825e-03
-3.379598249342805061e-02
-2.941446224805798967e-02
3.531398068929560152e-02
8.685123197270850151e-03
-1.843244643973614497e-02
1.631214233905269040e-02
9.594747139015681603e-03
5.843653530447763707e-03
-2.069553171651371606e-02
-4.130354468263097711e-02
-3.489602548424620976e-02
3.388483151532656334e-02
2.306007794988907539e-02
5.814584923208727593e-03
2.332096308402316701e-02
3.596521643404489155e-02
1.394165240845855573e-02
-4.654077619243902203e-02
-2.500633981879506196e-02
-7.253745867228093835e-03
-1.764408820430605346e-02
-6.567902937307125606e-03
1.044968387251079059e-02
-9.974543223613881529e-03
-1.531073290981453672e-02
-1.402348975040482344e-02
-2.231644903871727453e-02
-3.073918543373092838e-02
-1.515431791159107047e-02
1.375613699074441703e-03
-1.181379841646355887e-03
-1.253253781149378694e-02
3.418697584137220247e-02
2.275587621516114711e-02
-6.560795820599980670e-03
-4.115536061759589130e-03
-1.245887427052888054e-02
-2.641678144111375345e-03
-8.817146638475275786e-03
-2.284373321419233896e-02
-1.575189352935771683e-02
-3.331306926745816049e-02
-4.856338227143239261e-02
-3.776533281893894312e-02
1.661708289709410216e-02
-1.476458731526794285e-02
-4.233779214631212123e-02
1.471590288413289135e-02
3.571302253690344930e-02
-3.099934797529215955e-02
6.313205935345699883e-03
2.180664277398241396e-02
1.521776582440333668e-02
-4.185293837299248684e-03
8.770109302899373876e-03
-2.526442287786675837e-03
9.330574306059540024e-03
3.290245749869948923e-03
1.445541248161092644e-03
2.039214346650617196e-02
3.928560851233171836e-03
5.996171852460736341e-03
-3.692206728641618529e-02
-5.255636130915270626e-02
-4.862204016806988272e-02
3.740356389334387150e-05
-6.775095482977314468e-03
-6.900535411167323455e-03
-1.192841925756430105e-03
-1.135237988492503354e-02
-4.838425332554141707e-03
5.948078220284622880e-03
-5.517095573575819291e-03
-5.135391403109133314e-03
2.315310216750729108e-02
1.688425257400020044e-02
1.058044326363493694e-02
2.154170125315002515e-02
3.109881644617018548e-02
2.584731032459271216e-02
-4.798961909785910002e-02
-6.104112769947717815e-02
-4.898068759762694985e-02
1.586828352118714591e-02
8.187998334805168116e-03
-2.171024970383899667e-03
3.801358913840349740e-02
4.810184168472432520e-02
1.804363710025119055e-02
-1.002369120470133324e-04
2.158546322526675929e-02
1.555920801966278674e-02
-1.835690922207289244e-02
1.968535184426864135e-02
8.536761243318456011e-03
-3.162453987362625479e-02
-1.492615979363405912e-02
-9.065117946134364571e-03
-4.549223009549231006e-02
-3.486442293377998991e-02
8.175950580650194130e-03
-9.757476544573914778e-03
-2.457135337298760325e-02
-3.388754659361917915e-02
4.259284589995259579e-02
-4.154679803860368559e-03
-4.195692548206195194e-02
-4.930944316580620351e-02
-7.236423442848134713e-02
-1.034502770737919658e-01
-4.892360021532262543e-02
1.480575216526215307e-02
-4.442524489571013369e-02
-1.039977444363345827e-01
-6.837620138201737363e-02
-5.466840789079942253e-02
-1.105747266944678321e-02
-3.921671758871279195e-02
-6.079750223415118782e-02
5.276063891971505965e-02
1.120330721668501631e-02
3.573016912242916315e-02
4.089443681284531812e-02
5.749782475785540636e-02
-9.470545976576356592e-03
8.324753604673389758e-04
-1.813426485452939232e-02
-2.398585124020866793e-02
4.062142758565615713e-02
2.470519727424270312e-02
-3.943373945203201836e-02
-3.984801075689985844e-02
-3.806024307668516831e-03
-2.245119423278216231e-02
3.279551624426526452e-02
3.401301048869774524e-02
8.359590790348642511e-03
4.774062232690044066e-02
4.259676418974678302e-02
-1.470816431939291589e-02
2.529713706175312944e-03
-1.379314905927693860e-02
-6.351293789439335993e-03
-1.855874061261147956e-02
-1.016507654754384704e-01
-3.069457353267836947e-02
-3.878915384510556175e-02
-6.066427771578033340e-03
-3.701719414106371953e-02
-5.528356643164265838e-02
2.275134978936377977e-02
7.320098148069734134e-02
-9.204717577059479128e-02
-6.631981259648253579e-02
-4.806920623786632013e-02
-5.119671073319979893e-02
-1.173751448218833017e-02
-6.929854139037106529e-03
-2.133482989721341427e-02
-3.165331994599595352e-03
-1.236742407244529468e-02
-4.370817377686083555e-02
-3.417365947508188562e-02
-1.029649769271736015e-01
2.803724620499842626e-02
-3.047268424349471733e-02
-7.127721307057556521e-02
5.281171293250643689e-02
-3.035691712800160300e-02
-2.995932831887720624e-02
-3.578277160396706874e-02
-4.247114967340847452e-02
-4.070509232963413077e-02
7.677832927000009626e-03
6.695287550249884312e-02
-1.708589247507216399e-02
-1.988697283817216985e-02
-7.181852257341992188e-03
-2.487990066982050108e-02
-6.291931957264794428e-02
-9.579245460347526886e-02
-3.774499300183481454e-02
-2.987082266922889019e-03
-1.353880681454910570e-02
9.202703335977509280e-03
-1.101273504253818744e-02
3.569386556407156547e-02
5.194037578520391274e-02
-8.816080303687613695e-03
-1.734080264005368258e-02
6.461112619450823380e-02
-9.396519382643951993e-03
1.333756964137866874e-01
-2.675671539974311397e-02
-8.673026495823622783e-02
-6.889701271534098836e-02
7.120458654884030333e-03
-6.039706412124833980e-03
3.268412754813112674e-03
-3.941178331867094264e-02
-6.318916190056372839e-02
-6.135256407471031265e-02
-5.966242240357096799e-02
-2.154912729571656013e-02
-2.260064070108709980e-02
-2.234219882245511504e-02
-6.917481498248434502e-02
-2.440736902639998544e-03
4.371389955144580619e-02
-1.765469630400201898e-02
-1.359174112192999568e-03
1.316791543201983709e-02
2.523676545701819887e-02
3.426281389923412773e-02
6.690621936594055678e-03
-3.094685884528010703e-02
-1.064409334866758469e-02
-1.943289536882635005e-02
-2.301529169751406409e-02
-6.028892641280783615e-02
-6.541149594929041022e-02
-2.378803646574237374e-02
4.953741592877788751e-03
-4.763760107541510115e-03
-1.359246428234413828e-01
-1.620185926998001791e-01
-8.387548249579505899e-02
4.789191938728486891e-02
-2.080771516654112210e-03
-4.450864120357730935e-02
-4.138288057271299891e-02
3.762481706578462565e-02
3.161669167696939953e-02
2.919770262714185480e-02
1.325836481784391403e-02
-7.025968497049975454e-03
-2.652757768873398314e-02
-5.722420750670444145e-02
-2.175618791540626052e-04
4.258235660918807501e-03
-2.118703220877935986e-02
-2.151179721179791865e-02
4.437478537522057676e-02
-1.211217884745078265e-02
-4.818098950274163350e-02
-1.644555592070429811e-02
8.831883752022451697e-03
-1.862334898005896938e-02
-2.889845587233293156e-02
-1.968914577385983897e-02
-2.695112135901930883e-02
-8.751145918103497845e-03
-1.642764497417443029e-02
3.705377111680692188e-03
-4.163522616714084327e-04
-1.022577371909641139e-02
8.355779114058766582e-03
5.628092260115258316e-02
4.699298701997436239e-02
4.287101692104194894e-02
-2.152763044715332377e-02
-4.869102970169147948e-02
-4.930434650545988118e-02
1.055765769983009819e-02
-2.107433870840867002e-02
-3.379845003645429169e-02
1.451675095626757048e-02
2.458854784054533438e-03
-1.173199504280524226e-02
1.465512029337697961e-02
-2.107013353342776854e-02
-1.665073603796036680e-02
2.848768538213882970e-02
-9.677930853772725647e-03
-2.958014046607782693e-02
5.232471394840180340e-02
2.244013632102165659e-02
4.567537076903473159e-03
-6.051860237418949136e-04
-1.188288484560831582e-02
-3.595094089713280709e-03
1.025992597692227358e-02
-4.699683110658480715e-04
1.035055710626752237e-02
3.955246434309066944e-02
2.555262780223439834e-02
1.601980865345800295e-02
-1.070538114059681016e-02
1.889697446681775500e-02
-3.431331486503557543e-02
-5.953240027877426330e-03
-1.956075337035696055e-02
-2.532607494047264124e-02
4.283543261956509335e-03
-2.045762028805953384e-02
-4.528750920044745387e-02
3.580386782576060016e-03
-2.800532329405474793e-02
-4.694851160125457917e-02
2.229385313045981459e-03
-1.328241276240214484e-03
-1.675449696962441962e-02
2.256839244824042010e-02
4.118009889584638150e-02
3.620641297086681087e-02
-4.183655686945055019e-02
-2.185240891999116683e-02
2.026028959688387296e-02
-3.907298617481377856e-02
-4.991523280152260211e-03
2.923701555817532008e-02
-8.284624872574317470e-03
2.999730558691044921e-02
2.116231296593723207e-02
-3.238558510185634513e-03
-4.358137622436961123e-02
-1.951127332153306318e-02
-1.871872469727848057e-02
-5.490681722050121810e-02
-3.514803423413034172e-02
2.225517564205197266e-02
-1.173752010520086883e-03
3.987720041540016372e-03
-5.373259271764184095e-03
1.288030735180767904e-02
-3.083713832294816826e-02
-1.525556033023768056e-02
-1.884852844378196932e-02
-4.814880900965093358e-02
8.940928289413861696e-03
-2.583145025725770011e-02
-7.158917858157377856e-02
-3.155186351293674807e-02
-2.806822994889589164e-03
3.293354354281375490e-02
-3.860311856500276556e-02
-3.520845909030410892e-02
-2.431135507034549309e-02
-4.336194938688837930e-02
-2.804047880309169793e-02
-2.587387608914746770e-02
-4.919667651863386670e-02
-4.445556911759799418e-02
-3.011146832560971168e-02
-1.322598928512140615e-02
-3.035490753972606634e-03
-5.437458116900728729e-03
2.891961409339065953e-02
3.506826994987315843e-02
3.346583635630531739e-02
-1.405112066377346008e-02
-2.308031180786045133e-02
-1.761484130319053779e-02
1.881119546245046958e-02
-3.301446700280562946e-02
-2.301828667368126247e-02
1.863725618533347691e-03
-6.195113157962835876e-02
-5.342084283295835817e-02
1.627246109205682592e-02
4.276095814315914768e-03
-6.018862368171352603e-03
-3.557917921948720169e-02
-4.551501812573552352e-02
-2.091512198894151381e-02
-3.184846341528946301e-02
-4.950903847546045400e-02
-5.486419101192103326e-02
-5.363859690120828874e-03
-6.875198484049548087e-02
-8.687589919687076223e-02
-1.884754502507607690e-02
-6.845964003632640238e-02
-8.770626567301489929e-02
5.836380478799291227e-02
3.415742111600787029e-02
-4.856178126533346358e-03
-1.820737432539370690e-02
-6.852512833624038562e-03
3.965512491265612421e-03
-6.541575397774076692e-03
-4.391874081533210343e-03
-6.398625435844035574e-04
-1.354055880494007408e-02
3.245594262373553088e-03
-3.103489165164832839e-03
-6.249451486680105555e-02
-7.847794797021284685e-02
-3.610596338369088942e-02
-4.108651545874499045e-02
-5.697710508266302237e-02
-3.203338990028466865e-02
2.364916139946293683e-02
3.273382747997873737e-02
4.040687465432644954e-02
-1.045853421210144775e-02
-8.808017066644577026e-04
-4.301895958931700563e-03
-1.131699331157099385e-02
1.055181035451198401e-02
-3.257763761296834926e-03
-3.016582111963377749e-02
-1.462533775787383875e-02
-6.905788353817905040e-03
1.699410761827431504e-02
1.375800550451607325e-02
-4.096634396684071915e-03
7.979648183946646753e-03
5.115338633791146716e-05
9.856237874404408586e-03
1.980851530393984428e-03
-9.384187727558635297e-03
-3.077032077182090090e-03
-1.528502580323361400e-02
-1.728124798351193120e-02
-1.232568173735607529e-02
-9.838875185785139407e-03
-7.528337002131320690e-03
-1.145857944157858445e-02
-1.991118548089717763e-02
-9.007024852278848817e-03
-4.879492713366846528e-03
-2.317826591116729177e-03
-5.710442825337950362e-03
8.022918000516791014e-04
-1.674844375700407402e-03
3.380014202298731781e-03
-6.811069717810785962e-03
-4.770777325973612169e-03
-3.441680625290933094e-03
-7.815429949759360173e-03
1.879400378178477287e-03
-7.709297574256200256e-03
9.571885878523901658e-03
7.880411683664715478e-03
-5.707582794781404859e-03
-4.530669881584916368e-03
-8.605432638459415209e-03
-1.413812360209493711e-02
-2.378595288237405139e-02
-1.546536923338724147e-02
-1.609851981745981722e-02
-1.384970331792214314e-02
-1.273654712429639520e-02
-2.538329527871004826e-02
-1.634285063781122302e-02
-7.135762690692497474e-03
-1.585938853408630847e-02
-1.418581716076750161e-02
-3.393864779098935448e-03
-2.418279192648769508e-03
-8.956976100156204684e-03
1.010127175886170806e-02
4.311137757995122007e-03
-7.225455060084535856e-03
1.448274266670007519e-02
4.799252848355971789e-03
4.030860289566061058e-03
7.223877800650210269e-03
1.036433574370614757e-02
4.091790670039690062e-03
8.722221854322299156e-03
1.547981734337278321e-02
-4.766090113093170524e-04
-2.023275174373390019e-03
3.189841422550992577e-03
1.617741238061664363e-04
1.971664493321772377e-02
-5.714247999375599192e-03
-4.157254780078553820e-03
2.173371517468085032e-02
-3.918494281020526958e-03
-1.262013261450617777e-02
-1.088452153821602326e-03
-1.018208919174862399e-02
-1.393862524028941126e-02
-2.052208472776019098e-03
-1.703860387527259684e-02
-1.009625119662071330e-02
3.149850551509213777e-03
-1.017379859706376947e-02
-3.264769089195807689e-02
2.278424874960850548e-03
-1.719512619577332271e-02
-1.639335787900089714e-02
-4.857829283211352947e-03
3.731933083114947428e-03
1.881275405940005963e-03
-1.148549588721901188e-02
-8.425488514491690645e-03
6.944051156035502791e-03
2.222465963458754041e-03
-3.549546417468978435e-03
1.811950112040453670e-02
-1.196599955993442625e-03
-1.319920858444607187e-02
-1.445396196030420202e-02
-7.575218044020243929e-03
-7.044918394258799926e-03
-1.053360092286457009e-02
-1.564504810396004017e-02
-2.671497784346984171e-03
-3.247778254462164657e-03
-3.085746221642708849e-03
-3.731028226775815956e-03
-5.264158266661086126e-03
-3.237453515631165315e-03
-8.921878512508665121e-03
-3.107384695161584040e-03
-3.606189782556521849e-03
4.253607006214080643e-04
5.970104507564448319e-03
-1.823854748578792456e-02
-2.084139277150626884e-02
-3.118761356226077211e-02
4.328232341032424955e-03
-4.232749675421382729e-04
-2.131966746004821875e-02
-3.522360796676444333e-02
-9.147729299967025454e-03
-2.236806118164748336e-02
1.208032127748244304e-02
8.873856239279488863e-04
-4.399240033111145344e-03
1.499057456956013126e-02
1.014935499758891184e-03
-9.243693985188197390e-03
1.101128093040822445e-02
-5.691548868800412088e-03
-8.690154002360313615e-03
8.021634872871189967e-03
-4.147149481388111812e-03
-7.251590362998786010e-03
-1.163739552557112485e-02
-5.401818361205117103e-03
5.314373158678937017e-03
1.101386572491519890e-03
-6.482164064667775803e-03
6.450288735331138196e-03
5.536664478543334468e-03
9.549639113344408903e-03
3.083011553615363706e-03
-1.953350601194724784e-02
-1.780660382207387474e-04
7.207667092126758546e-03
-8.222323552242363082e-04
-9.638839097099209056e-04
7.203429773334284539e-03
3.143577212443824515e-03
2.031377203002450102e-02
8.972374427629633067e-03
-2.833841626062678833e-03
-9.913863892449603990e-03
5.332595903466412664e-03
-6.491265202718297413e-03
1.034153401905199381e-02
-9.374069165108767435e-03
-2.648797565411035310e-02
-8.687312681214974172e-03
8.275746151525103719e-03
-3.589524540093957938e-02
-3.659144718575404499e-03
7.101302355680629355e-03
-1.948943659795925043e-02
-2.436195350053090188e-03
2.770902549291924880e-03
-1.016253672025886970e-02
-5.290343845560784887e-03
5.431901823555993630e-03
-7.309475148557500676e-03
6.946271757251640255e-03
1.141586801350753105e-02
2.496559896528213838e-04
5.343269547997962429e-03
2.882270341033248227e-03
1.974862846213496989e-02
-1.870075194210487832e-02
-1.507761063621139864e-03
-1.317713095503315023e-02
-9.969004630763885627e-03
-1.571602143093666542e-03
-3.514873793368254729e-02
-2.773156906773222366e-02
1.385145669897579689e-04
-3.162440220176955530e-02
-9.929231375946154584e-03
1.733789598122477882e-03
-3.335903074194064566e-02
-2.545031382366503159e-03
2.753497971336628380e-02
-1.455176675954729555e-02
8.406821006074099642e-03
3.577553810158438236e-02
-9.357866554043272472e-03
6.348552127237666078e-03
-1.709513194473299968e-02
4.313259401439910670e-03
1.931467134261438331e-02
1.086186232044054727e-02
1.029169540747037689e-02
1.127920129408971003e-02
9.162328616359127764e-03
-1.135017983312717332e-02
-1.340345783053967926e-02
-2.230894170510344318e-03
-2.879677306453291494e-02
-8.442423898391327591e-03
1.045206181367586834e-02
-7.622855754314390025e-03
2.067232500250621753e-03
1.036071679380374914e-02
1.125641545923851232e-02
-4.271964412713755155e-02
-3.082419741153484202e-02
-1.904945462954842766e-02
-3.633565386064047109e-02
-1.206928675673125083e-02
-2.227297562562674180e-02
-2.007081483477527947e-02
3.754787804857620645e-04
-4.151106276728073509e-03
1.489129115964664147e-03
1.885263153685415652e-02
-5.065368066867080576e-02
1.731955401518189483e-02
3.417810706161837631e-02
3.582157968271769497e-03
-2.334505096116646500e-02
-2.615142127280454740e-02
-2.327438934857766276e-02
-1.668060757012086118e-03
1.143584655364446659e-02
-7.774803522742763625e-04
-9.975918578052351930e-04
-1.729094704088633347e-03
4.831724694728841210e-03
-1.611087567015064654e-03
7.011580518644163970e-03
5.383260309315670254e-03
3.814229287833679344e-03
7.750132361027955649e-03
-2.011407590371112192e-02
-9.237647140503421270e-03
-1.760183930735616416e-03
-2.627939341336318901e-02
-1.935254263294444027e-02
-2.103696896857871774e-03
1.645904351884984462e-02
1.019304890540777796e-02
-9.110964212911996235e-03
1.541060334858007294e-02
2.676954755742835985e-03
-1.478232040315786977e-02
3.355049936025580101e-03
1.505798229777125744e-03
1.316994837098538207e-03
-1.960504982440722591e-02
-1.853530740839804541e-02
-2.510500196516516486e-02
-6.071980438644893757e-02
-3.551625899133124126e-02
-6.237120625570042459e-03
-6.191966113856411935e-02
-2.935280651875733782e-02
1.120120411247088089e-03
1.332539369262888095e-02
1.741875523997857625e-02
2.049444161293405807e-03
9.675425638214843471e-03
8.424025526744901085e-03
1.817862109617733243e-02
5.107813080632296956e-03
1.032804455809629464e-02
1.507590710582538095e-02
-2.004363910194505854e-02
-1.214301780806227235e-02
2.060665914088984779e-03
-1.236464597505529568e-02
-1.815366222530490764e-02
8.550926366632013303e-03
-2.604040165378147115e-03
-5.852796379206656914e-03
2.740746368718446034e-03
-5.070938453685675668e-02
-6.129354693290857414e-02
-4.933934114919344416e-02
-5.965896235677613235e-02
-5.857065483831969122e-02
-5.638538029602632728e-02
-5.824917292124919682e-02
-6.114183685514767985e-02
-5.382287877536191117e-02
2.562375818166952660e-02
3.293684530088037549e-02
-4.134703103999162570e-03
2.102746533454723232e-02
5.858099441368865359e-03
-4.063670051673434064e-02
1.722581733516553165e-02
2.189351840449518111e-02
-5.679232860863904497e-02
-2.490708198320337047e-02
-1.323424230797682830e-02
-2.994068227405219731e-02
-2.088216713369587738e-02
-3.985899765299606885e-03
-2.461007289725332045e-02
-2.442159261880691434e-02
-6.242215110361700424e-03
-4.061649204394129908e-02
-4.451808039117371302e-02
-2.487702560376937530e-02
-2.762360418244899293e-02
-2.850110772459637024e-02
-8.304478577263458075e-03
-1.981022596738119326e-02
-2.519700667984580214e-02
-2.109066212386024805e-02
-2.533646621363474724e-02
-5.211254169225126333e-03
2.304951231784182087e-03
6.395279658771175872e-03
-2.050516217322335619e-02
6.986267891859713683e-03
3.475449291873509983e-02
-7.913248324528804334e-02
-4.311965423536241043e-02
4.137844132493774529e-02
-9.748497521378934882e-03
3.862467986173733631e-02
2.737833737692347419e-02
-2.196972867201326882e-02
4.484841638203754949e-02
3.713826115036744646e-02
-6.575437899042889563e-03
5.100928712152800332e-02
6.611370890416504165e-02
4.684965988457102763e-03
-3.876054028355666037e-02
-7.907056043504367970e-02
4.069938464653621163e-02
-8.245824677823258148e-03
-4.546243311889936606e-02
5.024329872945394737e-02
2.384320854365233958e-02
1.173191863802520128e-02
2.162947776547001488e-02
3.345557599238245527e-02
-5.654946847713358165e-04
1.150084442758039435e-02
4.125270168994010084e-02
1.943493740709876030e-02
1.199678720197742618e-02
3.445708097121644164e-02
1.894800855938201523e-02
-3.659309498952192409e-03
-1.477142642101771791e-02
9.533132893765157087e-03
-1.566688677079814546e-02
-2.348228736708709782e-02
-3.546937198322988572e-04
-4.895503704755509861e-02
-7.059325505218685959e-02
-2.952120327124647947e-02
8.593392486964224197e-03
6.292300491392950612e-02
2.933830896312707159e-02
-4.044728372642504566e-02
3.942801327901965941e-02
6.785198794897787100e-02
-8.615889358787748309e-02
-6.600775066025744986e-02
-2.083821404848956726e-02
-9.696122288109142173e-03
-3.993305959459420712e-02
-5.273954445783251427e-02
-1.650543303412502943e-04
-1.858950535956621630e-02
-4.058150202313307031e-02
-1.346078614228491711e-02
-1.990069785736299501e-02
-2.780637738989647639e-02
-1.724673787990949753e-02
-2.158877663697380406e-02
-2.135526789935439720e-02
-3.571563181426519462e-02
-3.424685827813259836e-02
-3.103007727654253506e-02
-2.536626828165770148e-02
-4.723153874341962793e-02
-7.699344171018443483e-02
9.560489535553034351e-03
9.408856154884371117e-03
1.486592934869899844e-02
2.300560121420178183e-02
1.234165204412102437e-02
1.020892146870033650e-02
1.367986452383773005e-02
1.530668654689976496e-02
-6.006757459262110702e-03
-4.383735090882398544e-02
-3.670573072447945451e-02
-6.809107296887052796e-02
-6.668195362372823787e-02
-2.437482353930944118e-02
-5.367997998249030012e-02
-6.179589674018824696e-02
-3.201686367971074559e-02
-5.106490300877851440e-02
-1.798360317506119549e-02
8.067112379574328113e-03
1.881355613470827226e-03
-2.481461435414824418e-02
1.176926164488893180e-02
-1.643898348076410117e-03
-2.409311108289915321e-02
6.236370549733251736e-03
-1.007342354155897103e-02
3.240114679056595864e-02
-1.715423957201748411e-03
-6.626788620628193405e-02
3.185485843016060137e-02
2.589101363986539769e-02
-5.263822759901091303e-02
1.595166711089720038e-02
5.918156413193990245e-02
1.127735555955606747e-02
6.132538671651616147e-02
6.537146188906386990e-02
1.759844193329017023e-02
4.793115421054377351e-02
5.751344004280669470e-02
2.650355473157423730e-02
3.100449839688122766e-02
2.560919664130311552e-02
3.173655237741569712e-02
-7.032334351594738027e-03
-6.839330366015513273e-03
2.051020157731036839e-02
-4.947284225513099223e-03
-6.092081241501786509e-03
2.549167716568309303e-02
-1.114819838355242398e-02
-3.088886072161836291e-02
-1.632067095929588471e-02
5.399251662618806923e-03
9.589436162608490702e-03
-7.754750226792348714e-04
2.473709055281135549e-02
3.494208792788376650e-02
2.004799793832975213e-02
1.647658912692890124e-02
1.783076315430180345e-02
1.918565259796798858e-02
1.209420569761145668e-02
2.429786071954886245e-02
2.715384429496077532e-03
1.767006447279472273e-02
2.830673168978754470e-02
3.931218493405009770e-03
-1.098227631141830002e-02
-1.084966197785298785e-02
-3.514439956460723834e-03
2.370313856168506945e-03
-1.762965878257324870e-02
-1.000308943754300330e-02
-1.784515068697140744e-02
-8.620684146382397509e-03
-1.973534611365797622e-02
-8.117855933862003562e-03
1.001205598841884391e-02
2.710911203953704929e-03
1.991975871607230483e-02
5.238703942466473723e-03
1.320190901755785053e-02
3.051199219360663240e-02
2.009272295442193768e-02
2.566275321603008960e-02
4.175749485822041751e-02
3.899272175008600128e-02
5.847239170750083426e-02
-1.425405004209788148e-02
-1.411581713557208927e-02
-8.177415191964064814e-03
2.083960819606506081e-03
-9.179603125511515832e-03
1.808366153644905012e-03
8.042037562965937900e-03
-9.040512996962875650e-03
5.958618841538807984e-03
3.260953485086673549e-03
8.877137466158422849e-03
7.832788091569726011e-03
1.434021001101920545e-02
2.102093215897034295e-02
-6.509555393038383292e-03
7.409070868266635045e-03
-5.443067716759792361e-03
-8.015917203086454562e-04
1.818787767575822528e-02
1.060362264941761175e-02
-3.554652739788831048e-03
-9.190949713091626019e-03
3.469750285340170073e-03
-3.297999273787898954e-04
-7.765805537738764731e-03
1.340956924275969395e-02
2.453043318794920560e-02
1.148564151200169060e-02
-9.113704342196276773e-03
-4.449684087893100021e-02
3.380611118568951912e-02
1.823740066528877282e-02
-3.311640303622902931e-02
-6.198481316799122134e-03
-3.337554555475035064e-04
-3.574054574156909202e-03
3.510183399852889047e-02
1.559371431985107255e-02
9.252907744991352781e-03
1.756399208371029613e-02
-8.153506660791322302e-03
4.983834758768437324e-03
-5.583583141935589836e-04
-7.558092082157957282e-03
6.991676988141517883e-03
1.166163136509167780e-02
6.448129664928303750e-03
-9.386911604369160139e-03
-1.237420558198326637e-02
-9.764337135066376155e-03
-1.700264750267251740e-02
-2.587641867966521039e-03
6.417825397262195627e-03
-8.923360598036189986e-03
1.638388991241252965e-02
1.022436045772459785e-02
1.823671292879254502e-02
1.315935622677045537e-02
4.478905862572581109e-03
1.524207699146860016e-02
-9.508257279629166170e-03
-9.167490872160376832e-04
3.976657648261385306e-03
2.196556272250783232e-02
-1.059253923283110313e-02
-2.199605947122427671e-02
3.488805057637397664e-03
5.199629011719115144e-03
-2.098069850933367841e-02
4.647784562875918041e-02
5.672549842278962196e-02
4.121620833566259912e-02
7.599889427407086583e-03
8.162239849685783491e-03
9.078841424875633628e-03
1.900967552016895323e-02
1.664944349777635474e-02
2.041889572119377425e-02
1.597710505973658560e-02
1.291488485237786248e-02
2.593254734630375674e-02
2.047615542692455756e-02
2.421921219586400248e-02
1.913280547773185333e-02
1.812999325829990627e-02
2.560626343450064790e-02
1.342873601177426227e-02
9.262318024306244804e-03
-1.038927924367599558e-02
-1.099001302761854100e-02
-1.877447534941696292e-02
2.159897483783308064e-02
-5.337178945895416221e-02
-5.398506568566447533e-02
2.253040301081395483e-02
-1.631207128510296644e-02
5.128582771523844397e-02
-2.861761603277410138e-02
8.021045449855940257e-02
1.094935101310316565e-02
9.710055972035204486e-02
-5.828346121503556222e-03
4.514820439232343323e-03
-6.261869021711279071e-02
9.523034397216201263e-02
-8.895307723165861435e-02
2.052944046683349150e-02
-1.984514367508014576e-01
-4.008645683574859481e-02
-7.063656642776103278e-02
-2.792331345842322468e-02
-1.438848455690072518e-02
-6.285554454170108260e-03
-1.116959344879330102e-01
-4.984532900912798381e-02
-1.189303100106989947e-02
-5.441884162913153411e-02
-1.128434674382366824e-02
-6.129722831065902502e-03
-1.714429410349235100e-02
-2.764848587261484105e-03
3.728908693919719131e-02
-5.879129424265767956e-02
-1.752891183613791704e-02
-6.612753243885383103e-02
-2.788075479082070818e-02
1.307957563795761682e-02
-1.016229240573302828e-01
8.423624878526546345e-02
-5.820805140682842882e-02
1.186154352298677966e-01
-1.404694907992742707e-02
-3.169347644392824653e-02
-2.567308361475243578e-02
8.963033621218474689e-02
-3.284706857706136407e-02
-1.966416086461432976e-03
-1.146177819788324753e-01
2.360182171547960117e-02
-8.779515273540240694e-02
-4.115154289584920660e-02
2.649232903301751429e-02
-4.020418393599962253e-02
-2.870153451173029086e-02
3.189634348555445836e-02
2.970638533763965070e-02
-4.630893642906505625e-02
5.771066461750596135e-03
-3.694457619854063513e-02
8.051621388820418695e-03
9.232871077275758842e-03
-2.591573532813529895e-02
5.439202050210457245e-02
-3.575182580333319954e-02
-1.060206737044770177e-02
-8.187130794197942582e-03
-5.254279932289513538e-02
9.238685967621408646e-02
-4.710581851120898556e-02
1.519047855042201037e-03
-4.978115227978771595e-02
-4.634522297830000886e-02
-4.579040193219006960e-02
-6.577716597089912354e-02
1.867174124458937864e-02
4.428379257534522523e-02
7.954267552486717074e-02
-6.891555869482349564e-03
-3.494001198119459084e-02
-1.296567408507971232e-02
1.040489307292524930e-02
-2.330415606397707670e-04
-7.719486432469865878e-02
-4.640732431537494818e-02
1.221270412382165736e-03
1.159358894213296381e-01
-8.660460243101172906e-02
-5.490739742747258179e-02
-1.912574314725219160e-01
-8.202492780656614468e-02
3.503965706225691673e-02
5.677635160552240573e-02
7.985585848909418361e-02
1.647768117064068311e-02
-7.589154569286235552e-02
3.410330511957277572e-02
8.940407032599861220e-03
8.269267396485011773e-03
1.192855477437037570e-01
7.024238774360783144e-02
5.465695023154707594e-02
3.398587189953360121e-02
3.565600699887529201e-02
-2.275289585428019734e-02
-7.936143602498553495e-02
-4.232105341891900796e-02
-4.723662364550302445e-02
-7.419273576054204178e-02
4.422015547716319842e-03
1.518687760628771935e-02
-1.537255302013631076e-03
1.153206515624359968e-01
3.573393046735599127e-02
2.056905960308620662e-02
4.518143254550752164e-02
5.132485179875451164e-02
5.851795283022832861e-02
-1.006034441224136350e-01
-6.512513110086408374e-02
-2.555429183681083224e-02
-3.081793291123316111e-02
-1.348528930273376614e-01
-7.287941499226469055e-02
-9.768304050947811124e-02
-3.291866450559608609e-02
-2.748974169971874285e-02
7.593822378804985715e-03
5.290650634815902142e-02
-8.890037568597512763e-02
4.564079575665053873e-02
1.274278308132644442e-02
5.670917481863486237e-02
9.610178995421098103e-02
6.767976979782149016e-02
2.044542572934636773e-02
-1.576984770961267074e-02
-8.831095261492147297e-02
-1.602771629242652207e-01
-1.269390635378478682e-01
-7.739700723964901274e-02
-6.850482281411926500e-02
-3.801471801920889432e-02
-4.838104715356516400e-02
-1.047491167416907398e-01
1.731328160595495529e-03
6.895675466820833273e-03
3.347965856734443860e-03
7.024120736767808237e-03
1.745636843192478749e-02
1.801771429892428181e-02
1.181131165746929050e-02
2.381337093016900816e-02
2.913868417557017448e-02
-1.551138631849671538e-02
2.445823310818196015e-03
-3.076634221054677567e-03
2.280284639848159309e-03
8.390332860012263139e-03
2.273286737121748766e-02
5.589738205172071518e-03
1.483006674059985167e-02
9.233082121697834196e-03
-1.514075026281197674e-02
-3.284058635746826132e-03
-7.164496624048167324e-04
6.825853624258718284e-03
1.430467985870136072e-02
1.325524863133059443e-02
8.244148600057236292e-03
2.073350780703819146e-02
2.020846464232033124e-02
7.851645466257306180e-03
1.061371196199078354e-02
8.207841918416058924e-03
6.032941861504407741e-03
1.572338968273236104e-02
8.868131078541894793e-03
3.591324236304463315e-03
1.360143948133545923e-02
1.547659179348232633e-02
-2.080838791300089821e-02
-9.164847048753961209e-03
1.254107148167746787e-02
-1.196174189405795410e-02
-3.198793595181684008e-03
6.952845930552126706e-03
-1.071576512460089767e-02
-7.191008609591298048e-03
-3.713852894997168950e-03
-1.050843104137040010e-03
5.680673534635699226e-03
-1.411595525037920339e-03
-1.050294947359829700e-02
-9.726906713371694080e-05
3.688448464699171166e-04
-1.202610057338585753e-02
-6.316337423062287453e-03
6.871414306519877302e-05
4.707832045571806213e-03
1.162643906918589889e-02
5.918766077462904798e-03
2.770191850502741991e-03
5.438040542568588903e-03
-1.661734733271216314e-03
7.201264165266553670e-03
2.404182645902010629e-03
-2.110211090741579906e-03
-4.875351144302990554e-03
4.512443999692927928e-03
4.634471557535032281e-03
5.542852893602645461e-04
9.174133381670238063e-03
6.907197702380994848e-03
1.953347722029813514e-04
1.161549632785935544e-02
1.117016868837031503e-02
-6.264174485897396928e-03
-2.128701184863594689e-03
8.273488915396389615e-03
4.066906946407874285e-03
1.352100816880862783e-02
1.461221670235392754e-02
-7.566616377606542355e-03
-2.966714809723620255e-03
7.856412738991229439e-03
-2.357881603797657571e-02
-2.339148917969431293e-02
-1.071919582994791849e-02
2.975276302298926565e-03
-4.215346010964620403e-04
-1.036873264005243843e-02
-5.492325473210411119e-03
2.482101639522621070e-03
-3.966865350047342974e-04
4.688543592441240908e-03
1.064478429357154123e-02
1.116240645015945804e-02
3.737694730286157674e-03
9.175311272095313525e-03
2.172118982010214777e-02
3.538221921577175931e-03
1.050876232305245246e-02
2.517450041643566269e-02
1.504784166843438006e-02
1.528748417180404370e-02
1.082394749574892671e-02
2.368492615764197437e-02
2.118023070946740971e-02
8.439527194957198442e-03
1.853106312078169754e-02
1.418652372027579683e-02
-1.587206949854152657e-03
-3.516922648326944664e-03
1.180365785680601194e-02
1.335043242452757344e-02
-6.100876244092725935e-03
9.830762525855317457e-03
1.003417544767497283e-02
-1.431225755411335773e-02
-4.901421420936718197e-03
-2.287145055702319470e-03
-2.636679612306172885e-02
-1.250635057481464495e-02
-2.789215676223619038e-03
5.568208875198192402e-03
1.378755760915618099e-02
2.433182775742131695e-02
2.279216480262514014e-02
2.744353272078474404e-02
2.666564602482935850e-02
4.817129134812149147e-03
1.124007807684240280e-02
-5.506524822903917588e-04
4.137377921995633945e-05
1.045046122379067119e-02
1.081709603345374152e-02
-2.662816294502293353e-03
-4.447474488674991620e-04
1.355403784786517705e-03
-7.211858463923008110e-04
8.849488773917314755e-03
-9.095332114296689544e-03
1.259353585532783058e-02
1.672112952704422201e-02
3.756684830934897430e-03
8.309748342142981095e-03
1.989510151887514261e-02
1.632533596032120088e-02
1.989958290665311269e-02
-3.615960120887129481e-02
-5.854865089514654092e-02
5.302737675718306731e-02
-3.231457094911615539e-03
-3.746781505019285835e-02
6.745305964185069336e-02
9.112670918299974054e-03
-2.114041902761155424e-03
-4.713644269100885492e-02
-2.019719429519422488e-02
-1.904212904540995149e-02
-3.987822130185228464e-02
-3.905854290772555609e-02
-1.974733133127734228e-02
-8.420684502565031759e-02
-7.254419509261735011e-02
-8.282729752190504113e-02
-9.247146671402814780e-03
-5.160686239575634077e-02
-3.864454115251942518e-02
-1.472380253437248314e-02
-8.227160464884582247e-02
-8.458634909430454152e-02
3.314565786259405025e-04
-6.464769559045910330e-02
-7.609077814058617939e-02
-1.738525308517374635e-02
-5.712104607451052446e-02
-4.876508855915716312e-02
-1.472587013502727718e-04
-3.756891726661232972e-02
-4.225306079071593918e-02
-1.207041649002491175e-02
-3.559501592519648261e-02
-4.667986074488055664e-02
-4.332335369373697086e-03
-2.449907862957610358e-02
-2.591871541259120615e-02
-4.636187715462308269e-03
-1.376090967873475242e-02
-2.210151929075957616e-02
2.371096642135145371e-02
1.588397703271075129e-02
2.484349611984845718e-02
-2.561683275849128971e-02
-7.084482821112512985e-02
-7.332592379979532837e-02
4.675075453822348515e-02
-2.868729532211066954e-02
-6.819443702009368724e-02
5.660570812996959522e-02
-3.905851267122572657e-04
-6.491585734808598407e-02
-1.837197086284133793e-02
-6.565546733092247900e-02
-6.997426538737390456e-02
-3.409952944253358265e-02
-4.523151728494696072e-02
-3.628598113914562051e-02
-4.574247237684637979e-02
-4.287049011717065927e-02
-7.918408006032441951e-03
2.602482896889856887e-02
-1.268526059574447140e-02
-1.208013968446907923e-03
8.859118789464206709e-03
-2.245765126496466341e-02
-4.789845288080005897e-02
2.358025475251866645e-03
-5.308653518901004786e-02
-5.748587824158232079e-02
-5.378974690530553826e-02
-2.161932774919499145e-02
-7.879610977171880304e-03
-1.249385347301019966e-02
-1.191204634293427378e-02
-1.526990323782010002e-02
3.386708994970157732e-02
4.556256808254605800e-02
3.662951817133969223e-02
4.213697782846582453e-03
-9.548742798671046653e-03
-4.650253447214876962e-02
5.722786370931384758e-02
1.687324835478034787e-02
-9.187786662910325808e-02
5.908219265241627244e-02
2.295183589821038483e-02
-5.025096055479193885e-02
-2.973179505094647457e-02
-4.318895965117533486e-02
-3.539955495173548877e-02
-5.955746003552061900e-03
-3.404881275349146141e-02
-3.759566936979204937e-02
3.106031486165143629e-02
8.967676462840867141e-03
2.924726522006198051e-02
-1.749785237069386573e-02
-6.074938285867658751e-03
-4.695477172121868392e-04
-4.458460449149486554e-02
-5.731741054338299751e-02
-7.669182216380164563e-02
8.243325833583427242e-03
-4.083156374304485609e-02
-5.553796733151723786e-02
-1.600219022836530183e-02
-3.509085900634136002e-02
-1.978379223056798281e-02
-2.428686015596133452e-02
-6.563851257360316105e-02
-4.564685232581209423e-02
-1.971905372468971129e-02
-3.963019561327645046e-02
-2.429978194013713427e-02
4.262641461132214010e-02
-9.594378315909006180e-03
-4.728392481849534590e-02
4.959097695441489623e-02
-5.107443722923019763e-02
-1.262237299560557136e-01
9.164215871462336183e-02
-1.528556790448015214e-02
-9.003526872801680125e-02
-1.204170765335642324e-02
-1.052777870559108188e-02
4.804557504995528132e-03
-5.395968827291306759e-03
1.183168492556237704e-02
8.617827201349704050e-03
1.158792978262868610e-02
2.771242881254169094e-02
-3.063807294032595569e-03
-3.033253670916367939e-02
-8.573502652354215992e-02
-9.198058433851345750e-02
-4.686027186051130305e-02
-8.525281914381099835e-02
-7.015168164968851872e-02
-2.063062372145547246e-02
-6.824339855231256746e-02
-3.578054924788115487e-02
8.433270505473702480e-03
-5.639102310196278389e-02
-1.600889889690009296e-02
2.159518649103896876e-02
-2.951579130998498515e-02
-2.086981548863833108e-02
-3.054233240929602605e-02
-3.359359902781438451e-02
-5.063908611651798952e-02
-7.527992787283410703e-02
-9.743950752384117342e-02
-1.387767328150711979e-02
1.861785992554166116e-02
-1.592373842681043400e-02
-3.102796744488602390e-02
2.143472720083373570e-02
-2.217982608201016920e-02
1.549613087357523331e-02
-2.272264838508775489e-02
1.291023912316092547e-03
4.889866916153176590e-02
-3.154831686203309754e-03
-3.498347124301934979e-02
3.352522568446529572e-02
2.584251385421520303e-02
-3.952852313532629475e-02
-7.412556422184497784e-02
6.485552166964811405e-02
4.239460937335034346e-02
4.040007206460346362e-02
-3.298339011873856891e-03
-2.389808609017125482e-02
1.753989630270931174e-02
-3.826456410068430902e-02
-4.521919082846544841e-02
-1.607794761732227878e-02
6.094566763812148819e-02
1.192154088937436990e-01
-1.780222992850294741e-02
1.199032518250183199e-01
2.430633321554670490e-02
-5.266960156324346221e-02
1.162538689811532522e-01
3.610780694251453787e-02
-3.820032314925703859e-02
1.826469380695127098e-01
-1.866712009772216211e-03
-1.222359309742464956e-01
1.447510382741859780e-01
-3.772694449048336063e-02
-1.523081986512546115e-01
-4.066840624398551478e-03
-1.213500858004508826e-01
-1.570376353527579150e-01
1.177254858610476962e-01
3.400826910362565736e-02
-8.036070259600283303e-03
7.988696564396833080e-03
1.304589147005930615e-02
-2.020571377854334452e-02
-8.050267486971571240e-02
-3.858830781773273100e-02
-6.691045829345394769e-02
2.312308517526027313e-02
-1.285837474277484564e-02
4.741088673074539753e-03
2.344060512087409176e-02
-1.175848769332569349e-01
-8.125128456696532886e-02
5.212066881471472644e-03
-6.643485775858047615e-02
-7.694687753875043001e-02
-3.758889856144965319e-02
7.083531027483089271e-02
2.179107560461599619e-02
4.903521895864253188e-02
6.657607567044392105e-02
-1.492511100534247952e-02
8.954203036317448516e-02
1.271678251175393896e-02
-3.409210171370719716e-02
3.506647050647510033e-02
-3.993724416935981458e-02
-4.024020802198807756e-02
-2.135173366091249608e-02
-1.735374177664007755e-01
-2.584335750320311889e-02
-1.133867158762951050e-01
6.409361047817922936e-03
1.704393372143548080e-01
-1.795008714040699158e-02
-4.390565110370996116e-03
-3.880286252207906100e-02
-5.148523743372606515e-02
2.928971398594750961e-02
2.364341169826928227e-02
-3.873806753251046731e-02
-1.939675398863162413e-03
-7.722877306081885052e-04
-1.567635352847026875e-01
-8.656675396774145270e-02
-1.034827975997915268e-02
-7.757936244416935301e-02
-1.338667643878089196e-02
2.239398242835406380e-02
6.624841934519916375e-02
3.341712299861467061e-02
6.716877628742992656e-02
6.037086909240011075e-03
-3.664555247047487224e-02
-3.768666339925430542e-02
-6.001717755334099597e-02
-7.622769253245657850e-02
-6.181266177862942968e-02
7.144014821911524871e-02
4.208750053702432076e-02
1.060005689870824244e-03
-1.311322084071235572e-01
-1.183144787723730829e-01
-9.143307472077134845e-02
-7.921926955419619776e-02
-8.641514898543517509e-02
-8.383615867294237634e-02
1.201283240963944843e-02
-8.067052896651787097e-02
-1.563161036973117757e-01
5.493370132187989918e-02
-7.230093575879214043e-03
-3.292188730622459120e-02
9.988073693931924513e-02
2.976846933304716850e-02
-6.189937332657340086e-02
6.670781769855976817e-02
-1.669707722729746324e-02
-5.443118872770395800e-02
-3.256712432150375095e-03
-4.739647830495039710e-02
-1.522146989913725906e-03
-3.494055618120522899e-02
-1.562043688564561661e-01
-7.682501204179841003e-02
-1.301750731767886138e-01
-1.148663399809798646e-01
-4.955231511876971584e-02
5.172451516656615539e-02
2.297561682433880287e-02
1.974173563287064115e-02
6.246059601147330859e-02
6.851112421230053096e-02
6.991624753719279106e-02
2.740644576391701448e-02
3.113997990377976796e-02
4.445995689625263647e-02
-4.806976736370057075e-03
5.288800431138962477e-02
4.221632321106865565e-02
-8.438000974231779638e-03
-3.338947403600555502e-02
2.735951810005024520e-02
1.649513806361942170e-02
-1.125778458787871431e-02
-4.493590417023615030e-02
-1.452323436929398633e-03
9.937780230885425586e-03
1.161493385301537798e-02
1.358453029981922938e-02
4.349458050871055081e-02
2.710454201040009975e-02
9.679201103635111251e-04
1.997216966289626014e-02
2.029703982597172093e-02
5.424830914551640425e-03
1.134142758187160066e-02
1.110850420364766639e-02
1.208148025943171604e-02
3.855440639208780607e-02
1.713967350516473059e-02
-6.665048339250401882e-03
-1.678331717665899501e-03
-1.649457706574516264e-02
-1.599033198554839982e-02
-4.531508570040725103e-02
-1.241774289642295047e-02
1.085315816209639003e-02
2.507121863308934065e-02
1.203172332610341275e-02
-1.834689748198973028e-02
-1.716935719337030555e-02
1.571123107045585207e-02
2.373033148164907860e-02
2.781588284231358010e-02
3.165592159796992537e-03
2.762415702666215153e-02
2.278531203291556811e-02
1.284395048872122823e-02
6.423166246681365557e-03
1.205665450612135314e-02
5.147820004068093085e-03
-3.738760748759615421e-02
-2.970669678581873072e-02
-3.379194336745586918e-02
1.395446878300963915e-02
1.496748462443207341e-02
7.042507260914661338e-03
4.983320475911078712e-02
3.744595446126790933e-02
4.439836853053518405e-03
1.673539083434408270e-02
1.586772903098261980e-02
2.299775004343261250e-02
6.026005309695003226e-03
4.299841303116344604e-02
7.782683894724897779e-03
2.123927089802724565e-03
1.207156759312047467e-02
-1.317716086279066556e-02
-1.097711249536839021e-03
-2.604494289902231641e-02
-2.417838029300866526e-02
1.995694412947286722e-02
1.056049170501248066e-02
1.286962732308912470e-02
-1.792593822287957481e-02
-3.155186735444032858e-02
-4.960926884797037771e-03
3.762642006560033142e-02
2.694499306485101885e-04
1.761696640730678245e-03
6.687138748711439484e-02
7.000754067645734158e-02
-3.581569847236681231e-02
3.013353438256349826e-02
-1.674335853763795484e-02
-1.369128730076126649e-02
4.185173848777394567e-02
3.800931069902892256e-02
3.127078825094378040e-02
8.103749751031168180e-03
-1.266024285339336503e-02
-1.578717216424790556e-02
7.711628849616745766e-03
2.212872983291775536e-03
1.713572160100493638e-02
2.357027457105439691e-02
2.493475046910277951e-02
1.075374844424787854e-02
-5.940890175494492088e-03
-1.219898758979792545e-02
-7.840249432861094714e-03
-3.398801148556000046e-02
-2.846602251205379921e-02
1.856336662643468514e-04
4.127076321085266369e-02
1.823832969747633467e-02
5.302986393330670969e-03
1.256170274614492981e-02
-1.890363292251488747e-02
-1.246183042868256527e-02
-3.898216407646234311e-02
-4.073279691902497585e-02
-2.849265393733757534e-02
6.214556823023737256e-03
-2.412613528938153951e-02
-4.583536011280396616e-02
5.814661181137792401e-02
4.464771866769914888e-02
3.951095888368053033e-02
1.509472763203074420e-02
7.959950916644399632e-02
6.458663994177424317e-02
2.463041359496492833e-02
2.728697941363909460e-02
1.099555961339545272e-02
3.947663961509027125e-02
3.196018307603811642e-02
3.342503733974522967e-02
1.756244163099701314e-02
8.640314187122942425e-04
-1.028983834447071838e-02
2.861466458549169825e-02
8.045483285027020190e-03
-1.016322917501699674e-02
2.747920041534126015e-02
2.508259641116103097e-02
9.926594776686340632e-03
2.723634584126354355e-02
3.291158946640158380e-03
-3.234616622622230736e-02
2.369649946008529559e-02
1.872313817446103271e-02
-1.449377948307901086e-02
4.117218131754279975e-02
4.221355012964856518e-02
-2.231141948247116619e-02
1.628972174274545895e-02
2.148263674342303087e-02
-3.854264845346867807e-02
-1.948460740349008957e-02
-9.060320703398799455e-03
-4.560056877304818033e-03
3.385447500673496868e-02
5.403550088709931781e-03
-7.377727957711886948e-03
3.023066574085028768e-02
6.588341762564330420e-03
-2.093566496431220267e-02
-6.389531975008492723e-03
-4.305448578527809773e-03
-9.494672324590874152e-03
-1.403263237265941002e-02
-1.601613287196191129e-02
-1.851831530167796086e-02
-1.302091366679175577e-02
-1.598122506477984983e-02
-2.408833228233925663e-02
6.720019954743095165e-03
1.466639865466486808e-02
1.390347920097810899e-02
-4.205685626941308352e-04
6.928231306013350917e-03
3.054205211734375199e-03
4.850062200680606826e-04
1.369116642425667867e-03
-5.418971810538132129e-03
1.121849547220240325e-03
-1.689283866110137880e-02
-7.993154527815101232e-03
-9.702642348972128142e-03
-1.525190465134840039e-04
-1.089796526798031493e-03
-6.198454832857320379e-03
1.757653499548489677e-03
1.164884497127043235e-02
5.346148238983079205e-03
7.099256814802321069e-03
1.451271897576048193e-02
-1.091582911607563884e-02
-2.142998843928703434e-02
-1.823993497463166288e-02
-2.571148166032624638e-02
-4.650112263813309388e-02
-4.447616653619829857e-02
2.482217085569726105e-04
-8.609766796619141779e-03
-2.562397590796039806e-02
-6.659405599946361873e-03
-3.383402644297971856e-02
-5.335385003150534822e-02
-2.211347032375042543e-02
-4.804150679523384176e-02
-5.735297325165453902e-02
3.036556153057724632e-03
8.807549318132818286e-03
-5.700315959963297291e-03
1.670759806492921537e-02
1.485115489956625665e-02
-1.391737374514297014e-02
1.126958943879071903e-02
6.744713665004161383e-03
-2.378082694015214854e-02
-9.105505131818937775e-04
6.694429402467803013e-03
1.673938701205928900e-02
7.173202994910195078e-03
2.145839088833815730e-02
1.998239829036597623e-02
1.872399201332505120e-02
2.270887383495309372e-02
1.528327997607317398e-02
6.678466180445525799e-03
6.569025426487607854e-04
-3.948642331366814884e-04
1.359554269562706155e-02
1.101743537506260674e-02
1.569727017147226622e-02
9.009145822988378488e-03
-2.087990232677160163e-02
1.037639873151722895e-02
1.368298733825313619e-02
4.629019784466774368e-03
-6.612004245966769840e-03
1.483494950190859286e-02
3.336947868870807164e-03
-1.889340575272756978e-02
1.587805994159781006e-02
2.963421770576228631e-03
-2.083486105357518561e-02
1.052966195886169583e-02
1.572099998875463875e-03
-3.641501101379170579e-04
-2.207165655014337556e-03
1.001511229168466910e-02
3.436095139829119932e-02
1.434704141794781833e-03
1.686220287739401483e-02
3.371301274913730134e-02
1.223363802098997866e-02
1.311935806257652146e-02
-2.340151652207282922e-03
7.705583974904428243e-03
-6.707835634545422383e-04
-1.022342068295835696e-02
1.683945138177889850e-02
1.170724098593040226e-02
4.467336427145223408e-03
4.408690881047855337e-02
2.016446966753392828e-02
2.422126973123894540e-03
3.394765604326653585e-02
3.389811584839497877e-02
1.622673401013884076e-02
-6.190869303492841855e-03
1.458235691921453379e-02
1.046904675531857860e-03
-1.344830500179015160e-05
-1.647364282120332077e-02
1.694492905594651225e-02
-1.450098873487916211e-02
-3.527713634264612041e-02
1.759166870937288159e-03
6.632952438427736075e-03
-3.139547962227803857e-02
-4.408684317409139290e-03
-9.776653033805315918e-03
-2.390116786102617144e-02
-3.819601477123887867e-02
-4.728181653862920802e-02
-6.171864740255133402e-02
-5.523751815176699415e-02
-3.898593171579296107e-02
-5.260729271064214230e-02
-4.724747625986371741e-02
-6.170726289375932580e-03
-3.015750219207325670e-03
1.391990306722924037e-02
-1.161695032809896382e-02
-1.291387535864375012e-02
-9.993869872797834283e-04
-1.001603411227987295e-02
-9.910336433285852134e-03
1.916660693758539853e-06
1.032515266223352039e-02
8.779024690151087176e-03
3.142226417821168682e-02
-9.800182710469812486e-03
1.360835634174625657e-02
8.263999103894444434e-03
-3.291548591271587724e-03
-7.534891692754871854e-03
1.210661335910993841e-02
-2.199207630430620800e-02
-1.380707885430380866e-02
-1.030605626143354416e-02
-2.361762694816520528e-02
-1.789760636942756486e-02
-1.392243597946350893e-02
-2.060937575868451721e-02
-1.408816879689836835e-02
-8.675486539996913118e-03
-1.467726838218644074e-02
-1.203551281737957369e-02
-8.529028826666491467e-03
-1.286923355716407258e-02
-1.301390660438106125e-02
-8.894449568715954990e-03
-9.898531955733834431e-03
-6.049150052527841985e-03
-3.359291936982535757e-03
2.402719184441272013e-02
1.840851083262485394e-02
-2.542364573955081461e-02
1.932372678830471258e-02
1.108499556240854188e-02
6.231345172220256398e-03
2.728542942965326082e-03
-6.687801342172322756e-03
-2.115122133806394619e-02
2.273422136414514697e-02
1.397619312880273371e-02
2.065058994794203087e-02
3.774240122343763913e-03
5.881409189848971382e-03
4.964047906916371940e-03
-1.461749035164556197e-02
-6.963822205767968357e-03
-4.728159545026726666e-04
-1.118193973814791270e-02
-3.770774639222635068e-03
9.878381382957370990e-03
-1.274939139327533645e-02
-4.315733916575832142e-03
4.541636491662676654e-03
-2.421663214046218537e-02
-8.203387321843676194e-03
-5.059092028647043347e-03
4.163418344429118366e-03
2.604953631144456706e-03
1.846036970315376939e-04
-9.526460728787527338e-03
-1.024377342596622005e-02
-1.166288950373437980e-02
-1.104279732151089953e-02
-1.059979153388356660e-02
-1.098300361005092110e-02
3.095270526895266966e-02
2.454612967205164684e-02
-3.037826290502725068e-02
2.655613177641969955e-02
2.777341963204929196e-02
-4.088582193556144530e-03
8.922045619400997482e-03
-4.714112400176991707e-03
-1.324738838898843231e-02
9.545625770591866649e-03
1.502870233613138456e-02
6.673944735282974494e-03
-3.014941764274474759e-02
-4.025400220104944499e-02
-1.057935397070093424e-02
1.138489550712970359e-02
9.165755801257627344e-03
-2.663020962171430087e-03
-1.020104351315116297e-03
-4.599648199806805234e-03
-1.146904198181858099e-03
-2.493991009595968641e-03
-1.098347315002472842e-03
2.973974475526192096e-03
-1.822781901010126632e-02
-1.301532557962642445e-02
-1.045848781320831908e-02
1.169776623474425362e-02
1.431205770527963807e-02
-4.662068909015651928e-03
9.486120824736446466e-03
1.071719013719026579e-02
1.131708795841036320e-02
4.235857385744559657e-04
-1.223321754952760680e-02
-6.798324602119609934e-03
-1.244356672393191103e-03
-1.022195268737239281e-02
-1.139592451885225802e-02
-5.781983878495002525e-03
2.897028205501857127e-03
1.206537076667820894e-03
-5.888796677943520727e-03
-7.546298230001424918e-03
-7.961762998093762853e-03
-2.598491909009610981e-02
-1.953476089342065514e-02
-9.448665026334200634e-03
-2.078698139880936352e-02
-1.651641030444029115e-02
-2.179106319409444478e-02
-1.948457455564028828e-02
-1.375052103364002125e-02
-1.450792421949618008e-02
6.472031007755348064e-03
4.972432760638969933e-03
2.522214001178618714e-02
2.561207121385474829e-03
-7.573734808697882466e-03
7.736885304209990301e-03
1.247867896459468233e-03
-7.234775469696688374e-03
1.390893322878630767e-02
-1.855227468240043531e-02
-1.153832353693333250e-02
7.000172351440456416e-03
-2.204207151239339149e-02
-1.888684602685117286e-02
-1.077345564185271456e-02
-3.318130707810288543e-02
-1.810445455674296322e-02
1.071472468249476699e-03
-3.156185062013790177e-02
-4.035216642213848570e-02
-5.613585869038373311e-02
9.958556222460583293e-03
-8.139846294582031572e-03
-1.952012297308456171e-02
-1.306244258910566058e-02
-1.319720230183771444e-02
-1.272148608523322212e-02
8.042709661434678525e-02
8.664803275293106455e-02
8.314394275919470556e-02
3.137337534066055034e-02
1.117370395863081546e-02
5.339092998494055636e-02
-2.648353605513780601e-03
9.742567113237007165e-03
2.592463646219533499e-02
1.905199612747791177e-02
2.398234745650810584e-03
-3.202038809725894081e-02
3.655996587584815077e-02
2.031389424740211169e-02
-3.563655464637933284e-02
-4.485702094050933973e-03
-2.524833052705334480e-02
-2.997067503771823349e-02
-3.339048313142274540e-03
9.222476911073460015e-03
-2.608181738570179709e-02
-2.812552691296062776e-03
2.855539775942361833e-03
-2.005761728318003825e-02
-3.509421432467189211e-02
-1.408332803241873175e-02
-1.524904869203204394e-02
-2.681920407007797741e-02
-7.783627980971644100e-02
-2.643252136995563606e-02
-1.272197458019483883e-02
1.111254238353945149e-02
6.983299546749054121e-02
1.035974863887031000e-01
7.522739813102251316e-02
6.614969271951517960e-02
1.669344923757926438e-02
9.283453825629816789e-03
4.315594107136344615e-02
1.199254658788651284e-01
1.073181247829959051e-01
1.406366257039517176e-01
1.689892744555147597e-01
1.400438288084554506e-01
1.573096549081838547e-01
-2.643988655244452340e-02
3.351585878514580768e-03
-3.263408290160825509e-02
1.421832314308518752e-02
7.995071963161063571e-04
-5.976407360195110791e-02
5.488376940769602169e-02
1.585794468235022722e-02
-7.549533879740778775e-02
-3.814704824807013672e-02
1.439691288925720562e-02
-4.870825268108621743e-03
5.201849513070698483e-02
5.882880516023768214e-02
-1.853114250444439816e-03
5.010354768359593508e-02
4.175952866612752529e-02
1.007902509768636261e-02
2.116683594886965836e-02
-1.073517353602461422e-02
-1.051584637789667112e-02
2.869515215614725293e-02
3.355694427926037005e-02
5.508619157230933150e-02
9.246535169939038012e-02
8.349031872528622777e-02
4.215661135318626851e-02
7.202534433606470887e-02
1.979094977153772125e-02
3.133170223666462834e-02
9.798360553478453749e-02
7.256673362651837322e-03
-1.851823632596578950e-02
7.517085188936679626e-04
-2.066007316359364659e-02
-1.122865020229632180e-02
5.589803598026711617e-02
-1.105604392943432442e-02
-4.748449020647456387e-02
-1.258087859223603992e-02
-3.493153488299845927e-02
-5.117974692173524187e-02
-2.150428921230481457e-03
-1.370965239560402622e-02
-3.189703132005598102e-02
7.282150970766997078e-02
5.709288403692135139e-02
5.008810699502663777e-02
3.036402085631458025e-02
-1.377924876835989222e-03
1.207470577672043084e-02
-3.281803783278139201e-03
-3.230781074507228096e-02
-1.384264101911534747e-02
-5.365146063113513872e-03
2.601161688391127880e-02
1.620170118270554405e-02
5.670476417046266954e-02
7.911325165701897644e-02
5.297416826655376026e-02
3.547070588715300898e-02
1.955791879581510531e-02
2.584181178747168087e-02
-1.046278449764589946e-01
-1.213750274798763712e-01
-9.344698114481590767e-02
-1.493514820137175313e-02
-5.032475330544100567e-02
-4.806473372540893962e-02
4.607832560109914599e-02
3.190555284327526581e-02
-5.856051641169378146e-03
-1.218631625599373705e-03
-4.095722288925595506e-02
-5.350587969305774932e-02
4.065875718746736478e-02
2.010653757571276984e-02
4.110259143821960726e-02
6.703872759098473966e-02
4.755313200815809715e-02
5.651745113141330712e-02
6.536937747549292910e-02
4.339655905820486576e-02
-4.773807572864966625e-02
1.085594624567700200e-01
7.127381253671306871e-02
-7.200203345089160878e-02
-4.806391248750246231e-02
-2.314712962658262152e-02
-9.448637688936166457e-02
-5.585690674314688214e-02
-3.301650373667778388e-02
-3.250389645903917907e-02
-5.058735509583713735e-02
-2.609737751095989738e-02
-2.889878594875396056e-02
-1.505402120380543510e-02
-2.503986812257733442e-03
-2.299759836396234047e-02
-3.050567538797794784e-02
-2.928164940519679960e-02
-3.239908211592509857e-02
1.541577919281700380e-03
5.263894440379760647e-02
2.911573780100923728e-02
2.308629313526149029e-02
8.652511777180571517e-02
7.271701357732909821e-02
-4.606741753983759069e-02
-5.615971404723117677e-02
-5.668766293158769565e-02
-2.891038961037451296e-02
-3.301100819798270802e-02
-4.414997911565607391e-02
-4.706602180740919461e-03
-4.329129718659616329e-03
-1.885040818680464719e-02
-9.399697469847374809e-03
-9.919051611819738878e-03
-7.241682199103303443e-03
3.059167596995522251e-03
-6.538195025318605837e-03
-3.127740326373778211e-03
2.191291841799954468e-02
2.073914037393025100e-02
1.672203068616105737e-02
-1.406881953666873700e-02
1.934577113397937045e-02
1.449610716273493430e-02
-4.461920935456654275e-02
8.014704433278344725e-03
2.857723576104711019e-02
-2.956900203605232827e-02
-1.600159956756816784e-02
1.694021023821693948e-03
2.821168582502254531e-03
3.336308718739790236e-02
2.601966706681144506e-02
-8.668729227467582982e-03
2.981914059680076598e-02
4.442713550981710474e-02
-2.594297084614087534e-02
3.725502380986128390e-03
3.398876350722227629e-02
-3.360264643536284984e-02
-3.314386134822672886e-02
-2.876514133293401471e-02
-3.847810729045873096e-02
-4.124786385545538281e-02
-2.256539234467434471e-02
-4.000842201332232423e-02
-1.913410556299611348e-02
1.185726305413943582e-02
-1.307911714737642304e-02
-2.383048509673067056e-02
-2.987814865876339127e-02
-1.230999992672522636e-02
-9.274586844256506313e-03
-1.618314557010995178e-02
-1.527029296943577252e-02
-4.643953377129053824e-03
-8.264427010520455572e-03
-1.294654497584965189e-02
1.006918621884463245e-02
2.372421438945449370e-04
6.621761724082929346e-04
2.984143157503605509e-02
1.455252903920694132e-02
2.509441258870133765e-02
3.955313776912276758e-02
3.335089372360510590e-02
-2.396976109981469039e-02
1.891013936816872756e-02
4.401881774417508442e-02
-3.112580638609127592e-02
-1.623248307027551698e-02
1.893945143921558225e-03
4.055632291794349781e-02
1.211227528777328831e-02
-3.529978404474021919e-02
2.856272696512176471e-03
2.316726310128604943e-03
1.121226164253964937e-02
2.793944360518365623e-03
6.594521554658332174e-03
3.839573327462784957e-03
-8.268131204420558350e-03
-3.314847682445305451e-04
-3.046200808895331135e-03
4.386421532241190947e-03
1.873762518601571753e-02
3.685755030390128976e-03
3.662772236988848240e-02
2.085965746157301959e-02
-1.080870954595179213e-02
4.210382881313526338e-02
7.639678004841006509e-03
-2.545869263592871398e-02
-1.515819089905171176e-02
9.087975630784809675e-03
1.044992503741948645e-02
-8.640863395223640636e-03
1.001463415870124281e-02
7.599068564288803673e-03
-1.723138687972287225e-02
-3.418546548489700965e-02
-2.661486774306316347e-02
-7.151039139941890721e-02
-5.891993336765997263e-02
-3.102839536809780946e-02
-5.988155138570603470e-02
-4.241067107285288046e-02
-1.630186793783802018e-02
-3.348041984957848827e-02
-5.535693338242542172e-02
-4.678900632449674996e-02
-3.056168634362322473e-02
-7.239404837067681293e-03
1.280133973118566942e-02
-2.679366302302764805e-02
-1.273181985883409598e-02
1.555968417260625465e-02
-1.351741610155112773e-02
7.594520590457015316e-03
1.447333438615864935e-02
-2.379352922328267089e-02
-2.351931762108322096e-02
-4.322480142151975679e-02
-5.004362583919821396e-03
9.614209954320144039e-03
-3.150075265543510368e-03
-1.117065991678778403e-02
6.654955604705507788e-02
7.480669364274568356e-02
