6.100025629370703362e-02
-2.096528649444072065e-02
-5.199269378631894006e-02
-9.331370508721204340e-03
-4.466120258309234231e-02
-3.556525215018568886e-02
-3.933248979365311371e-02
-3.631537347527438037e-02
-4.729766806303759008e-02
-3.059370607586284208e-02
1.008920524857111721e-02
-7.100450995955659428e-02
4.839896697872395764e-02
5.109375727978923004e-02
-7.807993733104179324e-02
2.871030875628235654e-02
6.029654762421627311e-03
-6.054549401660321017e-02
-6.241131801618193808e-02
1.551075313935664293e-02
4.965012372687095665e-02
-4.682164402676172038e-02
3.980595370559446289e-02
4.532403247950939074e-02
-1.012638040774139631e-01
-8.995555866914473064e-02
-5.612373831442430544e-02
4.247027705855641044e-02
3.517023671355021253e-02
-1.420621070097591483e-02
-7.335060936823054913e-03
-3.179332257713005094e-02
-3.426740862222902445e-02
-5.042674698914335722e-03
-1.954898802050679396e-02
1.338021277309636714e-02
-2.866077059516321593e-02
-1.380887573295246638e-04
8.806507817573623262e-03
4.336963209401652891e-02
2.031670371442064263e-02
1.126942379055226665e-02
4.348691075342097506e-02
1.157111217078289622e-02
-7.665282465695524503e-03
2.291489460130357800e-02
5.627819507004415411e-02
-8.630674758021835910e-03
3.969638234210722157e-03
-1.501238259524234273e-02
-6.790956928796119951e-02
-6.278483917757293135e-05
-2.162627829011663436e-02
-3.885052313607303964e-02
6.964416855886390589e-02
4.350674804570707488e-02
-5.658361349758434444e-04
4.779755069588406680e-02
-1.531946583786125173e-02
-3.456936867913378009e-02
9.329055382900918597e-03
-4.423377195842020937e-02
-6.025149824706415441e-02
7.155748213058663564e-03
-2.229915924446114125e-02
-1.314106313947977119e-02
3.550774480662564209e-02
3.650436988157177570e-02
4.433591504527718830e-02
-8.170815483856222125e-03
-1.559896484216766535e-02
-1.729356645353434876e-02
2.982395672295324804e-02
-1.730862615241607338e-02
-3.470087487463435066e-02
3.465271957226186139e-02
4.983710091464447697e-03
-1.573708330526109788e-03
3.610187966509154339e-03
2.994574105433419134e-02
1.040588357286173493e-02
-3.366967833102181562e-02
7.249114674818945593e-03
1.854771996672453793e-02
-1.045744511331868493e-01
-5.468918512601947390e-02
-2.983059444493720014e-02
2.143465567596940149e-03
8.538096403370267970e-03
2.197658455732704255e-02
-5.410260826367688236e-02
-2.709283394991500449e-02
2.027117339612919539e-02
-7.958468589794943926e-02
-1.435683534696808629e-02
3.712398605404022139e-02
-4.655502886040646660e-02
-4.711271988393837817e-02
-2.000658993073959127e-02
-1.506504870942029436e-02
-1.513451716925451676e-02
-6.433477907881378528e-03
2.101860854869673154e-02
-1.422336182074085582e-02
7.641020025420126177e-03
5.440577740415835674e-03
-1.718634962122282325e-02
9.478799649616681186e-03
-2.307341084279458665e-02
-4.600909825506513395e-02
-6.588925916231134182e-03
-5.479408169268173978e-03
-5.281303251774890212e-02
-3.927006534704521878e-02
-1.317285151313586471e-02
-8.647154762975567399e-02
-6.532860172320253955e-02
-3.503152007226618958e-02
3.794489506173207797e-03
-1.769821931424209183e-02
-2.105915200911860283e-02
3.364209702975444471e-02
-1.315389362111113458e-02
1.288674660483436676e-03
3.869331534818550716e-02
-2.709491190934139315e-02
3.666463464392758637e-02
1.543162424859666725e-02
-2.162298145696310223e-02
5.803599699743942041e-03
5.992288450564420971e-02
-2.184709758035034352e-02
-5.297909304915263823e-02
-4.017938186055647343e-02
-5.345060627362303862e-02
-1.015689924364193003e-02
-1.606166203618593011e-02
-1.049386471763039293e-02
-2.292782249493160660e-02
5.041666313421198919e-02
3.898243562281599600e-02
-2.163884639571677510e-02
7.207775519921788554e-02
2.471252041306492772e-02
-5.533951930987110468e-02
2.051445508087136951e-02
-1.081611439185622969e-01
-6.958568212638051309e-02
6.073360472313819175e-02
1.754619753707267402e-02
-5.498185861552386949e-02
-7.531127436893980676e-02
9.817132269527491240e-02
6.587092987742887602e-03
-6.259252971334107463e-02
1.775419612361811192e-04
2.907978843755717330e-02
-5.250508151199401174e-03
-3.012662116133504181e-02
-2.159705477524219777e-02
7.043120736355380773e-02
-5.235454753359386482e-02
1.192489025494856145e-03
5.546344208540880671e-03
1.420858519372033332e-03
-5.006428540413939560e-03
1.030215140520697632e-02
-2.249450700316864629e-02
-5.680846807119754871e-02
1.750873638898626378e-02
-3.219831637097047422e-02
2.540165340199906224e-02
-2.378389322625051178e-02
-3.333139444422174996e-02
-2.467160843938086441e-03
1.325168513364928351e-02
2.100204702332946274e-02
-1.435144062803682917e-02
8.826743592186775053e-03
3.468851172071169692e-02
-5.088932506159474928e-02
-5.370556847458214655e-02
3.829763020063065709e-02
-3.453437536224238796e-02
-8.838786445632522415e-02
7.707918688257335040e-03
-2.079708443889860536e-02
-4.433081027986526812e-02
-1.037840290978555291e-01
3.856720718269244976e-03
-1.932545112717163824e-02
1.681655223813444122e-02
-1.251485535063314065e-02
-2.823556086825121381e-02
-3.699398765417311746e-02
2.244179375185004210e-02
-5.904114393614416471e-03
-3.087567065010176498e-02
2.649006016007614261e-03
-1.081363125032262090e-02
-1.109604252805548343e-02
-9.809495854591618932e-04
8.907975347785306031e-03
2.408032922969106579e-03
6.070321316145395503e-03
5.213699892258738533e-02
1.410090962540266543e-02
-3.229191517169201740e-03
1.971878326933827058e-02
-8.303833005360711922e-03
-1.567127698808861574e-02
1.097673976553081680e-02
-2.131450562029843683e-03
-4.780261477278239385e-02
-7.108982787571237194e-03
5.186246557019903551e-03
-1.514492397678119349e-02
-1.332552153414146012e-02
5.270496291568190633e-02
-1.245330534160139085e-02
-2.715092455625528478e-02
1.714971719859043411e-02
-7.112194740832411544e-03
-3.244761729260541017e-02
-3.202552603690845406e-02
1.218941894854318198e-02
4.681791916263041559e-02
-2.394426559974888527e-02
-2.996162584605934279e-02
6.304347605592103276e-02
5.838030432181664370e-02
-4.203313612387698378e-02
-8.856163254707893895e-02
5.723772353491199394e-02
-3.683316695444975586e-02
-3.313372538401598844e-02
-3.520304829458147794e-02
-5.059445256770266769e-02
7.324184557228097248e-02
-1.107873510816468482e-01
-5.723061114349337064e-03
-2.829759885447056394e-02
2.989800182133548964e-02
-3.299120495527565339e-02
-6.398809715908714349e-03
-2.963548991988465900e-02
-3.142672215590469088e-03
3.106815354462945725e-02
1.750875891794229436e-02
-2.952273474785094623e-02
1.825746146078615836e-02
4.695690029237845758e-02
-5.821508596987625545e-03
-2.430416792522108183e-02
9.637961735117825781e-04
-2.446871040848057691e-02
-4.013811974611431431e-03
2.685620525926420490e-02
-4.932138181457761117e-02
-4.686903511096650321e-02
-3.342002786303431561e-02
-1.884687076712548114e-03
6.176013209884636743e-03
2.239931991104699305e-03
3.560929042971144182e-02
-6.524956549985683890e-03
-9.033362956044068207e-03
2.440152455580840707e-02
-6.250501823653878061e-03
-9.721184825139835266e-04
-5.086978344513447964e-02
-2.111035835878629502e-02
4.228955619561735463e-02
7.631234853012546643e-03
-1.285296316404207703e-02
-5.734519791965231317e-02
4.256511686840065700e-02
-4.682529063704338190e-03
-3.522473241476018618e-02
4.262909910352538634e-03
-3.124372620476115886e-02
-1.501542686165302986e-03
3.201546685804113057e-02
-5.165515636970810162e-03
-5.052100591814980696e-02
2.279928998481825508e-02
2.505682114579434183e-02
-3.746913234842472878e-02
5.836739753833207478e-02
4.043644035741193743e-02
-2.158294887144771718e-02
-4.460866577229360974e-02
6.208572109641641128e-03
-5.320778899200225703e-02
-2.500644099637294292e-03
-2.007328713005608264e-02
-2.747401156710368303e-02
-4.229542103431335048e-02
3.980841806127868171e-02
6.574456044426636205e-03
5.622569217768158545e-02
1.583101254792836782e-02
-3.350832092249878685e-02
1.684975572535125921e-02
4.809413475739064692e-02
-2.881289855295983762e-02
7.410049343495425656e-02
4.025126840948618084e-02
-1.227678977499213446e-02
1.911631090544184571e-03
1.567810843828293735e-02
2.144805201859850685e-02
-4.032585111945594103e-02
-2.886387381458059911e-02
-1.839970085725334270e-02
1.585228192486009061e-02
-7.832218968028737197e-03
-1.798789740517718616e-02
2.413324632967831299e-02
8.856684973099720679e-03
9.900417679145836689e-03
-2.103075275825071200e-02
-6.727185896736626904e-03
-9.334172603029208121e-03
-5.938293848766601490e-02
7.716295059926338816e-03
-1.714761883686674940e-02
5.426584473838102357e-02
-1.475865229923136249e-02
2.209005482959818661e-02
1.367736271679398895e-02
4.446346606143646019e-03
5.920879808431457614e-02
-4.677772468620477672e-03
1.337159100313149804e-03
1.380531522944567629e-02
-4.514706960277049992e-03
-1.245247482274415909e-02
-8.262410133996828804e-03
-1.002966756760591445e-02
-1.390025096803492247e-02
-2.233158091532546491e-02
3.593441796219403080e-03
-5.944329255857650103e-03
-1.314995135846104904e-02
-3.016750406383329058e-02
-3.121323345663134380e-02
-2.851128363252823303e-02
-4.017775234834547460e-02
-4.455181966410971112e-02
-3.702261081599700354e-02
-3.837728334892254872e-02
-3.898885529626969909e-02
-3.232081992550809441e-02
5.514957755326647948e-02
3.047652135601842602e-02
1.292300100046282589e-02
3.047369787382386147e-02
2.360068910374572490e-02
1.220933136655977247e-02
-2.148762497535677135e-02
-9.201694248059787834e-03
-3.710401836727140155e-03
4.562660810749403877e-03
9.315457764483012562e-03
3.911071564698622403e-03
-7.115474020135383049e-03
6.897909031031979749e-03
-1.951300416457353581e-02
-7.833044907870703039e-03
2.980302958854380568e-02
6.499296659608654048e-02
3.418618053136832612e-03
3.612143800755623219e-02
3.881873621604385594e-02
-3.176955926903817645e-02
-5.711109341386383376e-03
-2.453251523201193177e-02
9.888372247783468183e-02
-9.463516607562439537e-03
-7.252479358223420589e-03
8.897696479776105727e-02
6.809880271411215824e-02
5.012822266639496011e-02
4.357469518463515101e-02
3.130056176450767697e-02
-2.854422140612927414e-02
3.718020390248696905e-02
-1.978529765021491346e-02
-4.172191190855070037e-02
2.860968626501214293e-02
6.501508672527951324e-03
-7.811239639722455941e-02
2.294975239580213100e-02
8.251781862535955336e-04
-3.501195495720535455e-02
-2.755647892240182043e-02
-3.873387489008498635e-02
-4.822583166375268154e-02
5.731257596246708275e-02
2.354796128676278286e-02
-2.469808536870208866e-03
1.412712204037152273e-02
2.344450775835304687e-02
2.911958861133611895e-02
-2.917135958157534605e-03
-7.560070364099965787e-03
-1.802812318524286278e-02
3.883147610994599520e-03
6.857961321182435774e-03
-2.075467323966661767e-02
1.318784477111388173e-02
1.181317570984594112e-02
-4.041682713816747465e-03
-1.837901813717759958e-02
1.188237498043139689e-02
5.446965452079312146e-03
-6.075374194512939835e-02
-5.140089728358725185e-02
3.223757853680833674e-02
-5.490729996495509468e-02
-3.820332547371298182e-02
-2.479781703421899547e-02
1.392832892985865038e-02
7.352887233465910458e-03
2.028291214498810502e-02
3.965054262656926565e-03
3.163318222703848451e-03
4.712137384130768783e-03
2.726126360974433921e-02
4.558118141618593133e-02
2.404925486439555421e-02
1.994017305402214987e-02
-3.094096074578995409e-02
1.436918077526162449e-02
-2.010640660765386847e-02
-4.112060058499066723e-02
-2.271072241495679725e-02
-8.280309037847478210e-03
-2.934799796163342286e-02
5.531141400423610771e-03
8.763859731936059216e-03
3.247803520656489251e-02
-3.035422796934082040e-02
7.216177019121444713e-03
-3.346087247186712438e-02
-5.100784570090492048e-02
1.812869604769117363e-02
9.341717726004145506e-04
-2.779690289741942183e-02
-2.433919257747845649e-02
1.945696565728373406e-02
3.832452009094810402e-02
-7.039283294274824299e-02
-5.993927578392813094e-02
-7.270914629194313861e-02
-4.759861673042282276e-02
-2.810673081815729182e-02
-2.091658714098817984e-02
1.211739786599277079e-02
-1.352512225225740820e-02
2.014099351241719835e-02
-1.584473028556204408e-02
-9.479650476881641002e-03
1.834573178643668367e-02
2.926877997521842162e-02
7.309649245263997140e-03
9.277743112388528793e-03
5.843006542256444502e-02
4.180678041715311238e-02
1.423622037716979274e-02
5.793271854203249594e-04
-1.765643292195355485e-02
3.962039844314060866e-02
1.223793672271971875e-02
-9.887371274657778125e-03
-2.160750884361638258e-02
-4.558050868510559600e-04
-4.833472873759466805e-03
-3.540879015932044821e-02
-1.897198112055239333e-02
-4.299707117940419071e-02
-4.915865450864900787e-02
-6.674112929334068578e-05
1.017760819820402035e-02
-1.633703324248268057e-02
1.996605015322288137e-02
1.646236467578576779e-02
-2.578406197964436177e-03
1.088032307460916510e-02
-3.960094573534091861e-02
-4.888598179355706924e-02
-6.652331622264468294e-03
-4.429776054675842872e-02
-1.284263183550416951e-02
5.740234961038285372e-02
6.525332952643100870e-02
2.262739553531037048e-02
-4.539414310736289426e-03
-2.469093649813956098e-02
-1.735667246894898388e-02
-8.349695861560318608e-03
-3.690748810076693864e-02
-4.588893284720878263e-02
3.060062812609366453e-02
2.100644249299905841e-02
1.295113975774522461e-02
-4.882534068212612648e-03
9.465375615051781905e-03
-1.887040513604210101e-02
-1.484555837432893592e-02
-7.039521297596744095e-03
-3.346528802789051210e-02
-1.410847543005788220e-02
-4.256541176004417781e-02
-1.966668515935666647e-02
-1.741049858209988213e-02
9.707774598731134727e-03
1.495080096862940779e-02
-5.896372661219415057e-02
-4.653506455669106923e-02
6.439696154925326869e-03
-3.160311704182960490e-03
1.060979093373669649e-02
7.756992622573859750e-04
-3.140150809128752774e-02
-4.751519183513720074e-02
-4.005646856626463720e-02
-5.414784220818582563e-04
1.897577680044171700e-03
8.455618985236919641e-03
4.221906719099297566e-03
-1.627252488033676531e-02
-2.083815158139600346e-02
-1.799202973650829498e-02
-1.462589804849216517e-02
1.033531123725673316e-02
2.186995178289921626e-02
1.093655493795390142e-02
-3.637983643436245706e-03
-7.066516599968453508e-03
-2.958370616487251276e-02
-3.408033616387196475e-03
4.135938512066802963e-02
2.965110647360077317e-02
4.668387607306791198e-03
3.432559846580340076e-03
-3.245768240465275040e-02
-4.923558950703213477e-02
1.216192607974587179e-03
4.575800675885630109e-03
1.464515545285236019e-03
1.044071929360159724e-03
1.725856075501329759e-02
6.800366291916763728e-03
-1.737507102340133227e-03
5.298373181134587682e-03
-1.997192963589708437e-02
5.151727955951845156e-02
7.499521793463725938e-02
6.651358259035577980e-02
-3.435580378035891363e-02
-3.216294404009234498e-02
-4.771170591334461530e-02
-2.675538483347025473e-02
-5.854940431555009234e-02
6.730059965053999645e-04
-1.763607381210423406e-03
1.578589664074507570e-02
-1.821016645290403097e-03
5.499977522030271952e-03
3.902778958059882619e-02
1.779969587974498599e-02
-4.212016116219902129e-02
8.790569721457029348e-04
7.514959499250730909e-03
-2.710685728159046085e-02
-6.775235951011003566e-02
-2.561586500386385870e-02
6.243301876535482103e-02
-6.106863395903307234e-02
4.874138619241123044e-02
5.466000570362484177e-03
-3.204543095600856373e-02
-6.319449402856988640e-02
-1.087789406414356175e-01
3.585580129991455811e-02
-1.155687764578013504e-01
-9.364052752904375443e-02
1.532149889552968658e-01
-1.120817262292639754e-01
-9.256051866982524523e-02
5.796506352524749550e-02
-8.756007132776835733e-02
-8.190904550715033192e-03
1.572042464653084642e-02
8.996365855281645077e-03
-1.131514206298960337e-02
-8.493768019994981863e-03
2.577472205836274857e-02
-7.183179984238393517e-03
-2.818483377814457597e-02
2.238559812829069712e-02
2.553727580750446077e-02
-1.487559067663498345e-02
-2.009738564576278239e-02
3.568825567696074647e-02
-1.118474593612004027e-02
-2.242622357511210585e-02
3.279794158090463402e-02
-1.269557751887275855e-02
-1.492915171929883218e-02
-7.744812939438276526e-03
1.410873793881650944e-03
1.373639906772603121e-02
-8.013653523780112087e-02
9.700793657991840790e-02
-4.739409111377275441e-02
-7.512818305169013944e-02
3.359974790364529673e-02
-1.246226206693630718e-02
-1.558960263937334955e-03
1.457132941286160867e-02
1.874912126969477746e-02
1.723027690087951258e-02
-1.085767009305092443e-02
-1.394129916754784093e-02
-2.083475277009785333e-03
1.281477340849250177e-02
-5.945447134512866529e-03
-1.194595014495829395e-02
6.168848276520517634e-03
7.359312557513910920e-04
-1.148935326851448571e-02
2.416020399905673827e-02
-8.825433688102728158e-03
1.453808196586711850e-02
1.663946689369516854e-02
-9.458914588652686181e-03
-1.247331096730961396e-02
1.708304618198304078e-02
-3.025391962219996060e-03
-1.694133598810928024e-02
-6.190728230668237492e-03
-3.950449414096316586e-02
-4.319798618649373610e-03
-2.824256857846898366e-02
-3.121580830478406371e-02
-3.467949726591416232e-02
1.847177878025002551e-02
2.667223042000042496e-02
-2.799612061829889406e-02
1.776494310752478947e-02
2.338970085877025221e-02
-2.261723840748167125e-02
2.327849224164741781e-03
5.190283971049244015e-03
-1.182842114162680966e-02
2.434204812200024479e-02
4.902542413928595577e-03
1.179729175670948815e-02
-3.566157982666733170e-04
4.119287506311055530e-02
1.826860051901169416e-02
-3.099680814381639872e-03
3.917062623781811188e-05
-2.591261001481361473e-02
2.608584450871040752e-02
-4.557626046539565295e-02
-5.040436694254703774e-03
1.720049144848371766e-03
-3.096371465047438598e-02
-5.376098615386868361e-03
-2.952540592320546369e-03
-3.213367954470506410e-02
1.511881455075431840e-02
-3.998093054049774858e-02
1.374394628573187560e-03
1.842744318124278982e-02
1.646683469439913158e-02
-2.349501300739039247e-02
-2.000969639292831878e-02
-2.660295672800368563e-02
-5.793400239456987511e-02
4.023670294568169881e-02
-1.698616986487275562e-02
-1.501107861339869357e-02
3.701106427452795222e-02
-2.210726475301472149e-02
-3.457835233301466416e-02
8.512070405272319229e-03
-2.295196439507783334e-02
-6.621210119133308022e-03
1.882488347575577217e-02
-8.519069626778636578e-03
2.574288025618957226e-02
1.519234399272511270e-02
-1.185925701150697918e-02
1.901203747325698815e-02
9.611141823185329058e-03
6.067916174732661087e-03
1.340182594345902534e-02
-3.313174406465061264e-04
-3.016026630081710541e-02
-3.750202160000906670e-02
6.519115950753334374e-03
2.799766669676354274e-03
-5.405307940941535966e-02
-8.175777841133134022e-03
1.270127881950156024e-02
-3.494802427326979769e-03
1.176376213404035052e-02
-4.358264353042877633e-03
3.875390684639969975e-03
-1.534682928684892936e-02
1.212538530756344241e-02
2.581417867858747453e-02
-3.239586959293761642e-02
-2.907607060005823214e-03
2.720070795149383963e-02
4.576648822043543480e-02
9.097588684467818043e-02
-1.996094274853554753e-03
-7.892390239909173252e-03
-9.009204724137748199e-02
-5.515992358409983060e-02
-4.672244112015474377e-02
-5.006027525542184470e-02
-5.302048256057583647e-02
-1.933726561654417961e-02
-9.816630820311185446e-02
2.944143880312830031e-02
4.955772050995193093e-03
1.064610704293837279e-01
2.594494324689806605e-02
1.450183972743881826e-02
-1.138111986229518868e-03
-3.858016001801651412e-02
-4.403383684174772689e-02
-2.304468684913052109e-02
2.046231379753631757e-02
-1.035745712764829241e-01
1.673518918127802138e-02
6.868194473098372665e-02
5.460546688285717459e-02
1.284099742411456621e-02
-1.752566979592674878e-02
-3.787413301204170524e-02
5.300565132319623451e-02
1.164316666038248821e-02
5.425931863501434055e-02
-4.943182277474658659e-03
-3.581614394944747370e-02
-1.438603106868066236e-02
-1.187809169046208022e-02
-2.113843863943573251e-02
1.103084342692215586e-02
-1.393588586720461431e-01
-2.753657433829345344e-02
-6.529470694012406984e-02
5.033833883112185520e-02
-3.956141857823248370e-02
2.343388975133311319e-02
-1.968071828146197161e-02
-1.551045236992279475e-02
-7.226354474456950228e-02
-1.411983580165948257e-02
2.268939998516734946e-02
-5.753095242491659735e-04
2.029485762243336128e-02
-2.709729572853100590e-03
1.521086838115778828e-02
-2.620659363573168629e-02
-3.240282796098745838e-02
1.823498976435307612e-03
4.544764796076135316e-03
2.591871201688815971e-04
-2.391817279585424852e-02
6.627157918585394221e-03
4.933030513052465670e-03
-1.140357321992930932e-02
7.572089166041171861e-03
-7.229145011226472198e-03
-2.892533054871042255e-03
6.285779303758142139e-04
-1.113265183272225782e-02
1.233687916679758120e-02
1.147800965895088557e-03
9.705303245507208507e-03
-9.590621864040686784e-03
7.378805176485076119e-03
1.842044937274708166e-02
1.048017012934720008e-02
-1.821629657896062238e-02
-6.851424517903664455e-03
9.265759318109388588e-04
1.739187614151725409e-04
-6.718653783745064285e-03
-1.490522394022137861e-02
1.663592277286420366e-03
9.022460280828072110e-03
-8.542061493863827015e-02
7.447666442012314258e-02
-1.112420001868096898e-02
1.174936193379787081e-01
-5.790645523893555441e-02
-6.569729280310734887e-02
-3.613440711099875913e-02
2.259237006244988778e-03
2.413416052619167182e-02
3.926672056398960130e-03
-2.871256018650171233e-03
-4.321104795104195595e-02
-4.803844977934721566e-02
-3.738630256564111354e-02
-1.285707135841036852e-02
5.510566529797263947e-03
1.743512807862187056e-02
7.146597854498171198e-03
-3.150531131655275041e-02
-1.044535580930129604e-03
3.774497181460836730e-03
2.657262687799757245e-02
-4.727815711218932501e-03
-2.355401466154647544e-02
-8.437063929523756431e-03
-3.496889015461563874e-03
-8.457295551573288869e-03
-3.871165173310870539e-02
-1.634678278511073404e-02
1.455271101915199365e-02
1.253297176201011165e-02
-3.447107572631417927e-02
-2.986817981789058329e-02
-3.199801114359973608e-02
-1.100236096110413127e-02
-6.956404935238808505e-03
-3.030779583645965263e-03
-1.127533021695334252e-02
6.068626130214891529e-03
-1.784818836472220564e-03
1.273572587644846224e-02
3.153020766144793569e-02
-2.143197692614110059e-03
4.852972068931696824e-03
-9.979193645836137092e-03
-5.356692257607426760e-02
-3.721962999022566249e-02
-6.196493189717250383e-02
-8.141911611838514862e-02
1.479107098150883159e-03
8.804855569488418549e-03
-1.593904636747554143e-02
-1.065439420885708720e-02
-5.986277546866225485e-02
3.973723991047011656e-02
-1.906293566288465649e-02
-4.209528865293376589e-03
-3.327804612396157574e-02
-2.618949456866822081e-02
5.553153052484887872e-03
-5.432136682391737470e-03
1.300581148544763602e-02
2.850686250288427676e-02
2.411426177367996873e-02
9.314795612257932567e-03
-6.843043205697986464e-02
2.725522133196335572e-02
4.450893918881715546e-03
-4.860601511292560878e-02
3.945391982606686471e-02
-4.435311125277206410e-04
-4.944436416682869428e-02
3.916361118776479078e-02
-4.532024858289994407e-02
3.287478838240708717e-02
2.657792060391538785e-02
-1.756631271204897593e-02
-1.790627803412040212e-02
2.164463696542378614e-03
2.224567521605934697e-02
-1.611329361213508990e-02
4.883038372629607687e-02
-3.688210871822444198e-02
-6.408186643025150231e-02
4.237391044964718828e-02
-1.314213884247809883e-02
-5.408489501180860359e-02
-8.011196206781250051e-03
-5.832315175339207458e-02
-7.938812823800434071e-02
-3.358366464394649947e-02
-4.814356466138026980e-02
6.526184756485411617e-03
-2.991596609979630880e-02
-5.669949474000470641e-02
-4.604099318373935934e-02
1.920248441083029917e-02
1.924192424590978959e-02
-1.314868627751645917e-02
2.325936829550739882e-02
-6.016767591469605880e-02
7.976855889702873237e-02
5.060749958827392980e-02
-7.640793073023918400e-04
2.192111532411704367e-02
7.102811736593775231e-03
-1.244359419423027302e-02
-4.972475622746092829e-05
3.593108169172184313e-02
2.259710020348318013e-02
-9.077089112858092654e-03
-4.084671931844760517e-02
-1.685055820841524846e-02
-9.070737108449716812e-03
-2.184670002241172887e-02
3.041861851498468480e-02
4.244374381916048676e-03
-1.039370017771357353e-02
-4.688954890765365674e-02
-6.003377794179149546e-02
2.743687257573066470e-03
-2.755622521685160281e-02
-4.279377839908141828e-02
2.603993799515041258e-02
-2.362123202681555827e-03
-1.140248408045116922e-02
-9.363087844154932560e-03
-5.218496066863122229e-02
-2.601681967127809046e-03
2.027347734384219238e-02
-1.260079294382187090e-02
1.809146280617930647e-02
-1.471094041197820723e-02
-2.554119800956618919e-02
-1.691539384671386995e-02
-1.638464547932882293e-02
4.815043272479593850e-02
3.425208065787226086e-02
-5.934185172486557830e-02
1.772529094913467482e-02
3.456763241921378960e-02
-5.371748288277108929e-02
1.937435496228768345e-02
3.872128398390049797e-02
-2.111806694562248787e-02
2.565421696790030903e-02
2.432335727974370421e-02
-5.681783460260047408e-02
-9.485392302082902571e-02
-9.390848408890249688e-02
-2.878917873979216363e-02
-1.309920364915193383e-02
2.475639643934448696e-03
1.248593495272357252e-02
3.962341772753211547e-03
-2.085379943876563419e-02
8.266193990996151264e-04
1.791691984264368997e-03
1.219947258261445781e-02
3.627113098789208623e-02
1.604152374900959938e-02
-1.671676456696679844e-02
2.998345990002306005e-02
1.800628100713730362e-02
3.157346467500845005e-03
3.430438125341963435e-02
2.956802323833690807e-02
3.057606969580667702e-02
4.428778194855916006e-02
-2.842551490916564796e-03
3.681857086145304964e-02
-5.396636429898824666e-02
-3.398737394103187870e-02
2.446207740165631112e-02
-1.470433801207516461e-02
-4.603489615523104206e-02
-3.221339311207667422e-02
-2.542109978023451150e-03
-3.693945793837970920e-02
2.116155687693480059e-02
-6.368856992141989221e-03
3.282967647865270289e-02
9.477184470090585858e-03
-4.044869481338542357e-03
1.894208174825492974e-02
2.956735907955532552e-02
-8.744418849771496555e-03
-1.011927434956906915e-02
-5.109623647741983734e-04
-5.668203321678931539e-02
-4.541406291930071698e-02
-2.937762214793943755e-02
3.343860574990775714e-02
-8.668097081555987959e-02
-4.708310666076588602e-02
-1.006246765298557562e-02
-6.962259452525082493e-02
-5.264384603798117485e-02
1.129830377771838361e-02
5.317320094425972976e-02
4.108744506840050076e-02
-2.881474503587859535e-03
1.626273442733047747e-02
-2.486951209512573788e-03
-1.271643443870885937e-04
-1.314316281754977951e-02
-1.805678633823867840e-02
1.074944246822492622e-01
-4.065276859111760510e-02
-5.472650119283489767e-02
4.512404928918428704e-02
4.220800133232053414e-02
-5.473559735009414506e-02
2.644108437049904454e-04
4.262258693833420597e-02
6.862133394553164741e-03
4.892734392365367122e-04
-3.135069047487192007e-02
4.039613946338053985e-02
1.008019717550639668e-02
-4.280737576708730507e-02
2.281483501016767779e-02
3.365032034394729865e-02
-4.341285649592389190e-02
2.816422825827346113e-02
-5.925913617609574044e-04
-2.026188969878786605e-02
3.591860202285673126e-03
2.518326301631246961e-02
-1.762040909356996088e-02
-1.133696730143738882e-03
-1.970829455902234351e-02
-2.833821704207907521e-02
-4.698116030166540717e-03
-3.809243077135981981e-02
-2.293595575305228465e-02
-1.498915014283269155e-02
-5.480562749229089120e-02
-4.987369532485246698e-02
-2.106171989318180240e-02
-2.874528166156814155e-02
-4.543429774455113451e-02
-1.091909141307353948e-02
-8.091759049305716212e-03
-1.314897651427417158e-02
-3.921411185746716266e-02
-9.089945890113129354e-03
-7.620136788007219816e-03
-3.762531957361152368e-02
6.468987638961587461e-02
-2.395416536375735012e-02
-1.562615936109306575e-02
-1.050524730268311870e-02
1.832809299402295491e-02
1.043872284671807683e-02
-2.279257246975454829e-02
-9.583970632705663502e-04
1.547331812798559934e-02
-2.759855784437263010e-02
-1.574363089476059699e-02
1.062452182892894594e-02
3.625704164032529306e-03
-2.189943681241636117e-02
-3.600414984157503107e-02
1.787438125502541567e-02
-3.021168394352544487e-02
-3.008490610247033237e-02
1.630265101232759905e-03
-9.359772445909393321e-03
2.864983147328008500e-03
1.439511280490463757e-02
3.342728419183792210e-02
-2.697034388659684881e-02
-9.350183391076424474e-03
-3.082058916422596813e-04
-2.545042806849481115e-02
1.752637264250886395e-02
1.820559934990223505e-02
-2.107978110267704971e-02
1.434144953679346822e-02
4.762115580101076474e-03
-1.295512424481589688e-02
9.026063116783996504e-03
6.130019780488628160e-03
3.592155367693192821e-03
-5.364804655528350279e-03
9.046438365760529898e-03
2.347671860060658502e-03
1.646172916691418520e-02
-2.935568276909124308e-02
4.445806203987578281e-02
-3.553889656200675401e-02
-5.053803958224856868e-02
2.339519229116225965e-02
3.122600458282156002e-02
9.576530124127917562e-04
5.019019813460681712e-02
2.576674842972865448e-02
9.446086357368247213e-03
3.872510922532781952e-02
9.148712224238287477e-04
4.330765486406733950e-02
-4.337789276832277469e-02
1.738096642541897205e-02
3.508257466289255860e-02
-1.511548499696955747e-02
-1.006492547015777964e-02
1.959643498900911530e-04
1.022744244502614940e-02
-8.036986284039742551e-03
1.830184428776652356e-02
1.618251272129293816e-02
1.592756169009199290e-03
3.332141151241248961e-02
1.001397242228119037e-02
-1.846730933460563259e-02
-9.379256944910161278e-03
4.284599801737709601e-02
-3.359871654709378069e-02
-8.208463535004836831e-02
5.323723171123158869e-03
-9.528235475374719973e-03
-5.161110434662218721e-02
-1.481763133945586050e-02
5.457887550382147651e-03
2.349828764559621849e-02
-5.592485603087783176e-03
2.207260529430059206e-03
2.670611090631865372e-02
-1.578184478514191996e-02
-5.667239824646634096e-03
2.536640527104869897e-02
-1.050493924169954192e-02
-6.201412316415071124e-03
-3.525847509644509936e-02
7.060215651764996381e-02
7.883672213143531893e-03
-4.520710873933757312e-02
5.755809745494517432e-02
3.667811801962084228e-02
-3.154979578111757887e-02
2.450067510090061726e-02
-5.510951890627572604e-03
8.656261219538595800e-03
-6.428957382811979933e-03
-1.100784617051156966e-03
8.669582349605159388e-03
1.001766628840054102e-02
8.166220732333650395e-03
-1.329197030341360518e-02
-1.447112936007526052e-02
-7.661560846024119409e-02
-1.045596728586398183e-01
2.554545003382287932e-02
-7.762289321563933808e-02
-8.954962058248668033e-02
7.660334871477884888e-02
-4.086784538161760544e-02
-7.280879739759495151e-02
2.409152803094120540e-02
-6.369675286468209907e-02
-3.446446965583929711e-02
-5.898794258023668663e-02
2.063084794140973219e-03
-3.341093525244106383e-02
-6.482335148293041915e-02
-5.280246798156376653e-02
-4.135131129128057775e-02
-7.195710718561505737e-02
-1.640017632578571333e-02
4.113025121135667483e-02
2.188552168144774351e-02
-1.322588002214910262e-02
2.895582326248257940e-02
-1.473727992369533620e-02
-2.831657799991675606e-02
9.129711889853096146e-03
3.078843064408972024e-03
-1.396182577306900353e-03
-3.016429248241790304e-02
-4.383941857431018774e-02
7.362786658659178918e-03
-1.792089621262032278e-02
4.507218379463065472e-03
-1.598923417067768180e-02
5.583526468840571515e-03
3.627796644736815124e-02
-1.406363430962010233e-02
2.035245824019846217e-02
-1.254652895247307387e-02
2.952793540528615007e-02
1.311141139121723385e-02
-5.178689688462263102e-02
2.046474934263305123e-02
1.031470084987259894e-03
-1.497023013011234381e-02
2.477475580189927862e-02
1.171820209766523228e-02
-3.622849337812467096e-02
2.038195899141792902e-02
4.427624372752885645e-03
-3.972885163421473187e-02
-2.308274331019114639e-02
1.360490278563138145e-02
-1.395187184826942803e-02
-2.347425145862280446e-02
1.070394400764390457e-02
6.553978264164286860e-02
-1.638920895734721772e-02
2.024818163744867769e-02
8.841661380280653459e-02
-3.048043489323170110e-02
-6.561407175656543134e-03
4.967184688682753368e-02
6.751306872210134299e-03
-9.592801694257625106e-03
-2.825273921666524718e-02
6.631472104487025170e-03
4.605801775612780244e-03
-3.692917919853691902e-03
-2.649956338133761802e-02
-2.854572671821406504e-02
-1.838693415809405235e-02
1.487501757300421085e-02
9.738034227746871288e-03
-1.915327591176008495e-02
2.150086007973703653e-02
2.739044609774210146e-02
-2.202543320604315874e-02
-5.516604590617139869e-03
1.122478226320268837e-03
-3.612610247680227149e-02
-2.857042886967587833e-02
-6.369589758357885323e-03
-2.531006292094587287e-02
1.474117811445233711e-02
2.673634731008675547e-02
3.511617021808956240e-02
-2.031785803657196188e-02
2.034297579447941900e-02
5.613796543263460150e-03
2.491735136191668490e-02
4.601739405267116223e-02
8.226385263185895941e-03
3.432637184293015759e-02
2.855847857265289558e-02
2.108346570977349607e-02
3.194793609533801149e-02
-1.363315714730340550e-02
-7.310631702941196297e-02
-6.675506617408670518e-02
1.441679234104545175e-02
-1.818959416062647730e-02
-4.373080646998805249e-02
1.104568188739343641e-02
-9.565070601300776701e-03
-1.836834361330969695e-02
5.687546917048880114e-04
-1.607674468506686827e-02
-2.876250394577925529e-02
-2.867502674007624958e-02
-1.628129655032964362e-02
1.212165194732988706e-02
-3.154985216756985011e-02
-2.789067809576566484e-02
-4.308771888930011500e-03
8.164001317388903944e-03
-3.261417428739595004e-02
3.372351685725467202e-02
4.714311590034128002e-03
-2.692618318289972945e-02
3.902006213279660823e-02
1.237077728154620249e-02
-4.221799041204222364e-02
4.620042205981810673e-02
2.235306174122089415e-02
-3.146446803672754700e-02
1.297745008734236096e-03
1.624136158454533765e-03
1.239553014816891126e-02
-1.601509438994486905e-03
3.203168487713617396e-02
-1.856207767687967011e-02
-2.253963980963055030e-02
-3.469403097205576297e-02
-1.806969578405749968e-02
4.498202040455816404e-03
2.961426937092150047e-02
-5.786490476798856510e-03
1.680607382664784516e-02
6.509491397794818501e-02
-1.782292891971759465e-03
1.065837987389489823e-02
5.053752244910873770e-02
-1.144122812306405841e-02
-9.053624006365483534e-02
5.878965252921180412e-02
-8.152586799374617055e-02
-8.735399516440742196e-02
1.466614955555104738e-01
-7.737918451590364288e-02
-8.403725817323080827e-02
4.358490644960286847e-02
-6.455610011048783237e-02
-7.296073606377718145e-03
-8.343964827059600908e-02
2.867274470450617650e-03
3.934845106063066499e-03
-8.136378252961115609e-02
6.897906836283249077e-02
-2.525677363863632063e-02
-6.823745057169260109e-02
5.207055750583216604e-03
2.402196291883419363e-02
4.195225092030433096e-03
1.574619799273670878e-02
2.254633997381512434e-02
-1.745886032434400270e-02
-1.717688638743131851e-02
1.950680926980647226e-02
-8.425997331990424041e-03
-7.321552050131908441e-03
8.288097918537497277e-03
-1.159021520065886893e-02
-5.108815349336009179e-04
2.751745061378527580e-03
-1.157051384495054805e-02
-2.518373197685796084e-03
1.249039070391881785e-02
-2.766522906557917268e-03
1.096904967902289502e-02
-7.293696038690129779e-03
-5.426969141199083912e-03
-2.707967033828340142e-02
3.135002829199896868e-02
-4.093164232540548453e-02
1.584250695544408075e-02
3.284376781847511001e-02
-1.549568566841073164e-02
2.065912103999506186e-02
-1.578094015790896393e-02
-1.606732906687942733e-02
8.569661481643961812e-03
7.319972476657599786e-03
-1.036445854595400597e-02
1.662985972898589626e-02
-5.989987538668903322e-03
-1.199726441021124572e-02
1.253131106705921392e-02
2.980540566403742930e-02
1.434398401436809932e-02
-1.466032387274555232e-02
5.299802343604057692e-02
1.804390791278014800e-02
-8.946505553815918251e-04
2.738233930435043234e-02
2.330372749581334502e-02
-1.075130224948245918e-04
-1.488721264292144214e-02
1.213943967493854442e-02
1.134004222702888684e-02
-1.843768392693450817e-02
2.323461567111788709e-03
-2.128928780633739665e-02
-1.095376102003243861e-02
2.394794936186328549e-02
-1.620451174825892141e-02
9.049763079577163166e-03
-1.814036461005775688e-02
-1.006882866896463384e-02
2.712973269215636710e-02
-1.574940817230914905e-02
-1.962605658430075731e-03
2.254143824153966719e-02
-9.473596171493145132e-03
-7.157410328810245859e-03
2.703979825674700591e-02
-5.790160523779945556e-03
-3.605887675231865650e-04
1.644891494743562499e-02
-2.434814752292960294e-02
-2.196958031102177675e-02
2.358115319075889532e-02
-8.319652007439346311e-03
2.389000945615373395e-03
6.098739847802191888e-03
-7.337433760218954604e-03
9.309901716989189141e-03
-2.655093985062409803e-02
1.954764837080702391e-03
3.996478701077136805e-03
-1.682352203542192629e-02
2.926509694669299916e-02
1.006955255210637522e-02
3.710344305128664491e-03
-6.698742595406868491e-03
-4.422794351365386817e-02
1.236513811728998276e-02
2.778270324018203286e-02
-3.909389090659472210e-02
-6.900106764933135531e-03
-7.746959027172410682e-04
-4.535765465750873221e-02
1.320510585104158266e-02
1.583436026340032804e-02
3.507397961739613934e-02
-2.089514204944674380e-02
-1.384965926662209447e-02
-3.151708699909250809e-03
2.350994805334103571e-02
-1.920748017768707239e-02
-4.365675843365389094e-03
-1.486326404021197367e-02
3.296513119909095721e-03
1.761477474157918666e-02
-1.624270251612192073e-02
1.618522092888109720e-02
1.959969027040661671e-02
-1.724794444037606317e-02
5.736379614387666394e-03
1.913931912002780553e-02
-1.197402993918673768e-02
-4.569702973214379883e-03
9.247527498832572648e-03
1.096593408858123446e-02
-3.479203087174680131e-02
9.857378730213634324e-03
2.480896073934917012e-02
-1.171254235025328237e-03
1.183396814019253146e-02
1.702930702788004597e-02
-9.011553621421999200e-03
1.327267044459438591e-02
2.584225435427784170e-02
-1.994445139967061104e-02
6.325933025953940983e-03
1.666280600086757560e-02
-4.128920386693787914e-02
-1.514106516624361132e-02
3.198273295020571949e-02
5.571431364929572277e-02
1.211146382015297965e-02
-1.444622404109840823e-02
-1.562834802120319569e-02
3.674038676735107752e-03
-1.984129110292424600e-02
2.367692599713396712e-02
1.968725349002488009e-02
-2.096302887921316915e-02
-6.489151087631547798e-02
-6.219138129870513572e-04
-1.306617732306095819e-02
-4.657154445447279911e-02
-2.789634427578996378e-02
4.603182611654352968e-02
-1.726625838208616440e-02
-1.147854947160596197e-02
5.893264720082568020e-02
1.934606133890249755e-02
-4.080993671623872610e-02
-1.294401278251854602e-02
-4.126054936646342611e-03
-3.012123663291041420e-02
3.733338948019981895e-02
3.135137026175370545e-02
-4.434768959788924769e-02
-4.354732220361549888e-02
-3.660406103308652681e-02
-1.043386975234013130e-02
-3.001724556692752718e-02
-5.121193087133122518e-02
-4.983263588211199469e-02
8.593379836955335194e-02
4.514452444055615937e-02
-2.173576478794885317e-02
-2.801743114707999985e-02
-5.862091501516989225e-03
3.549717190939319367e-02
-6.184138554236323117e-03
1.289248022266491732e-02
9.683244999958342397e-03
-2.381629996306445715e-02
-3.189831208240338778e-02
1.903179737649405082e-02
1.376784329734139119e-03
-2.896982909569234890e-02
-1.301163394583066887e-02
-1.212985420577608782e-02
-3.178479070175411342e-02
-3.188602275082249443e-02
5.890236228471094210e-02
3.235746115850580973e-02
3.597174118152856714e-03
1.057575024611640251e-03
-1.215956138099450259e-02
-2.422283720331225992e-02
-1.593144370349584490e-02
-1.314375229406836675e-02
-1.924786604472419893e-02
1.602997618534863404e-03
2.455924904775731721e-03
-9.017539666521834016e-03
-1.929021764296832628e-02
-8.106746866652286138e-03
3.870402409436213276e-02
-3.507102544992694165e-02
-2.887424821105282965e-02
1.535379691673529300e-02
-4.197257542630426080e-02
-4.696551462516412173e-02
-2.253349252377694414e-02
1.694300121812113841e-02
2.804761277221208202e-02
1.169708174454021400e-02
-3.916888630948302252e-02
-3.130961316049864218e-02
-2.378108003333393242e-02
-5.925006727659305229e-03
9.104563008016059583e-03
-7.635675027189639400e-04
-2.778510447817979841e-03
1.043773513044663447e-02
4.782894460738210812e-02
-1.021155037291067436e-01
-1.137758437234386438e-01
-8.424130905343495124e-02
3.190545063698250333e-02
1.410919543471913151e-03
-6.032848251940088613e-02
-1.562667700263933868e-02
-3.454342199658563123e-02
-4.354697330962963714e-02
-1.816328318257421845e-02
-2.469538885825308880e-02
-1.068470042694436061e-03
3.624083714489913233e-02
-5.006194874967380718e-04
-3.010059450386540214e-02
-1.066251558968950817e-02
6.761444710289626729e-03
6.070736302520374824e-04
8.956019098180890243e-04
-2.583350399368091431e-03
4.590450276525624164e-04
2.297959112852406005e-02
7.970700247576423605e-03
-7.381583341495200762e-03
-6.824580979134826919e-02
-5.901828690222334084e-02
-1.137239985362108532e-02
-1.772796677920328995e-02
-3.949330951387447497e-02
-5.828839609309337255e-02
7.617330319134418826e-02
9.648039530965388591e-03
-1.968032014019797243e-02
1.707466279067997722e-02
-1.461124997826823615e-03
-3.000275958044881872e-03
1.256102221374803644e-02
-7.185781511739743055e-03
6.812839089762010546e-03
2.226773859753409038e-02
-2.519667606456881676e-02
-1.932278643747734753e-02
2.309237478202165461e-02
-2.684726826276677414e-02
9.276312958621276208e-03
-8.844308752760848824e-03
-5.679401429099883297e-02
-1.784937132764887087e-03
-2.901260303928777928e-02
-3.021207072305809489e-03
1.525793278526778318e-02
4.876748779218752911e-02
-1.803962092278329349e-02
-5.588894197528428837e-02
5.277032553841043416e-02
-1.778373702377201646e-02
-4.966284846017723908e-02
6.697453880714585028e-02
3.144104978825081054e-02
2.151493096238550617e-02
-2.164690935883493636e-02
-8.493834990897959625e-03
1.794304729427375830e-02
-2.152265005256621955e-02
3.300385695607937347e-02
1.445831620551697727e-02
5.565129854770318324e-02
3.340618782349118188e-02
-2.813716038254168370e-02
4.422021264643084121e-02
4.040653854210603246e-02
-3.098622555056326083e-02
2.043483598292084036e-02
-4.029482736273492377e-02
-2.204432317149975298e-02
-5.447476474649756706e-03
-1.153093409535073909e-02
5.287118471396705377e-02
2.422961426762834658e-02
3.100433020950532290e-02
-1.199918758530865845e-03
-8.780849853553257880e-03
-4.903648909881470896e-02
-5.684954059428218992e-02
-5.574751041156391501e-02
-7.345530935343164147e-02
-6.045480315348172179e-02
-7.597360210169293478e-03
-2.051369187008924080e-02
-3.313031522884233009e-03
-2.515665103656213736e-02
-4.991479426400896417e-03
2.620255128976339744e-03
-2.765415944520503277e-03
7.485565843881549939e-04
-2.135335936740734297e-02
-4.457248091943692703e-02
1.576354618453651782e-02
-7.346726172041137017e-03
4.062510243092978118e-02
1.618255974559621932e-02
-3.560422687211074744e-02
-1.366500152010948280e-02
-2.267672692614872490e-02
6.232516008779735196e-03
1.359380413907484465e-02
-1.491317872581766381e-02
-5.323734343211707423e-03
-2.088904893729800344e-02
-4.905242912798981475e-02
-6.171059461696375148e-03
-4.153828592334196657e-02
-1.201618904414136421e-02
1.082085287585457523e-02
-1.476509185472916520e-02
2.847746920883044690e-03
-1.841602155325408954e-02
8.782806516028616312e-03
6.683609276789580916e-03
7.063770476930830364e-03
-9.349371897008747212e-03
-1.455151741096921908e-04
-2.402946654620044357e-03
3.304755663632958848e-03
3.063104573547489190e-02
5.591920997743646607e-03
5.056910538165092749e-03
1.973487117745489905e-02
-1.534484979572067753e-02
-1.602154881354429100e-02
-2.090670580283774359e-03
-3.605953895574815632e-02
7.571257925663093559e-03
1.600682118943080184e-02
2.708187062736685732e-02
9.280454545463714608e-03
6.675188105924352057e-03
4.444477130305561977e-03
-5.437119172548168051e-04
-4.516938244499318217e-03
-2.728797417803907068e-04
2.180799958394782911e-02
-4.109561117129575253e-02
-2.335504543394515894e-02
-5.244847128204486314e-02
-4.362438370111887398e-02
7.394772457182341441e-03
-1.863429765074496591e-02
2.242031299025527141e-02
-2.957815601134175867e-02
2.636018872685554743e-04
1.018251400019373927e-03
-1.514039228403723679e-03
-1.042131177903856884e-02
1.634640257268258918e-03
2.496771938940501798e-02
-1.338544834688305644e-02
-4.599049395009811338e-03
-2.622295155361775015e-02
2.414711408553749453e-02
-2.851207850602010749e-02
2.312529732966976323e-02
-1.437493636603105404e-02
-1.679692344390860265e-02
5.698683971522387239e-03
7.903512842473904565e-03
2.907162910600648992e-02
1.737760883052389196e-02
-8.679083227582470861e-03
-1.243582810001679639e-02
-3.231955076021949397e-02
-1.904284983756056315e-02
-2.296381913493714816e-02
-3.700072458024777217e-02
1.213230382029102661e-02
2.802916783533767817e-02
-2.041465519093165620e-02
1.839737069255726123e-02
-4.220359010352075016e-03
-9.695659561688971945e-03
-4.099805238735926630e-03
-1.979817642101542804e-02
-9.906449721649742898e-03
-1.004877775719226728e-02
-2.673714581475876775e-03
1.068028504006939515e-02
-1.154117582073623319e-02
-3.500256068315904523e-02
-3.449808690172374848e-02
2.139107843933170036e-02
8.228503240547614672e-03
-1.902544872754112146e-02
-1.489455016629423131e-02
-5.124749114695442698e-02
-3.724095777588818518e-02
1.860230431659336964e-02
-2.721325462755534545e-03
-2.301908887633745404e-02
2.311055908594989577e-02
6.953871710381765055e-03
1.058403547660601539e-02
2.378019429559697501e-02
4.007516434465093272e-03
1.486328427517960744e-02
-2.841401694055218155e-02
-8.909947348174455939e-02
7.253022530113392013e-03
-4.703888871504399716e-02
2.364904866008253961e-02
5.168842790101588203e-02
-4.272373172869652763e-02
1.039451111993467264e-01
-8.894030715894510331e-02
-3.804709480203832817e-02
2.404418095131380037e-02
-5.096473060340709488e-02
4.147440733627579673e-02
2.032368187743322646e-02
-4.480043798090154600e-02
1.414657388112710960e-02
-6.074418480343902332e-02
9.321231311682384724e-02
1.409397084707141902e-02
1.954353278915841804e-02
-7.260978232623534548e-03
1.013140111223101089e-02
-8.090985856946251997e-03
-1.388059690818941412e-03
5.464136288762162265e-03
-6.444464965793267330e-02
1.026880299269706739e-02
-2.437236511448774220e-02
-1.851033131413575353e-02
1.334899300202319929e-02
-4.158085861231262254e-02
-2.247495573539706054e-02
1.459764345132386586e-02
-3.567788603445389700e-02
1.260754542412192113e-02
-2.203573710959415635e-02
-8.436668645197768768e-02
-1.827292523566843158e-02
2.948100518174370799e-02
-5.874665099937497609e-02
9.304163375462981556e-02
-1.095288624974648517e-01
7.483997585699815602e-02
-6.359613660098488441e-02
-3.461760548752940148e-02
3.329867826589695545e-02
2.982987995876721851e-02
2.981925928727121537e-03
2.099730464115756590e-02
-4.008296308817285714e-02
-3.536795807563210877e-03
-7.652113350407780366e-03
-3.991595214213097126e-02
3.202118827831711145e-02
-2.588081596937779477e-03
9.770641787001571599e-03
-1.100251908018991948e-02
1.041057859599329311e-02
4.181861305029851289e-02
-9.902069656431030514e-03
-3.758130489527170687e-03
1.507410816906150884e-02
4.054537207806845067e-02
-2.021460838392702755e-02
-9.760763386376866690e-03
-1.359686405432388064e-02
-3.107598771962043205e-02
1.078347039088668226e-02
-1.066761863510808268e-03
-5.454280290678845296e-03
1.320953718188762165e-02
4.145212054135239375e-03
1.628970740230219899e-02
1.702519217043757180e-02
-1.317502158637229998e-02
1.085052101057084988e-02
-1.435434905154075319e-02
-2.599564206213654874e-02
-1.264389541440116838e-02
-2.025329383914589720e-02
-1.469914936634945414e-02
1.983373904404564167e-02
-1.738658623433965086e-02
-3.391566105760761979e-02
3.849512696099866710e-02
-5.531858984687947067e-02
5.905490996886340882e-02
-3.785862595510437051e-03
4.188761847840656583e-02
1.372829976464282585e-03
-1.634027927260544438e-02
-1.445922934936279616e-02
-2.531436584352295474e-02
-1.523020833069642366e-02
-2.282060940034477334e-02
-9.457743811255367797e-03
-1.586554141743306764e-03
-3.319092390870277687e-02
2.138135514191594200e-02
-1.056882585453233249e-02
-1.265393081950342766e-02
-1.356649255558950787e-02
3.814941467606765280e-02
-4.259595136638059942e-03
3.517826268955719093e-02
-8.062321058489897718e-03
2.361335021038197049e-02
-1.792197710343953294e-03
-3.108919401776820760e-02
-1.949069826217506365e-02
3.727644737831723246e-03
-1.776630931085338913e-02
-2.340195236233816572e-03
3.481474411798022445e-02
-1.068528378574330230e-02
-6.160266885818260069e-03
-3.197832848288642560e-02
6.963557425970398271e-03
1.029227226843003155e-02
1.069965968323933862e-02
5.129205040185918357e-03
-1.465370207738853937e-02
1.140071118519899070e-02
-6.194793682604275709e-03
6.577806945696421624e-03
-2.902224220545888533e-03
-3.914856988881706273e-02
-2.948983178305027847e-02
-4.680875674176511458e-02
-4.844269169847889578e-02
3.553990504829297736e-02
-6.567563757022795712e-02
-1.587428400920943769e-02
-5.364544670898111628e-02
1.041296203970904985e-02
-9.145733909587325239e-03
2.196445782353529871e-02
2.048159627154482257e-02
4.070010643143012578e-03
2.024448403974536421e-03
-1.408969196166645621e-02
3.146939128140797959e-02
-1.774032236284418806e-02
1.054679202163875604e-02
-8.724770978093515650e-03
3.053653947136943016e-03
-4.770845257444387283e-02
-1.382318377932843095e-02
-1.449134077549666527e-02
-2.903243514130257955e-02
-3.298095367439358994e-02
-2.013360580185655224e-02
1.572072838251874563e-02
-3.383645155661264836e-02
-1.974237566619514023e-02
-1.548178507246434840e-02
4.615260694084711841e-04
9.348122401076677454e-03
7.520584146121085146e-03
4.651102027843426190e-02
5.262260913410739954e-02
-2.629008095443944801e-02
-1.714395491842927565e-03
-1.773184714335040296e-02
-1.406607647591296036e-02
-2.037879196361893838e-02
4.600662068875121906e-03
1.757925847177287115e-02
8.826839834975102467e-03
5.262184746670516694e-02
4.399261583776292034e-02
-1.291941159075484305e-02
-9.922123635374740375e-03
-4.348702058215784053e-03
-3.893864014496977322e-05
4.132774123664611186e-03
-2.938533018771054273e-02
-9.662382465254006070e-03
-1.708593018432977978e-02
-2.019978840613262730e-02
-8.145481254832496673e-03
-2.226377903663825930e-03
1.426433567972551844e-02
-1.734536842348369939e-02
3.717561880797128245e-03
2.943679590218038072e-02
1.621445659959782574e-03
7.315460821719457774e-02
2.355874598999389835e-02
3.873012121614927833e-02
7.520821760310672510e-03
-2.596031585914393772e-02
1.110007851181448596e-02
1.418807128983461639e-02
-8.909266352849306084e-03
2.424251282792284218e-02
-3.652625720269905406e-03
-3.037502041225008040e-02
1.288496621323504711e-02
7.169182488619738058e-03
1.053102182265244421e-02
-1.087581845668103737e-02
-3.839390907284221961e-03
-8.028825490701354400e-03
9.591572785759142680e-04
3.511918409169528278e-03
-3.210015801845570501e-03
1.484540978790067044e-02
-1.113293588875035331e-03
5.473233452862898904e-06
9.789995824012922686e-04
-1.532274088990413265e-02
-1.212791677224545062e-02
-3.636242927145440229e-02
-2.204431683514113810e-02
-1.131227991807544353e-02
8.874493523446325138e-03
-3.934639694426497400e-03
-1.087623292526744166e-03
2.403690060418866951e-03
-1.503315537757120464e-02
-1.984306549278008064e-02
6.097954792173792757e-03
-1.196935150705182374e-02
-8.679855386283675395e-03
-3.588020483614026007e-02
-2.165778473345649977e-02
2.121492396388772322e-02
-1.044775833863281593e-02
2.116861501983008376e-02
1.097696615170436034e-02
-5.482316607883679083e-02
-8.943071148553885519e-02
-9.599675538123707275e-02
2.102310529810891802e-03
-2.019674173652366914e-02
-2.671118754820351812e-02
-6.756435791343207847e-03
-2.643048815556338707e-02
-3.525431170082591985e-03
-3.328554685554101222e-02
-3.277624525257688548e-02
-2.677109453388336422e-03
9.350856157752863995e-03
1.010316546690926548e-02
-3.196321195552712102e-02
9.055956333545051376e-03
4.864500185022716666e-03
-2.492583611936455973e-02
3.500763345215247846e-02
-8.892419181308660724e-04
-9.492069511127322655e-04
-4.866674951605406974e-03
-1.634643381347327534e-02
1.812282555987033972e-02
-1.325000735921723870e-02
-5.228731055768451319e-02
-1.833232749533817221e-02
-9.909325453024518671e-02
-6.315997384512664348e-02
-2.297911275690446304e-03
4.849976424557791467e-03
-2.004561043197560736e-03
5.651051760391649637e-03
-2.165773482362672118e-03
2.934158964689304646e-03
4.969435819126806660e-03
7.632770159496863292e-03
6.944254075765805487e-03
7.469477999424895681e-03
-4.439995382848651445e-02
1.850858731418234329e-02
-1.147815371834240948e-02
-1.973727618358755292e-02
-4.144201087691543051e-02
2.376375387078926218e-03
-2.551717082054469690e-02
7.497720670099787543e-02
-2.800901021181940662e-02
3.839634163454567345e-02
2.545993509575418881e-02
4.005311145392805028e-02
-2.289167203713180984e-02
-2.176535213458462292e-02
6.638549858407707428e-03
-2.702815185715768884e-02
-2.530543921768142052e-02
-1.324813465560432425e-03
-2.410148557886586732e-02
4.326589494690041837e-02
6.032781015674240632e-02
-2.459437148560060862e-02
-4.667714797482406391e-02
2.430776881161268721e-02
3.795371868128500498e-02
-4.377340235093366005e-02
-7.971774718211056820e-02
-2.264476167276655710e-02
-2.470596154863807358e-03
-6.412070715925137498e-02
-2.274501239142763878e-02
3.417770289053261717e-02
-3.430061975268924868e-02
-1.325317825192630708e-02
3.432203293861921939e-02
3.688708954867080808e-02
1.565981962633926708e-02
2.271801813418863891e-02
-2.169461682166566249e-02
-4.256327272536702261e-02
1.484725641583094051e-02
4.856448313078143286e-02
-4.728155808199582116e-02
-4.700281344350371038e-02
1.630626575416564477e-03
2.529012988327347666e-02
9.423302535582505149e-03
-8.479851676922420950e-03
1.439316891249186291e-02
-3.330067179855284018e-04
-1.779979744497006341e-02
1.282160572173319428e-03
1.548287347761865239e-02
7.919730718603305158e-03
1.928349365410822469e-02
-6.013212139372409865e-02
-3.395425617774159438e-02
-1.731735954208571057e-02
6.397709062266958291e-02
-5.268089565851270806e-02
-9.227867814023052451e-02
-1.096361078611633212e-02
2.556184760956111551e-02
-2.869014549703570102e-02
-6.241725724741849918e-03
2.890024405613679515e-02
-2.248796634346740889e-02
-4.516653591630458153e-02
3.758527702177433174e-03
1.496863397492577234e-02
-1.397039060761513449e-02
-2.731469603988391850e-02
-2.657729052453047802e-02
-9.471231690819677598e-03
-1.100550567262713851e-02
-2.744108793829252990e-02
-2.730007924705687354e-04
1.076810471340639702e-02
-1.056910949103010040e-02
1.029362113086705957e-02
1.122291498037748629e-02
-1.255658245833351019e-02
1.108130254863776316e-02
3.136538553315814520e-02
-1.523337183372353541e-02
-3.013807674597577743e-03
3.405820461097044255e-02
1.370913092138366374e-02
-4.094073658633638757e-02
-2.689144571970400813e-02
-1.317538197554506997e-02
2.248710699334733037e-03
2.706645833065445678e-02
-2.599457900789060860e-02
-1.204332148570436654e-02
-1.555279290061825160e-03
6.936000959379014057e-03
-1.093580735978616839e-02
-2.806550616258479680e-02
-4.581482149247192298e-02
-5.109654728248219473e-03
5.429466579905571633e-02
-7.211017304238875533e-03
-9.055252131281610328e-02
-4.468228585101372691e-02
8.000534406773375518e-02
3.157347998741717038e-02
-5.834756796207342389e-02
-1.334088292928143661e-02
-3.803937926579065067e-03
-4.855734331126190795e-02
-1.181677138990672518e-02
-3.831360761168091465e-03
3.599580861263789594e-02
-1.979340817937196711e-02
-1.339722603172529419e-02
-4.605633337567035385e-02
-1.653375611699247835e-02
-3.721684320304942395e-02
-1.912075657735476039e-02
-2.932782719453160773e-03
-5.491460536651781264e-03
-4.896760458574002384e-02
-1.791324953781150628e-02
8.615750998520797441e-03
-1.299639879068215965e-02
-5.542801531407653103e-03
-4.071116308354694874e-02
-3.228317302955534263e-02
-8.414546242715330651e-03
-3.956677844663751727e-03
-4.842569651823217663e-02
-3.142484534794442314e-02
3.776863693325244187e-02
5.656592973457095531e-03
1.118520236899485550e-02
-1.422176776746574521e-02
-1.489858909935389865e-02
1.593296374837365609e-02
1.121277841253776920e-02
-1.574001126277235416e-02
2.516495487481591395e-02
2.345804247198829059e-02
-2.773142596261989404e-02
6.154406814046461602e-03
3.815585884283248866e-03
-3.383508564302448174e-02
2.681760747197800901e-02
-5.435986977349497630e-03
-1.670820481863055304e-02
4.191774710578970338e-03
7.935015232746274634e-04
2.543565016263952747e-02
-3.744802720323542333e-03
-4.334554164872269494e-03
-9.003486793200022806e-03
7.453692132782288246e-03
-4.937816381007729093e-03
-1.331174892160659831e-02
2.358892557248429972e-02
-3.028630523274578219e-03
2.300037580676224380e-02
-3.334757285204956179e-02
-5.952436210303524433e-02
-6.981223697489784275e-02
-4.343268498856033694e-02
-8.716516037086907698e-02
-8.699389096209111938e-02
-6.362699679402079866e-02
-1.129979275081575280e-01
-1.373082322191326587e-01
-2.451494400830402445e-02
-2.463829482992311790e-02
1.449890987076625504e-02
-2.077918359577496724e-02
6.114452330444304987e-03
7.133221156733722534e-02
-4.165067352260334171e-02
-2.668385638793959033e-04
1.423396838708142903e-02
1.917523178620537602e-02
1.181768111019541705e-02
2.053266789888303148e-02
-9.832886390669075966e-03
-3.150132654137924315e-02
-1.060543489690622676e-02
1.712221100119584033e-02
-2.263925191818286220e-02
-3.114464511493704110e-02
3.121380433185438463e-03
9.311342368868514088e-03
2.686372421224565710e-02
1.907877906536212947e-02
1.695978366177899530e-02
-1.438580853999107262e-02
3.735456272700660163e-02
2.767959693476939112e-02
-3.765077739388984768e-02
-4.169157103220570704e-02
2.157951163121545057e-02
3.062591465371345897e-02
-1.408434356046929514e-02
4.518984376355018526e-03
4.983983182919517890e-02
-9.353441049121337739e-03
3.727841021761897373e-03
-2.710207964304604117e-02
3.016340197117140312e-02
4.520887441029696152e-05
-1.299375327853973970e-03
2.093253269259781960e-02
2.033185011956664678e-02
-9.151056618404977694e-03
2.807591271804808081e-02
1.777027676414756000e-04
-3.381221002503033424e-02
-6.639228612698050772e-03
-2.618434145115186226e-02
-3.650668799709973211e-02
-7.532780528231516892e-03
-6.560646831849013989e-03
-1.999954048836853973e-02
-7.325578591027373000e-03
5.928921050640752199e-03
-1.113752570997325565e-03
-1.204040465148810413e-02
3.584282106934580381e-03
1.183101581426697010e-02
-2.385480669404662843e-02
-7.322811623902668494e-03
-7.963606884716192477e-03
-1.054655316965044318e-02
1.803003098596643941e-02
-3.431815507196379358e-05
6.224907024891262889e-04
-5.402618298496334077e-03
1.959138612104555782e-02
-1.430001567434206408e-02
-1.140775640541731931e-02
8.687548802313361379e-03
-1.396012498923439316e-02
-9.676391380891756835e-03
-3.094604373057533039e-04
1.702793962335234085e-02
6.074224013956990541e-03
2.682730865078210378e-03
5.934454557427296106e-02
4.144952873419528033e-02
1.131124768693876625e-02
3.294372944771942202e-02
2.002382764596537940e-02
1.845149013496042746e-03
-1.193584830338290884e-03
-2.702103909579791491e-02
-1.788839116567123369e-02
-8.129663170124878241e-03
-2.417821141884246919e-02
-5.171273472412266092e-02
7.597989988276887714e-03
-2.308375986485398587e-02
-8.999689239423949369e-03
-3.423519307913780278e-03
-2.925558839834378234e-03
4.538263379026315214e-02
-6.760624432904375125e-04
-2.016072177353411127e-02
5.334567279056328520e-02
-1.210724189012313615e-02
-2.191069062313581034e-02
1.445393329677527794e-03
-4.452902250870890803e-03
9.885359167190934521e-03
-2.189624024098678345e-02
4.250347262471422007e-03
-4.045271739288882305e-03
-1.259580138114552161e-02
2.945600222525280795e-02
-1.635100601074317280e-03
6.019265968338419204e-04
-9.294154087069600445e-03
7.790532086528189314e-03
2.366159134178305937e-02
-4.971898166533593975e-03
1.598993133470663283e-02
6.706390081916133172e-02
-2.792874366559498084e-02
-1.322428613891186988e-02
3.468269112854912434e-02
-7.026223781938333371e-03
-1.863587624174882669e-03
-3.685413622565940350e-02
3.027211218966657791e-02
-4.290450759802175856e-02
-3.565258940787946473e-02
-3.173400099070467807e-03
-3.357498095887904294e-02
2.632385571235118862e-02
1.314508859780589775e-02
-1.337444743141949326e-02
-4.219157220800229258e-02
2.121706373072531487e-02
2.581266783337933177e-03
-1.570251150253792680e-02
1.776500187239429818e-02
1.003740941809869169e-02
-1.053209552063271402e-02
