-2.139265718349911763e-02
-4.294700378001344888e-03
1.443145394269612636e-01
-1.490981241665603474e-01
8.960573512177449906e-02
-3.456889001091983937e-02
-1.951859245118531538e-01
1.067291427603560688e-01
8.922685424876759808e-02
-1.726731151664719355e-01
9.102742857374410135e-02
-5.723644913543114721e-02
-2.872714707198506523e-01
3.696482377513470308e-01
2.812080426112575568e-02
-2.592178993265230047e-01
5.429308733267876330e-02
-1.412619268432552385e-03
-1.169261302137508951e-01
2.645822408269568257e-02
8.308944294220839411e-02
-2.356903769848925356e-02
-2.322145128402538505e-01
1.966358332321411773e-01
5.536918130800937143e-02
-1.572128308276994069e-01
1.240655621530474262e-01
7.053105688249011740e-02
1.097431058351434757e-01
5.496777855109796079e-02
1.384573396892799513e-01
1.664980955214384883e-01
-2.004073041455756987e-01
-6.981397139709678845e-02
1.450233090704939609e-01
-1.770952049268330608e-01
-5.975654285073580402e-02
7.894264736131058682e-03
2.331632324573292003e-02
5.067948970970730105e-02
3.433757589266441673e-02
-2.232798431379119306e-02
6.337938781004909261e-02
-5.405567192557132056e-02
-2.418097473467250777e-03
-1.449854333029589881e-01
-1.756755096807667282e-01
6.159697762745647287e-02
-1.208122801171078731e-01
1.890137970069428741e-01
2.030476177405556304e-01
-1.103029039701506064e-01
5.567518475714404447e-02
1.953730797820567022e-01
1.142371911044405691e-01
-1.898977176611549647e-03
-9.116129334515886418e-02
2.070433534623973837e-01
-5.302035487236155670e-02
2.264424021186115660e-02
6.473000973551169823e-02
-1.489465685120545946e-01
-3.355638255321645533e-03
1.854312842562561570e-01
-1.027190214584212113e-01
-1.939780616276905456e-01
1.319117805540779287e-01
5.286697679397559663e-02
-4.838821611130510181e-02
3.681452864299950695e-02
1.026377485649343363e-01
3.432837888707277602e-02
5.546660511387233039e-02
1.086131729812085112e-01
-5.453330774010305831e-02
-1.911122362236269620e-02
1.365290334323602528e-01
-3.347418117006926291e-02
4.752177149548916096e-02
1.043692240283293909e-01
4.887432852561598984e-02
3.829403860524935310e-02
4.729892346013971072e-02
5.550920220625770590e-02
-2.081141664649836243e-01
2.090715549903762183e-01
-2.768335191658570504e-02
8.117743032665786229e-02
9.409745409460718024e-02
-4.236951476191530563e-02
-1.434548827015746063e-02
-6.334163223535041465e-02
8.589514939197162233e-03
-2.950031753961086800e-02
-3.636492330030038217e-02
-1.065459613658022581e-01
-1.849923024578743747e-02
1.572573021771256699e-02
5.390941677514583114e-02
-1.642019466011144235e-01
2.280819450863515174e-01
9.576622645772173148e-02
-5.997304545553451272e-01
5.929890111452043033e-01
1.147483336769082457e-01
-4.059411182167821930e-01
2.238177436405580090e-01
3.188042265849195395e-02
-4.847377838663697452e-02
-2.108014003384291180e-02
5.061254229989538972e-02
-5.088933137776003451e-02
1.027638533863562964e-01
1.083543827805778514e-01
-5.885732014605391665e-02
-1.738085393306147697e-01
-2.147964749996712774e-02
7.011521971714584391e-03
1.021057900956321828e-03
1.493362637355064304e-01
4.978297885589414579e-02
-5.892760290707279441e-02
2.854314911734974567e-03
-4.253290565476920693e-02
-4.119033289331169856e-02
1.620967164891801019e-03
1.059442760273490713e-01
-3.185521822072254899e-02
-2.909812676841654414e-02
1.666554805285041796e-01
2.673112417110120806e-02
-8.670999973040087461e-02
-6.761158040112888457e-03
9.092075743153932299e-02
-1.597663877310368657e-02
1.352541104576017172e-01
-4.921624709664369074e-02
7.797417855882279869e-02
2.557884596649001585e-01
8.853421598627506106e-02
3.301685944728049993e-02
1.167804640082231865e-01
1.238554425390607783e-01
-1.571401892822683888e-02
-1.074300221216570664e-02
-3.136971106272692239e-02
2.683244221751353645e-02
1.701858774384912842e-01
-1.339017810043283963e-01
-7.351483794329677357e-02
9.289845484421321853e-02
-6.174299060220991668e-03
8.743089402699333323e-02
1.893037990375443236e-01
2.317506356325481631e-01
9.253496841481737012e-02
8.446629127092654399e-02
5.082997178462675403e-02
2.411793100245399335e-01
3.398876243681346609e-02
-1.154082397963585548e-02
1.126372599045102757e-01
-4.894737304171910448e-03
-1.350202514141870050e-02
5.107556648002899158e-02
8.070783231340453168e-02
-9.973466721617009478e-02
-2.543105353161757495e-02
9.723224915710783345e-02
2.429190127956718653e-02
-8.832111641654315226e-02
9.882918441511116814e-02
-1.225546798011921817e-01
-1.784151762615558412e-01
-1.099240943334273968e-01
9.155031623233561566e-02
4.205453260909646634e-02
4.590170812157051000e-02
9.767003543365382345e-02
2.078960630947157828e-01
6.332271478035847445e-02
-2.665247878944239021e-02
-1.224029400066281303e-01
8.671745293865646895e-03
-1.347872575605250228e-02
-1.700207763587139806e-02
-3.033865121157428360e-02
7.601413572596059376e-02
-2.676793853164079889e-02
-4.535087664961983539e-02
1.220164063514327241e-01
-6.598735152918319170e-03
-2.738433069796209277e-02
4.245485336613177840e-02
9.371601880265985340e-02
-5.008529700707541055e-02
-3.299382404710405475e-02
1.343813282355185990e-01
4.736652048915758473e-02
2.059974442897806977e-03
2.331350788783843539e-02
1.121075820827455716e-01
3.641970991078143094e-02
3.989815835682851419e-02
1.626275688786068749e-02
4.853281081985115833e-03
2.349521105832845166e-02
-1.305648852649442249e-01
7.438449505498277714e-02
-6.722334574209540281e-02
-1.914693342944454035e-01
1.457615828709851180e-01
-1.908633980276387698e-02
-2.802447502673307417e-02
1.691238336788269403e-01
1.904909551758996594e-02
-6.198936160017737285e-02
-4.894342650661486632e-02
2.017453917030704036e-01
-9.516127770246811390e-02
-2.161050939978960850e-03
5.614251869768938780e-02
-1.498185844822205216e-02
2.958719270731674511e-02
8.424056405332951136e-02
9.734865092938536912e-02
1.467781506836476901e-01
-3.070999423526643221e-02
8.891380637655532659e-02
-2.439858539307391549e-01
7.347108270780323969e-02
1.852480265059575915e-01
-1.093800243854537863e-01
-2.062385262804856956e-02
-2.288665724834738208e-02
-1.131883475008006595e-01
-9.657774838508546497e-03
-9.423024590380855645e-03
8.285449525053856235e-02
8.544441981581486767e-02
-3.317945710065144105e-02
-2.426691448678652135e-02
7.398915167404737647e-02
2.777530807080349495e-01
-1.239312490077306150e-01
1.975275709669628045e-03
4.614865797640477219e-01
-4.463858693137968126e-01
7.859091310376892237e-02
3.936399161900492327e-01
-3.296275608540348845e-01
5.838508949515222590e-02
9.343831420319680114e-02
-2.729246135547250818e-01
-1.360064332061154124e-01
5.038950294262815877e-02
-3.544373582357407959e-01
-2.636156753091545030e-03
-5.675045321011842892e-02
-7.349724228045513563e-02
1.939359544175461858e-02
-6.488202037724644100e-02
5.526430560573923623e-02
-5.997487626732784377e-02
4.409589672443103153e-02
-7.064337484300809052e-03
-8.794703214875709829e-02
9.049795127666611372e-02
6.066664511316245678e-02
-1.423355273150207212e-01
1.847852819829969573e-01
8.056586964920720018e-02
-2.140244445322161682e-01
2.280411622391408377e-01
5.515008049387180172e-02
-6.454419792386996424e-02
7.510322435762747939e-02
-1.735933064906182988e-01
4.944315839745509061e-02
-6.106924402879823632e-02
3.549369672186161728e-02
1.404482319019458546e-02
-1.081730364522507648e-01
1.452332610016069947e-01
8.257441575201239503e-02
-1.055675461879396898e-01
6.089853358809521611e-02
7.796361463971333838e-02
-7.130914803811738700e-02
-6.152175437199346175e-02
-4.828397567777957533e-02
-2.783023335416806229e-02
-6.734768432971348362e-02
-2.347437529927594649e-02
3.677552310381203976e-02
4.327812488472512070e-02
-3.325720247741566216e-02
2.609717234746845166e-02
2.952907815491912988e-02
-2.978366242219107965e-02
-4.556145672205899610e-02
1.011025856825296422e-02
1.105381835953765379e-01
1.162309255402966396e-02
3.490152320666313479e-02
1.078029026795419426e-01
-4.030724793657521760e-02
-4.214402829689446045e-02
5.080420170474818711e-03
-4.324875041515482965e-02
-1.358823919996234586e-01
4.823279118918459042e-03
1.203418530309001838e-01
8.551278505973718136e-02
2.516448681986485636e-03
-3.351521563691556987e-02
-6.639709643182833965e-02
-3.974073891477943044e-02
-7.365943746350647747e-02
-6.261654021844040297e-02
-2.519855759315129534e-02
-5.057744387884455760e-03
2.844845637609702896e-02
-7.624177494989045623e-03
-9.417757034227838137e-03
3.809575885826182312e-02
1.598303346010012879e-02
2.080278364083179912e-02
-7.736972237147115260e-03
-3.323185131947749282e-02
-4.664871227999505682e-02
-4.836522763722064105e-02
-2.659061658545885248e-02
6.632591739233960337e-02
2.032434776075292895e-02
-2.378529715406616646e-02
2.013402472093850371e-02
4.536431738025938380e-04
1.360287811986981080e-02
-6.334782737457267388e-02
-5.748772854972365731e-02
-1.849692291765686700e-03
-4.868846880976070157e-02
-1.232703446545413695e-01
-2.984688073153143884e-02
-1.372455547908468104e-02
-5.357989923583338088e-02
-3.737473690553445860e-03
2.192105198191760668e-02
-2.756627795274278932e-03
-5.171243355986866741e-02
-1.025276452003786925e-03
-5.170534737780917850e-02
-1.797207644932088955e-02
4.128796674908521980e-02
1.298780239739687897e-02
-3.463142107913323026e-02
3.011014410773905914e-02
-2.547357026915796421e-02
-1.024397511653295408e-02
-7.285648323881800670e-02
-1.609151207318560151e-01
-3.347757883523321681e-02
-8.160891854187465877e-02
-2.825123455738501321e-02
8.429020392168572531e-03
6.951240558249238699e-02
1.637794804557425599e-02
3.621171288275928934e-02
6.366628586225164810e-02
2.359942152314347882e-02
-8.474701864998900047e-02
-3.075478365506045461e-02
-1.020805959337152541e-01
-3.714562970770007855e-02
-1.518270971208526311e-02
-8.626520387449038152e-02
-6.226816066863558041e-02
-1.416921633149199333e-01
-1.646941786960068599e-01
-8.880242307358787723e-02
1.566022321722663480e-01
1.955911525480455715e-01
1.781935312097968072e-02
5.710577943248468236e-02
-1.538552385588127895e-02
-1.156007628872323008e-02
1.846768607228359976e-02
8.248022123746059919e-02
-3.780417613132775606e-02
-6.650229597760956568e-02
1.587224890967092045e-02
3.402280490939716545e-02
-9.646570926592672179e-02
-5.454958078295375594e-03
-9.748217620762800531e-03
-6.974363375465394803e-03
2.032945108071133877e-02
4.875469923450540671e-02
2.063294903732738883e-02
1.522218491926473002e-02
-8.477693483182417375e-03
3.983374261416487705e-02
1.930348514124104881e-02
1.482694384234447410e-02
5.337604851829808733e-02
4.415637223394099087e-02
1.433863269408559328e-02
-1.740605545659255210e-02
-3.797690718734753057e-02
-1.898529409349104455e-02
3.768847566410204412e-03
3.273821479803451506e-02
-1.707271452250145455e-02
5.685460063204545583e-02
2.594684328973219378e-02
-4.811249934449223636e-02
7.975420799361702950e-02
7.820786837221400944e-02
4.212422407733701357e-02
1.363496310288076219e-01
9.725999609437714633e-02
6.096463014916488760e-02
3.269597832239136935e-03
-1.109077582475810481e-01
-1.175884223140468143e-01
1.145480695478535982e-01
7.200998218044028787e-02
3.622067309643781791e-02
9.874833834140346600e-02
7.407237349835463225e-02
5.805382957921905590e-02
-3.694609293051678151e-02
-4.183145925288011234e-03
7.064734011317137796e-04
1.360880330753029555e-01
1.959015938728556616e-01
4.709395429090237895e-02
9.314143444116802784e-02
-2.261125524623127173e-02
-1.258564502298714916e-01
-2.868870416340701425e-03
-3.190449882249291047e-02
8.967583287659952607e-02
2.768709490658893477e-02
-1.732895668608301631e-02
-6.700901819307247820e-02
-8.917417918735699722e-02
-9.502862392024782889e-02
-2.077761849492239937e-02
6.218152838228506452e-02
6.431136209320999220e-02
9.220348135104490528e-02
8.023955379367575524e-02
3.511249823244765728e-02
-8.276591697896266975e-02
-6.548660206935409678e-02
-2.213770200562709400e-01
-1.393702410536334368e-01
-7.991362933965256987e-02
1.522128444020567906e-02
-1.863077572926765194e-02
1.252827315028820498e-01
5.722227807148096146e-02
-4.095727072019664933e-02
1.177180822003316557e-01
1.512519397198181514e-01
-6.736871258321092126e-02
1.695360368327987130e-02
1.135458381332237268e-02
-3.018780561563010403e-02
9.929390633805262878e-02
6.432402189527132441e-02
-1.533875690779392190e-02
-5.355247012079451200e-04
1.607943647336585596e-02
2.630090581078769682e-02
7.600214497393434354e-02
8.134477808713668281e-03
-6.279621940307039685e-02
1.242286818560993100e-01
5.400150099193376518e-02
-1.255037301622404233e-01
1.044084865090038061e-01
-3.271088746361844411e-03
-6.165802181585283009e-02
-1.815088903383789724e-03
1.206287468440005728e-01
9.348034209258920813e-02
1.231686440648962488e-01
1.377037540843363272e-01
5.624940065419659074e-02
1.279310846213846942e-01
4.914791744203283325e-02
6.016384651567165814e-02
2.223140610057009608e-02
5.868354878460704110e-02
9.909379214677146996e-02
-8.709763759257639626e-02
-5.770390968021064937e-02
-9.353363717022927099e-03
-2.564009008588875524e-02
1.656065169579213139e-02
-1.482207895827779807e-02
6.703131233312997034e-07
9.845339830431253103e-03
-2.644979737915940238e-02
-8.196949969405041558e-02
-4.504714315202469621e-02
2.017131028402638360e-02
3.690010682440457955e-03
1.018026545465778587e-01
9.126998827353156873e-02
-4.649051991548880380e-02
-7.062268862249145018e-02
2.243089482394739625e-02
-2.812547623898658394e-02
8.775402351212227559e-02
-1.897683657753989825e-02
2.721919634598285974e-03
-1.407870798536204893e-01
-7.590437415301803936e-02
1.177639853845626472e-01
1.387212707194626915e-01
-2.102626745556408078e-02
-1.792554052951187138e-01
-1.928535928249590636e-01
-5.147789436689730741e-02
-6.934416352033180575e-02
1.476415210127402233e-01
1.099240650514140410e-01
-7.606776579691437723e-02
-2.489697854000130078e-02
4.038127164147442549e-02
4.217713096060991124e-02
2.811190192703553678e-02
4.849148413855485645e-02
6.769435924893212053e-02
-1.918571620396214081e-02
-6.059349795087730361e-02
-3.806743131468981467e-02
3.517337296232778826e-02
-2.191382477239306806e-02
-2.546018869544718760e-02
4.990663784745628072e-03
-4.030076574852135829e-02
-5.373443685837690081e-02
4.589668670931889433e-02
-5.586293138092057742e-03
-6.709704569294877574e-02
9.724215838574828963e-03
6.017218608772292171e-02
-2.599365240291307347e-02
1.113207182963225073e-01
2.720437702121563869e-02
3.250978413275451562e-02
1.011527957636800673e-01
1.175996519850156484e-02
-7.480876287478381570e-02
-8.067794401056067877e-02
-2.845011836534706851e-02
-6.254479078251133639e-02
3.415188199989574458e-02
4.438747293368449504e-02
9.723712384296166744e-02
1.025509119874923880e-01
1.233676328877897910e-01
5.120949756024986699e-02
6.764880789039702091e-04
-3.497090793571486418e-04
6.059562075103580581e-02
-1.765325587123485473e-02
-2.288066429212839981e-02
5.110098835571928039e-02
7.288469448134325679e-02
-2.947496944086482051e-02
-3.821185207543788265e-02
-4.460294933622405145e-02
1.300637694248811538e-01
7.156269684291793887e-02
-1.749087069346502155e-01
5.968842146136657534e-02
-6.381182773183098622e-02
-1.223625947226587712e-01
-2.380464640127187559e-01
1.243578237450514157e-01
-2.298263556201719793e-02
5.377886909612872995e-02
-6.134283406055135446e-02
7.013136643780470969e-02
6.286027090683089791e-02
2.459533313507914765e-01
2.064398840352622000e-01
-1.095687835978361238e-02
-1.201431444478146537e-01
1.224393168760360695e-01
-3.005570818327739022e-02
-1.866231656548740792e-01
2.560721226155495134e-01
3.836947525283973710e-03
-1.113103879298254079e-01
1.172840720697570505e-01
7.562859261336193906e-02
-2.245055889038619357e-01
-1.687823352050694947e-01
1.257721977129183100e-01
-5.843578581800304428e-02
-2.474617871598448482e-01
1.015754812440644445e-01
2.033204870333760461e-01
5.102842345857019901e-02
-2.976753238724367812e-01
-3.653222088303085396e-02
-1.319380083432228901e-01
8.029462478931670422e-02
-2.278828173458499751e-01
-6.466097882748379766e-02
-1.960306527972362906e-02
-1.607161291322622421e-01
-9.524633920061327530e-02
-1.564576040528423140e-01
-1.115754081824298360e-01
-1.608515317101323269e-02
1.681708679565837791e-02
-1.013446227860531484e-01
9.246554323304052858e-02
3.636799833592443965e-02
3.165688573408802220e-02
1.879832053432030081e-01
1.352134782481249353e-01
-3.125756412613812929e-02
3.321266224992754784e-02
1.153052269683795678e-01
5.355771852203708439e-02
6.979677799551144146e-02
-1.489586271482592483e-01
-1.268966494613263940e-01
-1.365811747187453684e-01
-1.239101757931093117e-01
-1.071775874147679747e-01
2.677816726313914097e-01
4.817844960802621090e-02
1.055472005836838173e-01
2.468037519389568724e-01
8.745470195546581338e-02
1.614184920446479210e-01
-1.671685065390708658e-01
1.970346172601964707e-01
8.746942806861161823e-03
-1.245103719394441838e-01
8.271795157895789341e-02
1.991206971408710120e-03
-4.751019472349195943e-02
-1.232520459825831582e-01
-8.432830532035348603e-03
2.942748164226496183e-02
-1.534782196290875866e-01
-1.632569063821251443e-02
1.671607701023471726e-01
-9.025801025692813118e-02
3.210963555241005407e-01
-1.062658926546625610e-01
9.411025292670767428e-02
-2.093645259505141076e-01
1.979894249817091278e-01
-1.465529139449296969e-01
2.032928369886120579e-01
6.821683233359339404e-02
-2.886730686968908347e-02
-1.846845759121500674e-01
-7.126539663168016125e-02
-3.301783547430438975e-02
2.283601564873801726e-01
-2.354583819869560946e-01
5.412126865117580093e-02
1.097363466526913023e-01
-3.505811306080582890e-01
-4.970169525377109848e-02
3.474141301261517989e-01
-6.640424992846604146e-01
-2.819101983135177333e-02
-1.827376423676571882e-01
2.264860370506866782e-01
-5.951587004769730294e-02
1.562443093971226105e-01
-1.927424182695803845e-01
-1.117806477836972706e-01
-3.717420175311672015e-01
-1.516027460670473503e-01
1.259717918063063546e-01
-1.158035600311862756e-01
-2.474616178941764777e-01
-1.421376588134285607e-02
-4.069133723111354383e-04
8.462554579076715655e-02
7.701268296180155751e-03
-5.427432962097562125e-02
-2.243452744023334555e-02
-9.840879937988658566e-02
-3.691079848548515369e-02
-1.576070374225369553e-01
-3.732024616312353826e-01
4.526391982293715560e-02
-7.427299863802801216e-02
-1.131793895692525531e-01
1.819795910503867742e-01
-1.650133861793205703e-01
-5.120716003889679360e-03
7.758361606112119946e-02
-2.808328522049290399e-01
-1.419276499030354688e-01
-6.576825508895708938e-02
8.808456340369834325e-02
-1.173969523569335371e-01
-2.209222048346366207e-01
7.988012303795768987e-02
6.805538773480861170e-02
6.441738561713072561e-03
-1.442151360154296791e-01
2.266487610987880444e-02
8.803154497605296391e-02
1.085440411724625520e-01
2.102206858753014745e-02
7.836009910080904417e-02
1.384497953181017815e-01
-3.637480437892027380e-02
-7.669675107973239481e-02
-9.411491224121722177e-02
-1.467754982811318026e-02
1.337057396838831902e-01
3.330155575932962353e-02
-9.863234869888734546e-02
9.417471669341265228e-02
-4.337939343610072718e-02
-1.517088727378095858e-01
2.881914770060728468e-03
-8.684591080395510920e-02
-1.269932649159658256e-01
5.784991364113652862e-02
5.265114379865558358e-02
2.949013717206171170e-02
1.636719392553116076e-02
-5.652951557890552314e-02
-2.490323102676256228e-02
-7.549910538566789731e-02
-2.817001165826635983e-02
-1.282838086904603339e-02
1.020716190948985080e-01
1.599238650181029897e-01
1.540203635614734862e-02
1.016962509539414417e-01
6.299053532873359618e-02
1.815586790454812652e-02
-1.562042036859948892e-02
-8.376179902853379822e-02
-1.140048345564636384e-02
1.922849789343699864e-02
9.432622884650684186e-03
-5.165003999922842398e-02
3.385914461348683846e-02
5.607542941703836520e-03
-1.140963698947153673e-02
-2.612196313616118107e-03
-2.641067757221108453e-02
1.902295974588991481e-02
5.204513289060785225e-02
5.160759031105837530e-02
-5.903419584372154166e-02
2.110464645446772161e-02
-1.783789814096024481e-02
-1.217822680982093980e-01
-1.447315304446956420e-02
-3.426839278725567900e-02
-9.168835857797857924e-02
6.365075159611380262e-02
-3.334892047610710925e-02
-4.137736627939254258e-02
-4.837089450233150387e-03
-1.134996988876049301e-01
-3.133772416520885784e-02
-1.181372451786088934e-01
-1.142667988483238584e-01
5.878612290394742701e-02
-9.031151498063664921e-05
-5.943368936893359683e-02
5.100224461510162108e-03
-6.281834773749187147e-03
-1.032427209413165105e-02
-8.214098149061803411e-02
1.871067633375503581e-01
1.247766974338348211e-01
6.756506422007438339e-03
-3.301689022958569780e-02
6.652390765053776966e-02
-3.961138492012692552e-02
1.642910982015299837e-02
2.345062758244062517e-02
4.387943632737222738e-02
1.723260361516433872e-02
3.579782311106954190e-02
-4.913224185970496011e-02
-5.648806020775567170e-03
6.128283355087023321e-02
4.403951813582469149e-02
3.542019917396914495e-03
6.965623249014003641e-03
1.165279274610513290e-02
5.805646872830123179e-02
-3.317463867870365513e-02
8.541079785924310386e-02
7.678757542206503250e-02
1.331661961216061042e-02
1.170579641460767727e-02
-9.005354196132230038e-02
2.419154996613804773e-02
-1.353350245368355534e-02
1.602372741737764436e-02
2.043620956608952627e-02
9.802231420029743417e-03
2.229498127913073433e-02
-4.109861278844260252e-02
-9.160099764758523541e-03
2.573570383044332041e-02
-9.318037812788240726e-02
-7.621138863829056420e-02
3.180086744554547901e-02
-3.157883688584157966e-02
3.026539796548542369e-03
2.963254696149157999e-02
2.793898322975290997e-03
1.036265671699756162e-02
1.720208303807032463e-02
-7.634376853756162998e-03
7.424413295245939175e-03
-3.115382130030009897e-02
9.961760052111816657e-03
3.035580917609838336e-02
5.005734450444623840e-02
7.758459646104617913e-02
-1.428176371571262052e-02
6.358999699482649481e-02
2.886134584703928946e-02
-8.255569140576543563e-02
-6.345551319399481138e-02
-7.803018622168003682e-02
-1.326651002022877779e-01
-9.456092752213601446e-03
8.569143656664518494e-02
7.122320824618195989e-02
5.789479471989659315e-02
1.116144878217720238e-01
9.946829137810664356e-02
1.560609164629648410e-02
3.684399435636890457e-02
8.790321021265495860e-02
8.448119224034748853e-02
-7.415909891780128604e-02
-1.077476449480769816e-01
2.679383488891522169e-02
-6.886258329544190683e-03
-1.196362938927129221e-01
2.423591718875658593e-02
1.189127801363680688e-02
1.077453072796763110e-03
1.028651047682247084e-02
3.590534121650101884e-02
-6.857877597448808205e-02
4.659217300229052949e-02
9.397980260267331520e-02
3.080118478240849791e-02
1.379416125606484633e-01
5.366193474660493901e-02
-1.763222325002247043e-02
-1.328018360373632058e-02
7.167920209006310717e-02
1.327672276842983556e-01
2.028278700162956805e-01
3.896766238406573213e-01
2.441208334530834689e-01
1.187394103304258708e-01
2.007816773069273641e-01
1.374975912284465140e-01
6.636233685694211976e-04
-7.125830241712905432e-03
3.867553229899686057e-02
1.081582465335189924e-01
-7.772520636246495369e-03
6.998055818435587605e-02
1.889878605420967916e-01
2.806677514357405236e-03
-1.101555619216737919e-01
-7.673731929721813727e-02
3.426547045796177887e-02
-5.724762788532028468e-02
1.976927160804913680e-02
1.287418436184457893e-01
-8.595068213536001533e-02
1.165594504055950283e-02
1.460118827784052595e-02
-8.553745770201694187e-02
-1.162464925112724305e-02
2.916241036206992238e-03
4.986180326339419155e-02
-4.910283894081181148e-03
1.139221683072256103e-01
1.057479247586003979e-01
6.556589992142937418e-02
1.049861746729210260e-01
5.241234468814961328e-02
-1.283393819642564271e-01
-1.340825195380251911e-01
-1.120910305780789193e-02
1.731421452473720516e-03
2.826972853864511900e-02
1.787370285909502809e-01
9.455044794440022049e-02
3.342886759817127046e-02
1.149796157200110580e-01
-6.243131462874285109e-02
1.340658782230938137e-02
8.552906726964587536e-02
1.941535497208647931e-01
5.985923717944416356e-02
-7.755542657396699568e-02
4.669730285221547483e-02
-1.529593090533161448e-01
-1.693754429213253365e-01
-2.579551213850417996e-02
5.001460420085603736e-02
4.403557075481717015e-02
1.262762339528825661e-01
3.011880888470838680e-02
-6.154381271985563673e-02
4.526991499644856393e-02
-5.057857818944300893e-02
-9.620187168289653923e-02
1.970817670090485862e-01
9.097436193796837323e-02
-7.106801752831469476e-02
8.684229727491893369e-02
5.719100118867881388e-02
-9.590643601168563626e-02
-3.754549805215228603e-02
-1.689193941398097962e-02
-1.377768652872004840e-01
1.492841165156656193e-02
2.491090588818993187e-03
1.721741143758216686e-02
-1.108239706276909278e-02
8.216644014247525413e-03
1.377256679503832959e-01
9.471668665645052720e-02
6.262027815528669640e-03
1.288587514723976424e-01
4.339298748565107583e-02
-5.277158078846062167e-02
1.196876251288504361e-01
1.293843832782960168e-01
2.105232135018958103e-02
-7.470266212408054052e-02
-1.917667682546463429e-02
-5.997088138897196247e-02
3.426342430886172852e-02
3.185279377998686406e-02
4.187056010346242030e-02
-6.366079207072450341e-02
-3.804513521705409768e-02
5.194109108256707340e-04
6.598140948292340047e-02
-1.125720413319915153e-01
-1.103424801713038944e-01
1.579872102376995713e-01
-5.237402954323686771e-02
-3.425203878867755236e-02
8.380793840068230527e-02
-3.298003354187127589e-02
7.018202450175617391e-02
-1.604504475564801080e-02
3.084788163782913040e-02
-6.936129717731058519e-02
-1.481506755090662431e-01
-6.034660617160883013e-03
8.565092042001601347e-02
1.156210564251016482e-01
9.816380247216424659e-02
8.717116733641178117e-02
8.604674473633179554e-02
8.401001524850462698e-02
6.225650232519488320e-02
-4.253165552721018677e-02
9.141758958062169357e-03
-4.852284899488287784e-02
-1.753411362776432711e-02
-1.022010875203144403e-01
-1.263957409220595463e-01
-1.229285560991880272e-01
-2.140540155947408540e-01
-1.444978981597666856e-01
-5.282657824106164884e-02
-3.375255076763596790e-02
-1.701224879456974398e-02
-1.470276658508200621e-02
-4.467773014143312793e-02
-8.376257599032692347e-02
-8.770753226712910133e-02
4.932092127974029711e-02
5.058588798296710133e-03
6.451426126951620432e-02
3.215138536064504615e-02
2.376772999387505025e-01
1.751727181204268402e-01
-1.001419480218844749e-01
1.009874952246387486e-01
1.983266229972580064e-01
-1.596243708188704313e-01
-8.501689600680069347e-02
-1.379069482103765787e-01
-5.514877725618794191e-02
4.778320227747826637e-02
1.229066087436894578e-01
-1.942242404592863514e-01
-6.349392779132496945e-02
6.421446806623584691e-02
-2.672528129719526913e-01
-9.939827101298903678e-02
6.301992471357167891e-02
-1.553540578486637125e-01
1.578634824002308687e-02
3.659961530634316812e-02
-1.885188463178558704e-01
8.203352054598980411e-03
8.102811412469196339e-02
-1.596607546279580625e-01
-2.057978392078024105e-02
6.357365990552488362e-03
3.838335800375128337e-02
9.555818428838061540e-02
2.438768565605524685e-01
-1.299092399488293581e-01
-8.329989620997947652e-02
7.194416060998014284e-02
-1.905972024750277605e-01
-1.301303449975822757e-01
-6.564141094997009984e-02
1.831186677678582064e-01
-2.729752065948515619e-02
-1.119291022905574556e-01
9.305035907426328912e-02
-4.097586984994673609e-02
-1.474669766379351626e-02
2.848595135335913950e-02
-7.860011343756291569e-02
-6.334256831351561812e-02
6.937191772027294367e-02
2.014310368528645367e-01
3.358895571503865002e-02
3.975866151567722384e-02
9.512626629254412880e-02
-3.639101355880004773e-02
4.896357442715591757e-02
8.585369380523934224e-02
1.522372502457174093e-02
-5.259563102203301116e-02
7.788446954990532745e-02
2.097420617301129220e-01
1.854724811080878458e-02
1.511442678021769070e-01
1.060081702256072678e-01
1.923008620386931766e-01
2.062361143091595295e-01
9.260763027271962100e-02
2.535236039562683424e-02
-1.606681136420418446e-02
-5.451983370507704901e-02
-9.309066595526893639e-02
2.912378814481913006e-02
-2.723327066839024285e-02
-4.834611912711192505e-02
1.449333831611588352e-01
1.427038277580283399e-01
2.774002811749545772e-02
-5.823279322456119747e-03
7.284002508545789345e-02
-8.570798715807172174e-02
-5.343197122811647187e-02
2.862805911863236345e-03
-7.085244511595722994e-02
7.176698144626663528e-04
9.168021577319608942e-03
1.007422436086092971e-01
3.884237679503353691e-02
-2.913538445922723291e-02
2.018860133299212392e-02
-3.895670781003012645e-02
3.229652411632300685e-02
1.030133698612053367e-02
8.118682563602548641e-03
-8.848463372083228973e-02
2.384604163408642757e-02
1.684047185133012436e-01
1.182210940586342768e-01
8.562072116582865322e-02
1.422488959968369604e-01
7.187633409492349967e-02
2.766871674600100695e-02
-1.884908616388054989e-03
6.328042443967760167e-02
1.210469951470524025e-02
7.790060452464410423e-02
8.517279787126283419e-02
-3.705324509058910420e-02
9.202145744679387715e-03
-7.067600376402161100e-02
8.487253828823711210e-02
1.735957386032324808e-03
7.271287552240092607e-04
1.093003236417886687e-02
7.446627999571360512e-02
2.969043802394316089e-01
-2.113156651994750959e-02
6.030093925915012282e-02
1.928968872602792595e-01
-1.098016033973913258e-01
-3.285811961213625648e-02
1.379705267182271544e-01
-4.865600752647136762e-02
1.784586560313277948e-01
1.419013568388722835e-01
-9.160879708362483498e-02
1.737267411833517683e-01
2.417779758211955343e-01
-1.443659909986703682e-01
1.326962158764803945e-01
1.348258015100284868e-01
-9.280006499915382026e-03
-1.541043761077293996e-02
-1.674001467881561928e-02
-2.651694784484410691e-02
-3.001628253458007642e-02
-3.199016230820900947e-02
9.422452615236241724e-02
4.471942918133848394e-02
5.889017904707766898e-02
3.175510963579619705e-02
5.411039288421155141e-02
-9.115144321306159481e-02
-2.572852665057376309e-02
1.150657860956415535e-01
8.125791640925097764e-04
5.436450569421993895e-02
1.088549387178445599e-01
1.734024095594917658e-01
-2.953696824384951722e-02
4.973943081907209948e-03
3.378365806242259600e-02
-3.949033152863296731e-02
5.227977576280198879e-03
-3.612351185201442480e-03
-6.137234265338641775e-02
-1.565728351964956397e-02
1.274396293888426651e-02
-1.268504680379400895e-02
-5.377672101145480887e-02
-1.361733511254631206e-02
-5.007110431822878877e-02
-4.278205677958465264e-02
-2.703777506168601047e-02
-1.894610720056408987e-02
-3.891934574285082701e-03
-2.820272119960072141e-02
2.822432159542231575e-02
1.862106737515246968e-02
-3.124296916853661066e-02
-3.164462878150399450e-02
-1.646112845139162742e-02
-3.425722200411147195e-02
-7.428679076300478620e-04
8.093694884909118439e-03
-1.823782539649119669e-02
8.389002990489100031e-03
4.778131687511387449e-02
9.614405296242721499e-02
-1.882405542811324203e-02
-1.105409955238560032e-03
7.105233076789888025e-02
-3.700722738931596506e-03
3.699570261394364429e-02
7.322302302432413812e-02
-3.332601322612159522e-02
1.914014969679933694e-03
8.682622317103633192e-02
-2.599212991002118958e-03
8.468694693064546253e-02
1.488292579341015942e-01
4.147824117367224228e-02
1.150536582489142534e-01
1.514165781556662815e-01
-1.123416642462443486e-02
-2.179212358218366591e-02
-5.643396825586735437e-03
-2.038276499626499177e-02
-6.708007731178454447e-02
-4.644059835162488159e-02
-3.657687809508226168e-02
-6.265365071531674157e-02
-4.269613036914424176e-02
-3.838715623059928833e-02
1.155224655718568166e-02
-1.051881815644418149e-02
-5.080689887459787640e-02
-4.478245906921511643e-02
-2.846462212746069670e-02
-8.029788212364495636e-02
-6.535242871850557855e-02
-7.498263371563886059e-02
6.353113928770706686e-02
5.821559338726739474e-02
4.799460916942149998e-03
7.564224779519658493e-02
2.490749694860140348e-02
-1.291740021261684156e-02
2.993935732456501006e-02
4.573106870942646174e-02
-3.390824870865596224e-02
-3.015540611040795280e-02
-9.019459143840504248e-03
-1.365544185566920470e-02
-2.231188972890389352e-02
1.995893445404173586e-02
3.008134272016161313e-03
-1.676645919931626797e-03
-1.945171719020834938e-02
-3.072355960521280099e-02
-4.262363594584216153e-02
-3.755904732694533704e-02
2.481776671024991596e-02
6.431826351458610992e-04
8.252030546160354918e-02
4.479194011232109918e-02
3.081673586550730259e-02
5.961039277499118050e-02
3.290858447655477248e-02
6.868744930664100017e-03
-1.279919913332345713e-02
2.873236939292645245e-02
2.272476928938014888e-03
-6.440093788445115652e-02
1.671724498527583230e-02
1.051605514452677165e-01
4.370100275645259075e-02
9.628448161679602213e-02
1.670912181174342287e-02
6.097178743013824051e-03
8.963542792042880625e-03
6.301126514715821303e-02
6.350396559528038998e-02
-5.093081058604446293e-02
-1.217890540300811154e-03
5.257277728321197580e-02
-5.214832078430654827e-02
2.718707306581447450e-02
2.934287521465295256e-02
6.794529941533798689e-02
2.721099308757027151e-03
-4.492953240047379421e-02
-3.788097081723417608e-02
-2.590830632280995832e-02
-2.637111285659560905e-02
-5.430588262126587878e-02
-7.602612714120871029e-02
-3.595899446100283420e-02
-9.789756302123402837e-03
-4.869962548463094287e-02
7.272329278924394118e-03
4.849771370224154055e-02
1.788930322997264385e-02
6.737928949615047680e-02
6.585620159049147826e-02
-2.773510140124920906e-02
1.388370413224441352e-02
7.049607697043745735e-02
-4.844912055459670019e-02
1.414637365014513246e-02
7.349566465160820017e-02
-1.865481402026586757e-02
-1.959230966917756278e-02
9.275796148144667755e-03
4.666635435632810781e-03
5.362900175484375948e-02
4.889455638292813239e-02
-3.814269487972952316e-02
7.425924622384582653e-03
4.199686666104780752e-02
-4.419148627465873530e-02
-5.433618609710344494e-02
1.525342898305575082e-02
3.240463427949180630e-02
-3.443645497392888027e-02
-1.592652158960006226e-01
-1.873496398698688489e-02
1.480671790915116526e-01
1.042860099652719030e-01
3.002995547442874683e-02
-5.624851129933981092e-02
-4.358811287307300802e-02
-3.591543017638020724e-02
-6.139279217458753352e-02
-8.957407683102349555e-03
-6.121309029546351602e-03
-7.502785689673656389e-02
-1.604619276898734959e-01
4.541573471406851192e-02
-6.540596562559415801e-03
1.505019154535643389e-01
1.608195952057137612e-01
3.177096109499774612e-02
3.232800816722324055e-02
-7.829531897311858835e-02
8.090332727198444596e-02
2.754643528224891974e-02
-9.345377289481612837e-02
-2.966069194469122539e-01
-4.948357215374798307e-02
4.931832658595457913e-02
-6.273235769661175687e-02
2.313873984507572833e-03
-1.002315442778576177e-01
1.227430092839820325e-01
3.109027981874446997e-02
-2.850010315596284705e-01
-9.067213561565745650e-02
2.758845108464637666e-02
1.026158521980029270e-01
4.692597333872864512e-02
2.161008978363650884e-02
1.744461359097452743e-02
9.765547557203815843e-02
5.673788204386457507e-02
2.052116483474464986e-02
6.743713621652731860e-02
1.337648467110922612e-01
-5.704083580612221566e-02
-1.313010571207602062e-01
-8.738312138374597360e-02
2.435261026387203764e-01
1.310342777083952359e-01
-7.046402366017837093e-02
-2.885839470797334216e-02
1.660874636797562975e-02
5.468068756479484843e-02
1.401340047393082322e-01
1.092556760410616917e-01
-6.106036336719624508e-02
-1.585195479669321977e-02
9.192270015118188600e-03
1.906515416335741522e-02
2.439048057029314515e-02
-2.429764373614451065e-02
6.301846327219268185e-02
-1.661974441303635253e-01
1.474545414553884159e-01
6.613843795437966688e-02
3.996372343514374486e-04
-1.469601942198859590e-01
1.849503550816382624e-01
3.334390034630010935e-02
1.987881438780771948e-01
-7.586801496084512320e-02
-2.469272419518746819e-01
7.224220287843160712e-03
-2.686472553119358120e-02
-7.354754831067089604e-02
-1.484732133601399384e-01
-1.096826115717963734e-01
-1.650553315517888642e-02
-7.321686838439463163e-02
1.380379225378841612e-01
4.078317534718905145e-03
-1.316574686650680004e-01
1.129163117115311032e-01
-2.967980403980320994e-02
3.193711664971278230e-01
-7.308240043850031120e-02
5.628086638988690762e-04
-2.505378046440779327e-01
1.949072155403281936e-01
-4.971982118892434577e-02
4.503272974987891364e-01
1.920517208157067890e-01
-3.434726440682041582e-01
-8.128214882407595043e-01
-3.453391915476757834e-01
-1.783149152901550571e-01
3.774198957604792959e-01
-7.453379798174313009e-02
6.484740269841847427e-02
-1.923252145412956415e-01
-4.462924534043725966e-02
-2.588693589478344506e-02
1.507114099253415440e-01
-6.046246167380141950e-02
2.204709204469178577e-02
-7.180209939458610802e-02
-8.556056450467888763e-02
-7.873183543386413907e-02
1.813791619625030049e-01
-2.421463349687883251e-02
-4.241078095692187716e-02
1.086273664079547147e-01
1.062376475412701582e-01
-8.517086892484147798e-02
-3.524332268315422123e-02
-1.222986402364413527e-01
9.378630913121900614e-02
1.095428037720910380e-01
-6.021336855238736130e-02
-5.749688380907644336e-02
-6.633729221449501112e-02
-7.992893507806558828e-02
3.093372573193958405e-02
1.776781693199620815e-02
7.236481413709175414e-02
-7.214136653251612685e-02
-7.238346017987408454e-02
9.014419706605550364e-02
-1.001568732156159908e-02
-1.216679687449179620e-01
-1.524572814481998384e-01
3.236698436052828920e-02
1.822624101191248625e-01
1.814610133902981592e-01
1.550159166372132580e-01
5.235278224548776602e-03
-7.127624228208355797e-03
-1.194800031418230719e-02
-1.789561322030359392e-01
-2.840907286703104120e-02
-5.684853392579417714e-02
-9.573326248634458913e-02
-4.164606491619687184e-02
5.317688566593878341e-02
-3.638145827284679917e-02
9.066688216905099962e-02
5.875697051810527261e-02
-1.279981896887371906e-01
-9.391946406470456921e-02
-9.127305314699522831e-02
8.123430727025882092e-02
-3.925629039164493794e-01
8.755150167040530451e-02
1.468520148967335757e-02
-1.737816727828877250e-01
-1.309035248950254637e-01
8.691658221150708186e-02
7.255634851320966194e-02
-8.231734214885219614e-02
-3.146072110008969053e-02
1.680719556826379413e-01
-1.987639523638979819e-02
1.099794049443575117e-01
1.537734160928957428e-01
-4.622026452625808968e-02
-1.572660135018162653e-01
1.821608540940080068e-01
-2.152953438963969846e-02
1.038331977499896003e-01
-2.712772448814742554e-01
4.546264102462450885e-02
-1.442055006010279916e-01
-1.648823967726912587e-01
1.519604291828619558e-01
-1.827880859891859444e-01
-1.213152063459000674e-01
-1.560347815666150995e-01
-2.103229468593195706e-01
-5.616405301444956505e-02
1.125223720798306827e-02
-5.666249096311370970e-02
-7.885492171683367024e-02
-8.425214029165381535e-02
-4.409597639595112112e-02
-1.046874712199065277e-01
-8.991322838247296778e-02
-1.110345615967652244e-01
-5.251270459530526201e-03
1.633519043343788224e-01
1.054283728607485482e-01
-7.011982876066334691e-02
-9.435695034678645565e-02
7.776710325641435217e-02
1.879730751765281427e-01
-4.910619286325249022e-02
-1.361705492213827473e-01
1.719882525081419811e-01
6.626395167496090116e-03
-1.818606725869302276e-01
-1.110665326518019552e-01
-1.204994035875833619e-01
-1.737252753869397426e-01
-1.247632854304403793e-01
-8.534750722539846679e-02
-9.816982218605366239e-02
-4.076770489065154740e-02
1.931789749131095080e-02
-9.197725465937259259e-02
3.533032114489282338e-01
-1.457598545604722184e-01
9.193426820893667306e-02
6.826082548510388481e-02
-2.302458133244184857e-01
-2.738448347760514927e-03
3.976356997838737667e-02
8.897608429137131292e-02
9.950038157964075439e-03
-1.558315686200091033e-01
-3.583396370576759360e-02
2.184290974843741684e-02
5.049140162485114131e-02
-1.624397062935694913e-01
-1.060449455447143030e-01
-6.505654742809276365e-03
2.852016595028291079e-01
1.034716567031443990e-01
-2.880941946335831005e-01
-3.654935917553766012e-01
1.972025405067105164e-01
2.143606000544079904e-01
2.533564060895307501e-01
-2.287236945038013392e-01
4.497795234946008747e-01
-6.350399412538301758e-02
-1.628658773840630791e-01
1.609297766785088291e-01
3.156659896423728573e-01
2.529862752709981510e-01
-4.006232862831692887e-01
-1.789910309833432356e-01
2.879356127873531901e-01
8.421154281273098008e-02
9.695181699557126054e-02
2.395409330802120151e-01
-2.529829201851201970e-01
-4.172751977632831455e-01
1.169512358066847890e-01
2.094628983186127558e-01
1.435339477394627083e-01
-8.827773209398113996e-02
1.546890162095813093e-01
-1.408257825660003126e-01
-2.742101820127581524e-01
-1.788532751043555580e-01
-3.242555921658368812e-02
8.686689498731497983e-02
-1.989129482504767010e-01
1.122008101235308364e-01
-2.994541300982475618e-01
-1.213717823038415189e-01
-5.230335099572266944e-02
-1.513970378993611809e-01
-1.678390450571124737e-01
-3.999296199284085862e-02
-1.379750685337246263e-01
-1.221882429221342881e-01
-1.349980547840444189e-01
-5.471906357702605028e-02
-2.604034679391207252e-01
2.321218514141581146e-01
-1.928665760064762480e-01
-6.635320447771340946e-02
1.971413501309369695e-02
2.409541854727902666e-01
-2.906840765833492712e-01
7.696427913562542064e-03
6.348547066805700079e-02
2.272706791746698651e-01
6.164020162919781748e-02
-7.816684341266966207e-02
9.987926193585505708e-02
7.832289155819179005e-02
2.148445312507999694e-01
2.852125893764314093e-02
-1.916539991005963284e-01
1.439350167728696561e-01
-8.132735686487317650e-02
4.710966442443968033e-02
2.286301087074291485e-03
-1.200090299377839509e-01
1.049265383022229825e-01
-5.120166850067818520e-02
-1.606896902153986395e-01
5.811912875188759986e-02
-2.253019306241755421e-02
-1.004351064847474329e-01
1.072500331164275705e-01
1.145359823312686876e-01
-2.108879602554534216e-01
1.986291969490496523e-01
1.608040824690172566e-01
-2.719976726008294654e-01
8.593355500834584659e-02
7.565537557772371302e-02
-2.324793135270521727e-01
-2.794755751480401326e-02
-5.483125230304211617e-02
-4.722889759991939079e-02
-3.394055527683552398e-02
-2.514986944653061982e-02
1.570947076330487038e-02
-2.541855094736141657e-02
-4.873565594266438677e-02
9.318510236999766327e-02
2.086120845765178020e-02
9.106214104557967814e-02
4.267977345375981862e-02
-2.593828327616183940e-02
1.287228812706544545e-01
-5.089545582590647432e-02
3.290802120077652299e-02
1.790411258354184243e-01
5.800568902865350929e-02
-8.994578281889268473e-03
5.910933946625727270e-02
-6.363749169925343729e-02
2.068453548479929141e-02
4.291673347759954876e-02
1.168529349600416767e-02
-6.512758149866518936e-03
-1.522673870197523149e-02
4.463074471051797776e-02
-8.323087926154237870e-02
-5.411231338143258907e-02
-3.499191991868190466e-02
1.292440261503274151e-02
-2.857293727757673554e-02
-6.571269728520780229e-02
3.680601255918625192e-02
3.855269263071071928e-02
-6.002394585034029340e-02
-3.611508615323337501e-02
9.659940692150630059e-02
-1.962989901184147151e-02
5.763313888896381791e-04
1.034716330553862862e-01
-3.440714748611509860e-02
4.023464272464050834e-02
5.333390407442129694e-02
3.883105080649420365e-02
-9.942518799056186685e-02
1.320266406098648537e-01
4.845897909376889467e-02
-2.189129179855870133e-01
-1.698709459927603277e-02
4.084368622212109640e-02
-9.622955930988429107e-02
-3.957181891861320799e-02
1.344633757804788721e-01
2.330549667733796890e-02
-5.431074244362549958e-02
3.654407630258994094e-02
1.997276712331685911e-02
-1.972707557095246603e-02
5.330882815825238596e-02
-2.671701526207084093e-02
-6.442899276108436657e-02
1.072642620005434255e-01
2.748908913443168581e-02
5.917396385327443678e-03
-4.304375155838458672e-02
1.023287221212365594e-01
6.714880667085253163e-02
-1.008279994245093875e-01
-8.589741792538628518e-02
-5.452349785815967416e-03
-4.114000144164167705e-02
-3.028075780139150366e-02
-1.168123970390265720e-01
-3.510837229615536986e-02
1.380555746112399618e-02
-1.323007995296044126e-01
-1.080723400446473997e-01
1.778512012504302256e-02
-1.759100772380191996e-02
-1.141037993591349220e-01
1.202614135698962528e-01
5.966880264963074498e-02
-5.412410112953978253e-02
1.766850677731853225e-01
2.380667460032295513e-01
-1.709805922030169512e-01
1.889445030196277853e-01
1.234034273426520140e-01
-9.721434281624918849e-02
8.081872528201386463e-02
-8.319669892704711911e-02
-4.286987784342951441e-02
6.196612576852638526e-02
-1.805579972449434384e-02
-2.285004316639195968e-02
-1.124645831748741220e-02
1.366545500947579650e-01
1.605755637842129213e-01
7.656693238778502185e-03
-9.235911823145623312e-02
-2.188406512036243645e-01
8.677377836854219262e-02
-9.919519251446373698e-02
-2.504167454757649791e-01
1.928684482466306305e-01
-8.384827401378945610e-02
-1.584237902616527083e-01
2.855710459811578589e-02
6.033398341456296804e-02
4.242315586100816292e-03
1.204009851150743132e-01
7.109884680001697654e-02
-5.600873492137995596e-02
3.571873382986567955e-03
-2.028990288489324056e-02
-1.914664711997641211e-01
-9.410522456956306458e-02
-5.794735577254797598e-02
1.297639822130088327e-01
-3.070669099276988195e-02
-7.448901319782827435e-02
1.107832932066526721e-01
-4.860425105334108264e-02
-2.028953368706978497e-02
2.687622074750013051e-02
-6.614753310744464487e-02
-1.682914385935064816e-01
-7.513668102095895363e-03
8.172939921186943291e-02
-5.856656246912764902e-02
-1.491360294333249348e-01
2.069196265478057961e-01
2.439494216024387097e-01
-1.880465846960824305e-02
-1.709911236341144078e-03
-9.751007322385819853e-02
-1.003872437625676767e-01
1.297885934219035996e-02
-1.086220893532160656e-02
-1.796291365235699045e-01
3.046090774863511458e-02
-2.160239714290168242e-02
3.201410833156102809e-02
1.733348952515816610e-01
1.942684284362183600e-01
1.774546041685004794e-01
1.374676648142530155e-01
2.227966710768713166e-01
1.000296810922862573e-01
-1.547319617954175976e-02
4.465748945346399018e-02
5.663267294239767574e-02
1.227086846805335169e-01
-2.243198170757413623e-01
-1.205798821200674553e-01
2.378106145107549974e-01
4.859618613397585773e-02
-9.453704755780351077e-02
1.826416042295039011e-01
1.077700691372611430e-01
-2.341606980595030418e-02
1.175367487251103016e-01
1.436346269106965334e-02
-4.916627344138914391e-02
-8.723733245866675118e-03
-1.293977218495475333e-02
-4.492840995598593179e-02
6.612182252255414776e-03
7.210337684445219941e-03
-4.054987894235616980e-02
-8.809386601612734236e-03
-6.157521629104865252e-02
1.216635111186399956e-02
2.085625785711141267e-01
9.005189418906681120e-02
-3.516788044017545717e-02
5.090489284292620126e-02
2.999424075355416885e-02
-6.413948636106486800e-02
-5.042043017668821486e-02
-1.273533622152296096e-01
-7.912288190929257781e-02
-2.775602684326281336e-02
-2.001806849273634059e-01
-1.959147304927812971e-01
-2.245463455881486700e-03
-7.452266483791830654e-02
-9.847367531667898521e-02
-1.819569825983343575e-02
7.301799040702457166e-02
2.090879300498347249e-01
-1.189235005128988221e-01
-4.982976409356789510e-02
4.584851978190904176e-02
-6.732048209156722696e-02
-1.427211133370653584e-01
2.078437939634577777e-02
-2.469363259776911554e-02
1.152677086187079425e-01
-8.313298215574606992e-03
6.391761108166179282e-03
1.794527996082985119e-02
-1.636748718873075048e-01
-1.588734937861094876e-01
-2.745058480025515044e-02
1.258356351712505705e-01
-8.215646586879642166e-03
3.469808355688232260e-02
-3.617183902151339947e-02
1.496662623890737398e-01
2.038101624944068935e-01
1.377603620054721617e-02
-3.381854152926625640e-02
4.189550557465659963e-02
-8.694856695482774955e-02
1.145488430212366626e-01
1.008225566551983754e-01
-2.409788477189637734e-01
3.806374784580100756e-02
-1.825960069636886063e-01
-4.845302780080415310e-03
4.156332511237964718e-03
1.288170543272179613e-01
-1.675225139276873831e-01
-1.292355066129187713e-01
-1.033321291492834276e-01
5.740779701041545668e-02
8.132087922256532597e-02
6.858918091627558278e-02
1.849991146646703510e-03
8.520420095778467873e-02
6.637428986387589047e-02
6.151167609986735174e-02
1.297800747659132344e-02
-3.340840174366322551e-02
-5.740752459012881531e-02
-1.054733746904095576e-01
3.236151414277700644e-02
-4.751099624078797268e-02
2.499855188833484398e-02
1.466639404981395223e-01
1.349636879801097422e-01
1.260578785861760920e-01
-9.836815295051325875e-03
-6.788751829177014363e-02
1.482056184392115949e-01
1.118298455911190675e-01
-5.583661668857127849e-03
1.355646250443074685e-01
-6.697689090063525591e-04
8.860236425062853471e-03
-9.621277100532361903e-02
-8.955039421084812212e-02
-1.010107990732669880e-01
-2.485402409101949428e-01
-2.301175907821033373e-01
-2.962234435856919701e-02
1.942263873595503204e-02
3.212545312915042472e-02
-1.023202718521750015e-01
-4.309543594749330742e-02
1.291731370926989808e-01
7.871547368926640198e-02
3.474686004106979087e-02
1.002304842943821557e-02
3.919957625264909595e-02
5.851348100814021333e-03
-5.872247522561143546e-02
-1.481908488420493886e-01
-4.699288754763476794e-03
-3.467750521237703693e-02
-1.638824414280334527e-02
2.706684351946217482e-02
-1.900717082206153374e-02
-2.038682759323205695e-02
1.938694992547960669e-02
-1.788379597598617476e-02
-2.730448510179304955e-02
-2.959668806175900710e-03
-2.412692475063775432e-02
-1.338398527839956657e-02
-1.770274728133828038e-02
-3.700305533963325205e-02
-3.165825343697933891e-02
4.194186708785512950e-04
-6.110025167782592338e-03
-1.031524190961459481e-04
-3.230324527933689516e-02
-3.714317284445451534e-02
-2.748914401648696118e-02
-2.121998478717170705e-02
-2.419477640398479124e-02
-8.983272133896288633e-03
3.481541903205437327e-02
5.590572369099742339e-02
6.677742597125020663e-02
1.873779412530633681e-02
-3.488767122784993541e-02
-4.583018161587988637e-02
-1.267360765686918961e-03
-4.348464128202374213e-02
-5.347732411294575661e-02
-2.740871548309310041e-02
-6.397876290806345234e-02
-6.389341491643195370e-02
-6.592823735195447316e-03
-5.088184389255659412e-02
-6.280982998683913576e-02
-2.330533084399630597e-02
-6.471267370202236913e-02
-4.993448459936664086e-02
-5.985372719044957518e-02
-5.224560579515763470e-02
-3.046271242588398376e-02
1.142005732282173544e-02
6.643084826075270309e-03
-1.554865956230990637e-02
6.078130281917935342e-04
-3.419995418088165456e-02
-2.418014093037982454e-02
-3.214060614648391045e-02
-6.035297538837752079e-02
-5.761212705472193440e-02
-7.637719737397780095e-02
-3.744934886406548619e-02
1.144483555175219297e-02
-5.201262967544129784e-02
-1.660373484877814693e-02
-8.286141203451053219e-03
7.121400575575671278e-03
3.631739210673559648e-02
1.064228858570716134e-02
-3.075382076966035744e-03
-2.576143779405122222e-02
4.783697235703095185e-02
3.024560420477178171e-02
-1.483513669659192874e-02
9.735046262503673983e-03
2.904367574998272319e-02
6.102907828064459139e-02
2.359106909213922951e-02
5.593617244049187490e-03
8.387096953008186390e-03
-6.450838474925321697e-03
3.344621875542657524e-02
8.807269553905613924e-05
-1.422647408035223639e-02
4.643368409254553658e-02
5.992605790639743586e-03
-1.382642687727348232e-02
5.907923171951005858e-02
5.232463120756906949e-02
3.017568371610759165e-02
2.327725818258887316e-02
-1.243607975806316698e-02
-1.892692425058583802e-02
-2.581701777176952095e-02
-7.920113709836615334e-02
-2.667478079169653335e-02
-1.048026600674572574e-02
-4.052824488854297330e-02
-3.460955114144004252e-02
-1.234538078874834049e-02
-1.493815513641080957e-02
1.059519527088473474e-02
1.506459511348517445e-02
4.980897867071269053e-02
5.621695709120050344e-02
1.203469088455596560e-03
1.293958511381368935e-02
3.296169274466310278e-02
-4.411264887404663104e-02
8.703999508207400232e-03
-2.709746842721135612e-02
-5.365760979654845761e-03
-1.631422763332477516e-02
-3.564496941986768086e-02
4.384948004881073468e-03
2.793408835986747885e-02
2.370244822121833281e-02
-8.801645804041030238e-03
2.987869318874797342e-02
1.906049727140879391e-02
2.606150084910957565e-02
3.418543819446497045e-02
1.809486531460250194e-02
-3.043180962507405305e-03
-1.532373346516426038e-02
2.402823516095442188e-02
2.667999043310571600e-03
-2.149688542147717291e-02
-4.614428953644111875e-03
1.823663242540601512e-02
-1.075617455599646617e-02
-1.874100798927921113e-02
4.849572570955917178e-02
-1.732856803034713358e-02
-6.357640175023558486e-03
3.189076867754086358e-02
-1.107387392004555507e-02
-2.743837561714487783e-02
-1.234513771766817397e-02
-5.001314813629355316e-02
-7.919222676803981675e-02
2.363691803324366805e-02
-3.666676718300682786e-02
-2.860559304373740813e-02
4.394765072270494927e-02
2.270574549875457523e-02
5.171828834974192407e-02
3.187150734278946379e-02
2.153743254534146515e-02
6.627261308426790620e-02
3.019407036360445273e-01
1.312171260330618483e-01
-9.176139548498772613e-02
3.553684684870015570e-02
1.322370341352007150e-01
1.495009098158579519e-01
-7.155427278711463945e-02
2.951936990306242570e-01
-6.307990591495440599e-03
-4.103044319756243320e-03
-2.025012908340436402e-01
-2.552793017676144652e-02
-1.466507377481514052e-01
-1.876362985444036263e-02
1.871373995863172546e-01
1.614874701572437121e-02
6.817247198603537672e-02
-8.081535389528515800e-02
6.336827155465024619e-02
-1.412741180022134557e-01
-7.888406265141731377e-02
-1.636705160185905894e-01
8.180992940340216875e-05
1.513509788289559531e-02
2.229714705063633451e-01
2.547582048847287228e-01
-1.715165212961501373e-01
-3.050294455674775265e-02
2.602667758595408332e-01
4.701672021411448799e-02
1.112486928427786487e-01
1.609918893223038182e-03
3.786025968827655963e-01
-3.652477494376367428e-02
2.655437482197370302e-01
9.594220672073729985e-05
-1.518315563234187357e-02
4.755281246121977057e-02
2.746351504007577687e-02
5.088454310306946005e-02
1.888200310006407368e-01
5.210152857708912066e-02
1.134077301688591888e-01
1.675245958157635384e-01
4.224119123816737903e-02
1.000439652677742944e-02
-1.032167530251546644e-01
-1.560276660211752653e-01
-1.134897580016429736e-01
-3.614486101025617820e-02
-1.680259753899521549e-02
-4.425231524873751709e-02
7.918708067625743197e-02
-1.764408074756578654e-02
1.100568565088569234e-01
7.276085243551685955e-02
1.495217438006140043e-01
8.852239362306911497e-02
1.992016965339175882e-01
4.525285540226056669e-02
-2.169653246322204507e-02
1.060377638952087892e-01
-1.685292293846681888e-01
-5.032221136145729155e-03
3.456909868527247021e-02
1.252849759003361874e-01
2.623972183022559856e-01
1.033291783755132254e-01
-2.008770376488279441e-02
-6.429392422116042560e-03
-1.119596007269047511e-01
-9.032434506478910496e-02
-1.726321444890518975e-01
7.520294799951045793e-03
1.536738883666800837e-01
1.395820985327376682e-02
3.260431912402395604e-01
3.002935506153638356e-01
1.319639988625420923e-01
1.421029708069320996e-01
-2.622948031551396858e-02
1.894148364796714723e-01
-1.664194135440124622e-01
-1.183629562514560279e-01
-2.011378851999294504e-02
5.880673759287624591e-02
1.695219703535455757e-01
5.914449221940572265e-02
2.663695780228391707e-01
1.788099553784780471e-01
-2.811866569332948096e-01
-3.094626415450536447e-02
9.359080599099606212e-02
4.637796555590845832e-02
2.036273788768688531e-01
-5.703324065238854490e-02
3.020420340121321434e-01
-2.946298733359704047e-01
-2.331159380922146751e-01
3.501354532822381627e-01
-1.130404474368293666e-01
-1.829618925618474723e-01
-7.058945669596732031e-02
-2.592255791259647779e-01
6.980467271428740517e-02
-1.112758440235250418e-01
1.454933827756769993e-01
2.659824663145062829e-01
1.360163923515181339e-01
4.632474796544430035e-02
7.590280398115646643e-02
-1.971920146307149305e-02
2.191000583015047798e-01
4.160214704181179612e-02
-3.829159575667066134e-02
-1.793345538384342186e-01
6.818324631475225495e-02
-4.524289863994395561e-02
4.739801324255473597e-02
1.301054670401691378e-02
7.487561036535898829e-02
1.339606156558555972e-01
1.181119274734152708e-01
1.777262930496334783e-02
9.001343852121859723e-02
-2.676298985042016923e-02
1.417295383803207631e-01
1.937802023629269788e-01
-1.080048844880522052e-01
2.215295864740812193e-01
4.098730121565257595e-02
-1.026080210004179233e-01
-4.489173113869556614e-02
-1.084993247181605253e-01
-1.575456275980987794e-02
-1.221937852578311445e-01
-1.585317323206832663e-01
-7.448731817090671614e-02
-1.060945708015765682e-01
-1.655225312385340819e-01
-1.314754849918035040e-01
2.608596271554684820e-02
-1.189967257486848201e-01
-1.757463705634005474e-02
3.864050640752252075e-02
4.361796260785062718e-02
3.213784202677675422e-02
-2.124668141013461367e-02
2.941158980668407731e-03
-9.618453445429962778e-03
2.468603710791825168e-02
1.747300570735816835e-02
-1.280776455431910463e-03
-1.662085104196450031e-02
-2.568431982459030982e-02
1.742499109493642062e-02
1.069814834417481819e-02
-3.596872767384357711e-02
1.328922152272782667e-02
3.956499763653113788e-02
-5.772483202330254241e-03
-1.024820354748148116e-02
-1.290122364876819180e-02
-2.783464459772932650e-02
6.461802556334281591e-03
-1.954885284782737279e-02
-4.974805201582461339e-03
5.669691758893409192e-03
4.380097227748454281e-02
7.594297425700190229e-02
-6.281046959564812356e-03
-5.579500240226048513e-03
-1.704441757126696697e-02
-7.191253447630310824e-02
-9.140412017166149594e-02
-1.249485241477964331e-01
-1.051777801976867405e-01
-1.207609914149198049e-01
-9.218165700903407922e-02
-7.792223245063323311e-02
-8.711071346330449827e-02
-6.856403031006223781e-02
-2.928236465336227917e-02
-8.375847310860898287e-02
-4.107131440508030029e-02
-1.129990387122139671e-03
-6.029087309234645170e-02
2.856113372980333218e-03
2.753635691683557069e-02
5.688066178333035794e-02
2.773526092542548394e-02
2.191097607050453838e-02
2.782296812596634847e-02
2.407484717531837377e-04
3.693973762734446831e-02
2.267161530697409458e-02
-6.482464596644332529e-04
1.171980166121808394e-02
-3.367807335740584385e-02
-8.278364927653437955e-02
-2.612338376696757627e-02
-7.760741443121763061e-02
-4.146738710750907941e-02
6.305664486347481272e-03
-1.228414692396239370e-02
4.191958597706686718e-02
3.763486467088769660e-02
-1.407446910442052349e-02
-2.298441338329324651e-02
4.797083403963627035e-03
2.232799191021973134e-02
-3.004209103093247180e-02
-3.046909005095128908e-02
3.260074235710288398e-02
-5.568333345016948134e-03
-7.363902786746091833e-02
6.002107649694603253e-02
1.269463961876889785e-02
-2.635892608258548486e-02
6.471914984745127941e-02
-2.117505712365699844e-02
-5.565230331032938738e-02
3.517879219973734511e-02
-6.954411941339001813e-02
-1.507699193591061360e-01
-2.234510845600383780e-02
6.346555267985178571e-03
2.632575946447029275e-02
-4.263277597329954288e-02
-1.803783053001943235e-02
7.910902317854966170e-02
-6.437702728254304785e-02
-4.738083408701938143e-02
2.892882199408408628e-02
7.804910394648336552e-04
-1.710509602623799807e-02
2.396436052558523124e-03
1.334689619518514628e-02
9.241112183851738632e-03
-6.190678519308059902e-02
4.796384546028683443e-02
-6.179582604616860354e-03
-1.408812384912516702e-02
-3.650718729517945377e-02
2.686189544497143838e-02
-2.592759936979620664e-02
-2.364969506131257143e-02
2.651116693368898644e-02
3.542721129945823610e-02
2.143665423326082328e-02
4.105156310484817800e-02
2.452863516094854358e-03
-8.914829927953043381e-03
-2.323857307654140711e-02
-7.498768242714142461e-03
-3.538501355813523236e-02
-5.447126518259499256e-02
-5.586801345736393254e-02
-7.204257714155992698e-02
-8.593366578259629962e-02
-6.902996267385447249e-02
-1.815615787845372212e-02
1.232792283411373278e-02
3.866432407921542580e-02
-5.459259242903703388e-03
-3.946160974486179196e-02
-2.487087072966636010e-03
1.220222445906191285e-02
-3.439743442105294008e-02
-1.460597334127602433e-02
4.211462525536873586e-02
7.083428037613055152e-03
7.717404129006401672e-03
-1.314713865469591125e-02
-9.116822118776957140e-03
-2.789496744383705013e-02
-7.684758387826046144e-02
-4.025553072207756211e-02
6.484124340097712109e-03
-3.424190233399507233e-02
-9.084209572465669347e-02
-5.444481169704335627e-02
-1.518955185241286157e-02
-4.833602703854646826e-02
-6.433628587781616004e-02
2.768555725918724758e-02
-1.925230436619061736e-02
-1.587902552724436075e-02
