-9.753189215772815890e-02
-1.367087631028456873e-01
8.000015388476125477e-02
4.153597067698844986e-02
-1.722311180037549017e-01
-3.859516330239583931e-02
-1.242333402023279437e-01
-9.061600745361075848e-02
1.099159358961144806e-01
-8.162256720633313811e-02
4.420624244754125381e-02
-4.156437986060970702e-02
1.688431891262408835e-01
-8.031045589349561364e-02
-1.226403788514675158e-01
6.497596472381348028e-03
-7.614786733687263498e-02
4.943570522730909161e-02
-1.192799298074034980e-01
3.962734039820783871e-02
8.528712085681394717e-02
-3.187895671546805976e-02
5.581423716473739305e-02
-3.628936279151439431e-02
-6.328817427149623087e-02
3.165941777110325983e-02
-8.880289001991797937e-02
-5.766760909408809657e-03
-7.672006292968965024e-02
2.804689316033086646e-02
6.994246199264946007e-02
-1.029719157139693669e-01
-6.990021454561654024e-02
3.593117010920354737e-02
4.187886030264465625e-02
-2.861987448593540997e-02
6.148019272032857058e-02
2.463233574661207251e-02
-4.078265587135275483e-02
-3.594206369589691280e-02
5.227401662170880203e-02
-2.552840883339120397e-03
-2.950546506476432740e-02
6.266174230222594510e-02
-3.127454295624520521e-03
-8.716755633734316056e-02
-6.920169809750068533e-03
-1.365423906894963103e-02
4.442144477134228886e-01
-4.198901899875094879e-01
2.864315819408832509e-01
3.534799767323885955e-02
-1.660212636427546573e-01
-7.012484566286796006e-02
3.109438223335673351e-02
-1.518544858729695829e-02
-2.087438084286579940e-02
1.339607537401998061e-01
6.526214317491209338e-02
-1.650744452267219331e-02
2.162223402509889578e-02
1.405188698495705123e-02
-2.633580859280391234e-02
2.789120202971636167e-02
-1.262757407076565974e-02
-2.525170132432296710e-01
-7.622438001838170718e-02
-8.237843694441041031e-02
1.811279391358080748e-01
5.897354381872164236e-02
-1.477822721974979547e-01
-4.344577018859926282e-02
-6.973642308235070662e-03
1.047053411103041898e-01
5.096787895946788133e-02
-5.892031432501265015e-02
1.866400419673664574e-02
-7.843870510185640965e-02
-4.841040719603428855e-02
1.763444551641263130e-03
-1.539595888954489733e-02
1.820975385991508225e-02
3.016578397199649528e-02
1.425876418368012336e-02
-1.097933823953730834e-02
-4.748519382989451615e-02
-5.885850941650994095e-02
-3.422858810707279237e-02
-7.700073084421875380e-02
-7.185295825671225711e-02
-1.256417688257430339e-02
-7.794927162814996313e-02
-2.519001245450344650e-02
-1.877148307571989694e-01
-3.338789357122947665e-01
1.272046225613143178e-01
-5.084866872571978946e-02
-1.202179490569215293e-03
4.779451549387940534e-02
1.357756663911886263e-01
-8.372183186995416082e-02
-2.699352573583895659e-02
5.192581211215070106e-04
-8.997577572703890914e-02
2.614411581028810647e-02
-7.441875566557663857e-02
1.599866797286579601e-01
-3.407598214844324153e-02
5.542035087940617305e-02
-9.367148810554451477e-02
4.159029343201307849e-02
5.276662945126413956e-02
-7.198696472344939812e-02
4.923202871890132448e-02
5.134573837734479618e-02
-3.987257748790049711e-02
6.719722611063772000e-02
-1.198462402096066026e-01
-3.511523604287142275e-02
8.462329112897419917e-03
3.542609482914397256e-01
-2.244239543789850189e-01
-4.749297310484391910e-02
-1.187170641409973776e-01
1.064216260841083644e-01
-3.069485428254047511e-03
-2.753803491512867713e-02
1.043556275775117670e-02
3.853287186398825920e-02
2.543907725968290456e-02
-4.155005454694033623e-02
-8.420354851105193994e-02
5.288550405743079608e-02
-2.673935835071609285e-02
-5.487870520179181227e-02
1.420181156540504530e-01
-1.983893853298640264e-01
4.151461851857548430e-02
-8.215697997947948861e-02
-2.808395633202460107e-01
-5.982461731230013374e-02
6.344845335309595713e-02
-2.304571073227733025e-01
-9.938303697692611738e-02
-3.799039508668408671e-02
-4.332938192967541319e-02
4.653567970369719420e-02
-4.799509456734898927e-02
2.720278246216778495e-02
6.237264570264768743e-02
1.360992015685918988e-01
3.733166129173585285e-02
-2.879316411052399924e-02
3.084439238352872830e-04
-9.104846517123858785e-02
-3.336550965231200455e-02
-2.046223563729029082e-01
4.747449014494820041e-02
2.217733622991269471e-01
-9.118890077336182232e-02
1.164135708885418591e-01
9.140783668878246782e-02
1.229228058036985899e-01
2.807191570348974846e-02
-8.697170402566632708e-02
-7.864619514164724462e-03
-2.248046310273885476e-02
-5.565895493626690088e-02
-1.751453428931384546e-02
3.097829400377704462e-02
-6.415394101813581829e-02
1.098695614912293533e-02
-4.750593050104912063e-02
-2.487163494579470308e-02
-8.290802291307845795e-03
-5.718188112962775335e-03
6.530813700829959934e-02
-7.398565517676405391e-03
-3.750235748227906916e-03
-1.262557852812613672e-02
8.644085885771786437e-02
-6.839217846479585250e-02
-2.534211633983760731e-02
4.631499877810907329e-02
-7.583495358876694847e-02
7.531735440577848328e-02
6.948714971506829430e-02
-2.104266021515540860e-02
7.649150989264165423e-02
6.323925395951694728e-02
-4.726912708959095377e-02
9.121029349166849196e-03
-1.935248762080432061e-01
4.101304436991096702e-01
-2.035372567507536257e-01
3.462106709762137469e-02
4.389502672401835587e-02
-1.154426160525056332e-02
3.916254406329704868e-02
1.449603782855467607e-02
1.260935848260983511e-03
2.279627976996441777e-02
-1.705726015810329205e-02
6.265855782387361357e-03
5.895895020147109283e-02
1.943849801532392466e-02
5.841581452963418020e-02
-3.921581967630619753e-02
-1.132506921859492838e-01
5.613553883704820030e-02
1.683790885985891883e-01
1.306865521638337357e-01
-1.689719998054048378e-01
2.470560150288053300e-02
-1.000038573506935591e-01
4.970101248398926808e-02
8.935359261578514067e-02
-6.203290378939113614e-02
-6.634963149165309937e-02
1.399581482317906189e-01
1.112116754639234234e-02
7.524613586401564767e-03
-4.176749725283504522e-02
7.687048637311890038e-03
9.649396803831398334e-03
1.636611141636118080e-02
1.147056987616679354e-02
-1.159077241227331537e-02
5.444665865656755227e-02
2.624650180385110568e-02
-2.989552927563572313e-02
1.059056225448132549e-01
5.691288303490692896e-02
-5.852454525826510795e-02
1.155345735623683340e-01
3.041777008509270047e-02
-5.997123210827464551e-02
1.996535027816294661e-01
3.187497929612360115e-01
-1.190352600833747831e-01
1.148302281183741363e-01
1.049273909660902206e-02
-1.751121223249358649e-01
-2.498117531891255391e-02
1.860344175497552488e-02
1.420022290034955725e-01
7.544391541697363646e-02
-2.074935267043588258e-02
1.413314310028074110e-02
1.405624447499006224e-01
-5.388319085041336221e-02
-1.149836783784610877e-01
1.167327669414519736e-01
4.795755924778128537e-02
8.105481708637780891e-02
6.771137305709538923e-02
2.087202738809378344e-01
7.544707856220514430e-02
5.197016436536359280e-02
1.128425006144982146e-01
3.833605796527544962e-02
4.437152513438800266e-02
-9.857300433069351997e-02
-2.461453208752959268e-02
-2.044771584519652630e-01
5.752827821998987567e-02
4.401485410808311100e-03
1.171776640725928492e-01
-8.969429705050006862e-02
-6.592753515618744731e-02
6.093090723881910975e-02
-5.458104908081667234e-03
-1.762721165765494466e-02
6.825573576778203901e-03
-7.721812307445013665e-03
-5.173962186934778773e-02
-5.102800974036225158e-03
-5.671029288619620912e-02
-6.763247043597837849e-02
-9.139028601015287013e-04
2.649957353776392563e-02
7.274315764904810966e-02
-6.933757669659262879e-02
-5.762557133730986797e-02
-7.817666671425201053e-02
2.393593886995209682e-02
6.256278341857257619e-02
3.949333663910682690e-02
-3.562137452043134117e-02
-3.362092581292332183e-02
-5.009494525476387849e-03
5.494481075383459562e-02
5.725815331633405530e-02
-5.475774288579819682e-02
1.101122896222069270e-01
6.989796746133587757e-02
-4.967324819118069945e-02
-7.357386665097127854e-02
-2.605782216696166942e-01
-7.151591233296961114e-02
-4.067867468181128598e-02
-9.390008495356443052e-02
-2.231009201105090423e-03
6.832923890955339141e-02
7.732102006712689157e-02
4.665576012115661697e-02
4.130453224536698165e-02
5.492937848759111424e-02
5.319348138044226182e-02
2.207028648664576247e-03
4.890498785050244324e-02
2.311407081196911739e-02
-1.239715716193146022e-02
1.675605592881403150e-02
-2.009391612658021492e-02
-1.230720367130006543e-01
-1.651020645835364620e-01
-5.920003607193523310e-02
4.325012261367985889e-02
5.268204217806342349e-02
4.192355669660618317e-02
6.631977730003316140e-02
1.027021438073340287e-01
9.787613957229483741e-02
3.015137407742516512e-02
1.225549662379814414e-01
5.177861338284357046e-02
-2.477494876413398675e-02
3.713929409090207384e-02
5.023675517207601415e-02
-6.219308972040712979e-02
-5.280005172933061042e-02
-3.303640186219269914e-02
1.750362993990170002e-03
1.614602503552071619e-02
6.343360678245883733e-02
-2.439764633275959618e-02
5.947845450205960921e-02
-4.679557831608449625e-02
-2.117415112087615847e-02
6.709841537406967260e-02
-4.311655541796156205e-02
4.968517344984470230e-02
6.378878891577066668e-02
9.042113701696214215e-03
-1.144487743477975820e-02
2.914800452177659582e-02
1.589568487588604098e-02
-2.894033020797905087e-02
7.214616350714454091e-03
3.128692092180446888e-02
4.645463914716079640e-02
1.156485506568346588e-01
1.076818903828183627e-01
-1.946320642638877524e-03
-2.719617246806384225e-02
-3.699909832845747065e-02
5.856956996369006713e-02
-1.871468921295618704e-02
-7.748648347886932797e-02
9.283403704079837282e-02
3.579951546008363489e-02
6.493016047345356694e-03
8.238797972384702406e-02
1.131364227372360330e-02
-4.035220594916672648e-02
6.650054043534242565e-02
6.864830495459532493e-03
-2.802465375298981293e-02
-8.598793195976189851e-02
-5.483826793521491549e-02
8.689125328794662520e-04
3.959666612321238732e-02
4.311991734504361934e-02
4.892404175582953235e-02
7.952207748909664864e-02
8.762919001354803339e-02
8.952413475044254665e-02
-4.676064078296642695e-02
8.717513462568970625e-03
3.114431431553862928e-02
1.574350259856740694e-02
-2.717506021079072603e-02
-8.526259037067676627e-02
7.159821775293484514e-02
3.952514322910436612e-02
-1.145730707206193966e-01
7.367041861755915799e-02
5.031490878225104713e-02
2.406071210201143028e-03
5.041214853786368799e-02
4.188831109132076097e-02
2.763491523631113334e-02
-1.498576793753242549e-02
3.972544028916425406e-03
3.066669104865464568e-02
3.575329388827778315e-02
3.365910168603306832e-03
-4.744866623522278615e-02
-2.254212050434773601e-02
-1.508585951003375662e-03
-5.744307184366801572e-02
-1.395831609398342490e-03
1.307141537054183188e-03
-2.217984375560061450e-02
3.478418482342601065e-02
-6.544474129549246455e-02
-6.376708415691058340e-02
3.038446649436970723e-02
9.761991666715759408e-02
-1.968413859008583469e-02
-2.586657024902452515e-02
9.964936356297597608e-02
6.002639667403480289e-02
-2.058021664010337593e-04
2.478243205201296345e-02
-2.142121425238652233e-02
-3.144430281250574187e-03
4.498825503515924834e-03
-5.315078114515389349e-03
-3.753037952775428732e-02
-3.786999326991147968e-02
-8.625952623315604958e-03
-8.831127253876216998e-02
-1.531089906381317145e-01
-2.255464041393941965e-01
-9.140477920719686233e-02
-1.366133416643556531e-01
-1.622528269036989657e-01
6.982482897946652722e-02
3.235073352024000343e-02
3.057866838242093502e-02
1.062227292536712525e-01
2.364035334654416773e-02
1.169458003619872587e-02
9.522378927397442960e-02
4.311687519684320041e-02
-2.362794822387262808e-02
8.224254005530338973e-02
1.011245334502465093e-01
1.014240380094549518e-02
1.155429952837247337e-01
9.103303424172688729e-02
-7.471753650133223981e-04
-1.174728145819166954e-03
-1.512414040097378454e-01
-1.668564234903932852e-01
-7.351887925652372813e-02
-4.643755697068404492e-02
7.643044302105098109e-02
1.621725711079231858e-01
2.769178029713733613e-01
1.853301744690929453e-01
7.968178025805200404e-02
1.525922136176747212e-01
9.101189372789589282e-02
-7.990746037808342528e-02
-1.333151687568238930e-01
-1.518884680493027828e-01
1.019963076870240709e-01
1.977909973357646067e-01
6.309270342485266692e-02
8.462905987448997303e-02
-2.384983917875859935e-02
-4.158129871518141674e-02
-2.109869988773752092e-01
-3.362395073346239327e-01
-1.679462135551242630e-01
5.595730455452836011e-02
9.489884306868597019e-02
-4.392177572761659515e-02
-1.210651196277252595e-01
-1.259084044998931007e-01
-1.274403044035287980e-01
-2.759980422785879295e-01
-2.714128861992640696e-01
-2.348828542375529516e-01
4.894458760811644382e-02
-1.458012400457355841e-02
-5.388209572760733340e-02
2.035206014833731425e-01
-9.598355454146534349e-02
-8.542493669979149551e-02
1.362601815459336778e-02
-2.060012760847426336e-02
-1.308399485449530664e-01
-5.237629929973980358e-02
1.860236198374911123e-02
8.894626621697708513e-02
2.253961190228417899e-02
8.082213182878432434e-02
1.125070379667813397e-01
5.480115655451568007e-02
9.677647215126478075e-02
5.989363932235674398e-02
2.482031504374883901e-01
1.333029971763526333e-01
-2.180492921924940750e-02
-2.123625244009065549e-02
-7.342509722899276392e-02
-2.525371687755013916e-02
-1.276295496581433264e-01
-5.282104580726408594e-02
6.804967846585975588e-02
-2.491019684046254928e-02
-1.276713818587754401e-01
-2.677732717416113628e-01
1.727640522168693779e-02
1.691832264928927743e-01
1.619886204908136534e-02
3.417136984732811744e-02
3.542918858046467667e-01
2.839622116704372812e-01
-3.312855675814968537e-02
3.575020488670849900e-02
-2.077786615520077831e-02
-1.007289951211199353e-01
-4.621165167641390348e-02
-5.036978839444606476e-02
-1.841274017086375892e-01
-1.604594896217351740e-01
-1.105505781218329292e-01
-1.239354445561683532e-01
1.247858348475054842e-02
8.232323002658997746e-02
-4.483613147794902887e-02
4.772375526513689126e-02
-1.208755016184588083e-01
1.749267975290920984e-01
8.929865629333309796e-02
-1.069827151310581981e-01
-1.746914448062049097e-01
-9.301258585700060422e-02
-7.141145377754287704e-02
5.532237710214082255e-02
1.101303543060630913e-01
9.212515212122300567e-02
1.414895033072227082e-01
8.535243211637183469e-02
1.309278882138578681e-01
7.024628359350588991e-02
1.743377234632348394e-02
1.777964910567982337e-01
2.373970082924561215e-02
-3.453746816618986915e-02
9.204342832632014804e-02
9.058119474568299134e-02
4.147017218547892348e-02
2.117108503752381313e-02
-1.026989502059158371e-01
-1.471305287779517690e-01
-1.243724271167995360e-01
-1.091470959994066958e-01
-1.215832562011485013e-01
1.047217908078593163e-01
-4.518378985239684259e-02
2.675421410357001206e-01
2.324784269805980630e-01
3.715113249868332111e-03
1.674165139802533397e-01
2.775361649027395239e-01
4.410713368371810966e-02
1.698012765275093705e-01
1.892995322561873695e-01
-1.078407735180922020e-02
-4.777172270305029417e-02
-1.062058564002430067e-01
8.666461217078810092e-03
1.059539883641038915e-04
6.798123614742236642e-02
-7.887038086403073966e-02
-7.708054234849591457e-02
-3.247240283014406897e-02
2.347292032485790228e-02
-2.517204329041672697e-02
1.103801151373330972e-02
6.074471142087940756e-02
-1.764509076316497505e-01
-4.252595592846787620e-02
-1.744497849863432259e-01
-1.130241673693285591e-02
-1.630002799135025701e-02
-9.367226743176268466e-02
-3.198851293837371434e-01
-2.757508415862728324e-01
1.273807733689312147e-02
-5.373463371968721647e-02
-3.194244171075676930e-01
-1.251616140200790817e-01
1.185168688119054292e-01
2.738485750746201541e-02
-1.707628465654568717e-01
-2.033481643253115534e-01
3.833181158023134250e-02
1.784401618284283675e-01
1.307606053490610043e-01
-8.682051964445065828e-02
1.546112410769641954e-01
2.091163881549942816e-01
6.617097510757377968e-03
1.471601028150403834e-01
8.726066695850962993e-03
-1.915417489232114356e-01
-2.090120450248708905e-01
-4.911487959146257354e-02
-5.906119943217347235e-02
-2.543805913377727990e-02
-4.016191882680615610e-02
-1.359070021500750070e-01
-1.871191095058297171e-01
-2.039726897536139338e-01
-2.367995781703650660e-01
2.388985422308002593e-01
3.785615964079772078e-02
-8.986431443120578011e-02
3.550437733234686477e-01
-7.450314460810049388e-03
-2.028694426744284129e-01
1.375179016327618409e-01
-2.819281773760107940e-02
-1.056401057601364241e-01
-2.807611909405764369e-02
-2.775821905476651141e-02
9.895496723822674867e-02
-2.882018061955723964e-01
3.209087774319468456e-01
-1.864204043951193102e-01
2.092631314866034986e-01
-3.645322935059990277e-01
2.308989147820614818e-01
2.576696323174155687e-02
3.204877368918954139e-02
-4.401556197180054447e-03
-5.135922650903992220e-02
3.508721301706172867e-03
-4.271151712934733585e-02
1.763984128599466739e-01
6.103483823831446636e-02
-1.038034802624131364e-01
1.196562098048535722e-01
8.293814643561310540e-02
1.673467778593276112e-01
-1.018588285821416667e-01
-5.104234118827397776e-02
-2.769876932712748152e-01
8.993917059263058580e-03
3.013666215291249326e-02
1.256621709103375728e-01
-9.678958045477605021e-02
3.767477306709521995e-02
1.081087881525490541e-01
-1.755133828787112105e-01
1.890868742191748886e-01
3.117409233362428145e-02
-8.862236284606055114e-02
2.080534066101749346e-01
-3.459433491528717680e-02
-7.243923268374201363e-02
-1.929386254778522880e-02
3.265354442691490583e-02
1.121592964627934896e-02
7.247289578290429246e-02
1.094310039730366363e-01
-1.006619793563326773e-02
2.014042191897909631e-02
5.122120975674731430e-02
-8.466035678229630324e-02
4.957117445965236562e-03
-6.724844081978602339e-02
2.550280268554438456e-01
3.561380908796324962e-01
1.021366058993035120e-01
4.107204317299120722e-02
-1.549699478338349146e-01
1.295346374597958761e-01
-6.280395864659543692e-02
2.272400276910714612e-01
2.040619549180964012e-02
-5.832845615226816410e-02
1.769938947891281505e-02
5.193356471072987229e-02
-1.209218419138032713e-01
-1.825771918049204912e-01
4.374934342610561910e-02
-5.881876062720550052e-02
4.831078656636950130e-02
7.578117883235804819e-02
6.567436434491324276e-03
1.143213760154953990e-01
1.570832532494261524e-01
7.781711308786871950e-02
-5.537939097716448184e-02
6.892547364279780209e-02
-6.758536119409927490e-02
-2.054866197274604067e-01
4.085027531184633881e-02
-3.646226184876078524e-01
4.209571527378815348e-01
4.943846957092826871e-02
1.605859263025718464e-01
-3.024609390852888158e-01
5.640534281224802299e-02
5.892751214558833439e-02
4.554752762787802473e-02
1.095166762822965927e-02
-3.042630942188898069e-02
6.627428096987143802e-02
1.255680050312001257e-02
-2.922649270812632122e-03
-8.985836893229152966e-02
-6.845032605605336218e-02
-1.820384890145484713e-01
-1.353688255100493620e-01
-1.213065705635199415e-01
-1.017546658464227455e-01
-7.616030022266885580e-02
-7.320436502732796669e-02
-2.217434327359312507e-01
-9.092442469842054731e-02
-1.017313724189445323e-01
-7.910269969538345769e-02
-5.335761663675522848e-02
-1.184719634893208473e-01
-8.060534944110157862e-02
-8.960246188798842715e-03
-7.850351734325641817e-02
9.534900518789451301e-03
1.125761885520093486e-01
-8.142504573322220923e-04
1.371283958497162836e-01
1.430534222588599087e-02
3.860420863838162631e-02
-1.121738421379341460e-01
-1.355822783217632554e-01
-2.841299321061564742e-02
-1.484818657080476667e-01
-5.170323643727326585e-02
1.575898188864695640e-02
-6.134326844692433722e-02
1.889221496643367706e-02
2.730060733585781135e-02
-2.844817897508078626e-03
4.810797327139593182e-02
3.212211734758855294e-03
1.299120096742523330e-02
5.571983490838588321e-02
-6.321622904139528876e-02
-5.739859045390963144e-02
-1.861046259205618725e-01
-5.185694005786558453e-02
-7.018761498971699819e-02
-1.353970172391898430e-01
-9.540814208074059610e-02
1.100064015826782704e-01
4.421516922676735351e-02
2.587896414488633640e-02
-2.345666809416554754e-01
-2.186294732214806302e-01
-1.418667222195517108e-01
-6.292514070873320153e-02
-3.151093380915828603e-03
-3.906051469365120349e-02
2.004999688552119019e-01
3.194878666032642811e-01
1.867359125158393196e-01
3.084882513295071280e-02
-2.438278437885988900e-02
9.414501946756146386e-04
-1.305753318348521486e-01
-5.231970447042516570e-02
9.192596488308403535e-02
-7.075964318522183147e-03
-5.645601156554484745e-02
-3.826482922679280696e-02
-1.229454206080732026e-01
-7.418841544721813466e-03
1.816108137501625322e-02
-9.855717370042978154e-02
1.072381568219718355e-02
9.294203221718981556e-02
-7.453758409075654512e-02
1.904860705984798286e-02
9.075719503980225755e-02
-1.612250578311718585e-01
6.238477827486134386e-03
1.606612921066703503e-01
-1.198014288843796682e-01
5.596299456973681530e-02
1.328991306728992683e-01
-6.295291296580769747e-02
-1.641406535133775602e-01
-1.187132973770280847e-01
-1.106647578080203337e-01
-4.202821043278456153e-02
-1.450572088328234699e-01
2.705672602902154528e-02
1.472674409578536292e-01
1.299116821338417160e-01
8.919871550280333850e-02
2.207575349667244627e-02
1.141264901445625118e-01
-2.907206738340613328e-02
-1.106369432876670549e-02
5.633295357669371867e-02
-4.824831165836208219e-02
-4.694980622818045041e-02
1.342435625515593992e-02
-1.063539720493284213e-01
-8.985958111032349427e-02
-4.664031752051543689e-02
-4.547646870775770567e-02
4.313060368356363278e-02
9.945810001438366854e-02
4.678336287048805164e-02
9.357868624887351328e-02
7.114956947824280231e-02
9.991129443575237634e-02
2.351471776416477755e-02
-2.099841127610481972e-01
-1.221044236234427177e-01
1.734966974212031818e-02
-1.738097098297372708e-03
3.634879442687067447e-02
1.181538742044221935e-01
-6.762321130552173543e-02
8.079802244619264939e-02
1.567149742984386140e-02
-1.325694454008827794e-01
1.140724248451711748e-01
3.802836089905620165e-02
1.336320551707553990e-03
1.883962571205404501e-01
8.980873838593983471e-02
2.042374162567565238e-02
1.362163173130718496e-01
1.239577634907356764e-02
-7.818215265425158822e-02
2.934303258416361485e-02
3.325806764172641039e-02
6.376247663683857689e-03
-4.861530695289387194e-02
-1.438851160392468943e-02
-1.194664184392356943e-01
2.969431175018657706e-02
3.783263965498243064e-02
-1.837233965695497795e-01
-6.963491167843863239e-02
-3.490486158266566108e-02
-7.465746388104271478e-03
-7.487670463976280055e-02
6.360920885630877430e-02
1.403398397663577213e-01
-8.455595168922058757e-02
8.678197971469826799e-02
1.625587125737406879e-01
-4.313061636254726661e-02
-6.895430911972380561e-02
-6.787960676920755387e-02
-5.528423574655917661e-02
-1.377912002851509055e-01
-1.427932125342633307e-01
4.922420457623261775e-02
-2.801652984494793983e-02
2.943536675420779444e-02
9.616901161592439698e-03
-1.729743621995557534e-01
-1.482231576749354351e-01
-5.283306727719004614e-02
-1.109530272113065513e-01
-4.218759175208815909e-02
3.004423950902609247e-02
-4.585694944475113971e-02
-2.818692111529078753e-02
-1.243473543876245646e-01
-1.486390314271020252e-01
-6.237422090286224435e-02
6.629698101690054135e-02
9.079823245410682808e-02
3.070377486073987052e-03
7.101851121916284704e-02
1.010035186519144812e-01
2.994245943221322467e-02
-2.826169586607506501e-01
-1.413718887081544806e-01
6.543307080400964648e-02
-2.117465782981664268e-01
-6.942576200950942300e-03
2.774540798955738019e-01
-6.100027538991507209e-02
6.740043146297926280e-02
1.996305556428449313e-01
-2.078486768976234023e-01
-2.190777951314026861e-01
-4.180750027983939215e-02
-1.960262651159636327e-01
-3.205639611285247825e-02
1.945900370346864972e-01
-6.278273391416669402e-02
8.238037409128698418e-02
1.804762460783537747e-01
-2.295084837517555598e-01
-1.059036967911248378e-01
1.686297821842073497e-01
-1.720131369936260812e-01
1.014210542453549829e-01
4.052411538847032757e-01
4.669679619599544085e-02
7.333485854565884032e-02
-2.164149984852766287e-02
9.506987303996081162e-02
-1.476782358679407103e-01
-1.616385456494470185e-01
-1.755847500464818856e-01
1.279335592175197822e-01
-9.185674428017549797e-02
3.656342800328944015e-02
9.808922462197103374e-04
1.344099005798153890e-01
2.124756483313987865e-01
6.274139054588831477e-03
-3.523795961628437001e-02
9.108085085573218442e-02
-1.242508865283083186e-01
-1.022548527050164552e-01
-3.699099301148171142e-04
-1.023603107202975399e-01
-5.555916386276745639e-02
-9.804330105701082598e-02
-6.515804012644479948e-02
1.826858626623490967e-01
1.278819043268001887e-01
1.548454168076253690e-01
-2.108598279009374354e-02
6.662828326130941503e-02
5.004135471288345682e-02
-7.351242750176023577e-02
1.043985387764219813e-01
1.420072065739084732e-01
-4.230740645466748301e-02
1.312523859462530473e-01
-6.778814308545973166e-02
-2.029205798250109105e-01
7.969230124471149423e-02
-8.062460230593190835e-02
9.924649845896827208e-03
-5.874420020913472679e-02
-1.059658415482271909e-01
-1.137523623578076959e-01
-1.234674783386896790e-01
-1.058521553920044461e-01
-5.342712689336506088e-02
-1.189307003001035812e-01
-6.201373429372022961e-02
5.220568977010833431e-03
1.204236539146215021e-02
-1.109459745190708307e-01
-1.586180883349989079e-01
-1.266142112703284583e-01
-6.641666196152365420e-02
-1.384600185345081225e-01
-2.743604691389013306e-01
-2.020421791668656208e-01
-8.015393643098228660e-02
-8.208448527909853465e-02
1.349211883407342230e-02
9.071832626173033376e-02
-6.263750763187320852e-03
-5.168198278562038256e-02
5.548089519203650705e-02
-1.360181332862162307e-01
-1.398772935187196087e-01
6.880249857289854297e-03
-1.345673377475280381e-02
8.578176920105214098e-02
-7.737523243590634092e-02
-1.391807793613707711e-01
9.532660887173535769e-02
-8.571036028683828856e-02
-1.935854580378640888e-01
-3.235693321668226680e-02
-7.205310874397247156e-02
1.629622549166645507e-02
5.807355402985971138e-02
-4.233791542849409117e-02
8.536990494495429183e-02
1.250993010846375986e-01
1.323522087144289247e-02
9.139063428227929553e-02
-2.148395324248721372e-01
-8.892151105018047952e-02
9.313861568000388058e-02
5.182280154059368260e-02
-3.257909950734183546e-02
1.605966684492032837e-01
4.366129962334535687e-03
-7.429553250667814135e-02
3.119914866748865409e-02
-9.918873123497772004e-02
-9.559052872173896820e-02
-1.639859005021518032e-02
-8.410229295391057069e-02
-1.252094771078281210e-01
2.328190093806619537e-02
-2.196667030396285206e-02
-8.569318252264576663e-02
-3.992159983750095953e-02
-7.013830280197320965e-02
-1.452541688007225329e-01
-7.118582011600985138e-02
6.972769896367114750e-02
1.288469485429502570e-01
-1.168009623783935191e-01
-1.923896690804066320e-02
7.655228234795791176e-02
-9.689343067936695419e-02
-8.429391505752213687e-02
-4.038206994341017597e-02
3.753555204795661071e-02
8.993046854585690086e-02
6.548371765748549345e-02
-7.255964439614025208e-02
5.935219931130401860e-02
1.214731448990626766e-01
-2.194997861172255302e-02
-8.352736229241410071e-02
-6.060747727384912728e-03
-1.889990752108464123e-02
-1.373541940919524307e-01
-1.347932943019350127e-01
5.187513398726562031e-02
-1.181163738932292234e-01
-2.271172184947891914e-01
3.064015394066876841e-01
2.168234706851237814e-01
3.413166546036269094e-02
-1.178383149592395068e-01
-3.042280046758890077e-01
-2.931890259534306598e-01
1.226053215196215018e-01
-2.834922393972069687e-02
-1.334005630554417343e-01
3.578045776506785791e-01
2.838772474120531131e-01
2.095161053257136100e-02
1.064788866550723384e-01
-6.360436230893756759e-02
1.171653209492884602e-02
1.944227066141257232e-01
1.026572934846108620e-01
1.403644940354116695e-02
1.818205736607996781e-01
2.832903939746631017e-01
1.268609434437208139e-01
-4.413385555737703303e-02
1.965666698373052385e-02
-3.912087044914376588e-02
-1.539797294872964906e-01
-1.386276632313117041e-01
1.252765035115252779e-01
5.556939325814662378e-02
-1.968291115447772521e-01
-3.019583227792419292e-02
-1.581371074882835168e-02
-5.249836544016540235e-02
7.207898448397193070e-02
-9.122640190873028410e-02
-1.442360984817171177e-01
-6.933525107563671790e-03
-7.266270363076217376e-02
-2.131504508423068267e-01
-1.543590834877274220e-01
-5.529741058210388416e-02
-7.114304626782524954e-02
1.011115495692313793e-01
-9.001759965547025122e-02
-1.690259150094581830e-01
-1.374861451956320979e-01
1.944033586057176688e-01
-4.109608592470079952e-02
-1.554216911483078389e-01
-3.267314303206485249e-02
3.230305236062210872e-01
1.026843778043031175e-01
-2.096158820506878462e-01
7.046233040698489380e-02
2.404946599823496456e-01
-1.909382792419049846e-01
-1.660719889156093698e-01
1.396372518539039896e-02
-6.496546433361401196e-02
-4.691785755047628986e-02
6.773713450192225816e-02
3.328504548856158624e-02
-2.472450615406772759e-02
4.567272717006895522e-02
5.092309050627256972e-02
-3.755811098705748449e-05
8.591481687551801721e-03
3.868683085020976214e-02
-3.409689977888689244e-02
-9.776344033995729155e-02
-2.185161105223366526e-02
7.490228910745432012e-02
8.968942099267464621e-03
-9.102465047875343829e-02
9.396228693772058771e-02
8.372140633189655012e-02
5.328260037618624823e-02
1.003403983985376030e-01
5.589534791220295701e-02
-2.261195524678115756e-02
1.175302434755854351e-02
-1.640488133712283414e-01
2.187538466450813374e-02
9.236027762569264110e-02
-8.856347680232798392e-02
4.489326488739271009e-02
1.436525926257520291e-01
-1.133452967316761761e-01
-9.178800749658330704e-02
1.074097022763172704e-01
7.580789447618908883e-02
-1.675508028930840498e-01
-8.051098898308686747e-02
1.268835811919740153e-01
1.901413018058772594e-03
8.934929081347450786e-03
5.170126219870186529e-02
-3.551282839091692706e-02
-1.752162727025846078e-01
-1.947211185539706735e-01
1.465917691167785419e-01
-2.701269735621723844e-02
-1.163979873228545431e-01
1.136273395044674027e-02
8.675307873905317713e-02
2.105924648218665818e-01
-8.463549127621464163e-02
3.139802179258556480e-02
2.340604204986358738e-01
-8.812324453926786982e-02
-5.556153692558452734e-02
1.207821621578264309e-01
-5.220260192165072054e-03
1.385015685875761460e-01
3.428202681583958356e-02
1.321084906180130247e-01
2.708243839489522520e-01
2.110917244170056328e-01
-3.366750341276291553e-02
1.073870356072742088e-01
6.485714151523984394e-02
-3.203172480505841330e-02
-2.888871379149529628e-02
9.211825550801759979e-03
3.578633818705731495e-02
9.977458710338379076e-04
2.131874877720642270e-02
-1.193689251081587153e-02
-8.123701650294962162e-02
-3.327362188196895249e-02
-8.594561586447743706e-02
-5.360720190241779169e-03
2.010812338879167799e-02
-5.423191298331627580e-02
1.480610378498025716e-02
-4.402957989613169067e-03
6.466549743699935571e-02
4.890090511473125373e-02
-5.949369773099392328e-02
-4.485990626150378538e-03
9.374895198106443853e-03
-2.652519697603804988e-02
-1.072502236466119259e-02
6.526986607593181222e-02
3.471235391375680074e-02
2.454516722249437677e-02
1.083684538140821940e-01
1.168153160035597798e-01
-1.517582008745736455e-01
-1.313809421682438916e-01
-1.157239598365260823e-02
-9.159118495686956185e-02
-1.730269113025450708e-02
7.380581735508198737e-02
-4.112992358027828255e-02
2.510919613559335281e-02
1.118956595320542563e-01
-2.112771266076740595e-02
-1.181348048034138870e-01
-1.791694715804794946e-01
1.886067414521476193e-01
1.719205815662148695e-01
-3.771206504222984583e-03
2.367524205851495867e-01
2.798157629850959172e-01
1.110329466676830135e-01
-7.221000145606633336e-02
2.037188755388418676e-02
4.904522861928144878e-02
-1.333690573756345366e-01
1.239455847088054459e-02
1.013051193345591017e-01
-1.586520568002746379e-01
2.833517276027691309e-02
1.294946007246375319e-01
-1.094271544685392339e-01
-2.164365699273233454e-02
7.381513252014677839e-02
-1.022434250142065515e-01
1.711004777167875884e-02
8.175645892333242848e-02
-2.053142628399543326e-02
7.830337784484074637e-02
8.594775429444091730e-02
-1.193616252651490545e-01
1.681310511337675076e-02
1.902350213625491337e-01
-2.161981600639321932e-02
-4.211396612765211378e-02
7.486755011172605001e-02
5.136647838620679585e-02
-5.821751099801224932e-02
-2.066780932845735733e-02
-6.433762916021057432e-02
-6.004194740192954349e-02
-1.468482334514101262e-01
-1.320081085679810327e-02
-6.407011111582396057e-02
-1.124268017632820416e-01
7.815265272905658200e-02
1.306339142612999819e-02
-6.262886859461630484e-02
-1.161066567280501782e-01
-7.389184698525456951e-02
-6.204923096660478615e-02
-7.482744885047058758e-02
-5.701389409722409235e-02
-7.342735628751541344e-02
-1.032650793073559697e-01
-8.240855695428558891e-02
-1.103143384493582430e-01
2.599910718455981581e-02
3.495084128953470596e-03
-3.508639859910028108e-02
-1.868284705138598123e-02
-3.360221695137220743e-02
-4.298284806609710407e-02
-8.315712143030773440e-02
-1.834672780900675412e-02
6.981109795628805126e-02
8.061082128782276479e-02
7.144696040193321274e-02
5.305419205902616592e-02
-4.967119129724811150e-02
-6.772471072117265678e-02
-3.222056549713193940e-02
-7.501473701503331981e-02
-1.380787966252025878e-01
-6.530355204729683394e-02
5.171981632136659485e-02
3.991660623226771926e-02
-4.419472231584873484e-02
4.175087531042007138e-02
-1.820079387063331181e-02
-6.142341875385944061e-02
4.350194396051568213e-02
-3.444032647228302286e-03
2.315755643357976859e-02
8.415300513464350762e-02
5.507100964726994313e-02
-1.704478097418142893e-02
9.888529660946641930e-02
3.583049289018384355e-03
-1.683614179471467631e-01
6.739520100560593419e-02
-4.294496730674402657e-02
-1.472175890933112852e-01
-9.828674595909131506e-02
-4.957215326476036021e-02
-4.953843537653021545e-02
-6.876307121343974704e-02
1.133877684171693545e-01
7.410265331986343185e-02
-3.915735416598033897e-02
1.766900600681955147e-01
1.199746023385613730e-01
-5.101461774594714255e-02
-5.545663833083350203e-02
-3.226604930971338492e-02
-8.330382958063809601e-03
-3.941273696229060514e-02
5.169146958558203629e-03
-4.169968521830920427e-02
-6.435488706513971258e-02
-3.146096918465640657e-02
5.351279706879204234e-02
-4.252391759775406288e-02
-1.044709452080279238e-01
-1.912033149183019545e-02
-1.399703080956079260e-01
-1.738609382427222794e-01
6.612815065982789731e-02
4.230408691923850245e-02
-5.097865557220563476e-02
1.380685490601507581e-01
1.734440561492940347e-01
1.034797236988610897e-01
-2.627744810557301053e-02
-1.122682196173804825e-01
-5.525008400665074038e-02
-7.775048450217618423e-02
-4.452667533029790875e-02
-9.511279889468450544e-02
-8.942849108984282647e-02
-4.716771009216267491e-02
3.279167603792546709e-02
-3.341838478374811044e-02
-4.657274367342102012e-02
-4.614327624785812161e-03
5.019726774896454691e-02
7.887028834286159695e-02
3.254254132320447829e-02
7.275287912124826784e-02
3.979569049198339314e-02
-4.763837525548073049e-02
-3.518732026826950493e-02
-2.761829755009293647e-02
-8.035499648013758045e-02
3.901873566911490555e-03
3.974578242897737479e-02
-5.814588499735484639e-02
7.306961779500466270e-02
2.594103570676547718e-02
-8.841256781849818336e-02
3.215642389599653039e-02
-1.974239248012234563e-02
-4.061110560219713395e-02
8.810733600206607785e-03
-5.688606699216121332e-03
-1.643917981153107319e-02
-5.789116331421418488e-03
5.568663419830504474e-02
5.259457189271233429e-02
8.763412938941232688e-02
-9.705049458643071059e-02
7.889820677338678714e-03
-5.067880206276251243e-02
1.081588367122105765e-01
-2.089938916579981432e-01
-1.054046840098033996e-02
3.984892682203455480e-03
-4.691205060483909922e-02
5.799061744781162236e-02
-4.395709527078758491e-03
-6.345705458488000439e-02
-9.588201401963144382e-03
5.137782254461876336e-02
3.052569964744171818e-02
1.261366038558361762e-02
-1.462334239531197233e-01
-1.210825895533063079e-01
7.608259976287364001e-02
9.522935857657818803e-02
1.445325331955996939e-01
-1.007046345180704905e-01
-1.567971831898846702e-01
-1.500719596322238614e-01
-4.025320951626543825e-03
5.766469298208364014e-02
5.225325806034282483e-02
-4.800003709410888969e-02
-1.948712452604513951e-02
2.447790550593403544e-02
-1.004343546635353898e-02
-3.395159445253478903e-02
-3.100472345944203355e-03
1.015399742159543012e-01
7.140838677637983967e-02
5.053322015482036855e-02
3.097341674240400647e-02
-1.037880830922431954e-02
-3.526622476770895770e-02
7.447292452920419026e-02
1.936942869438386394e-02
-3.264419695212129359e-03
1.298647506045701693e-02
-9.210166440105586189e-03
-7.919971550721273748e-03
-1.087408520551862712e-01
-1.273563401102522918e-01
-1.638113864174878254e-02
-6.884307032424309691e-02
-4.469007082869440317e-02
-5.588374844609800968e-02
-6.194614419873357286e-02
-9.702371089896684453e-02
-4.216042657206713756e-02
3.163970598266838737e-03
8.800895565425806422e-02
9.010698303813521881e-02
6.572201580233577069e-03
1.515828559513075491e-01
1.154857648116672519e-01
5.086115339710813033e-02
-1.612339066450987554e-02
-2.513372791371297835e-02
5.224893759647216557e-02
2.745294063424789412e-03
-6.503715616364143075e-03
-6.160493352482418472e-02
-3.624269274147028791e-02
-5.947783890029779974e-02
-4.703301327737154265e-03
8.579698037313664150e-02
6.559292705655841993e-02
-5.898211560921242519e-02
-2.586160556808150268e-01
-1.857800871089610728e-01
2.819530783214444294e-02
2.141823917693779777e-01
-6.602067361144568769e-02
-1.307081741745106350e-02
3.223918980415910879e-02
1.927955798173157029e-02
-6.575279922463973803e-02
-7.021304749778206622e-02
-3.103402233772445742e-02
-4.096690663358421025e-02
-2.495795480680836759e-02
1.247996186334519170e-02
-1.254607705824023305e-02
-7.673013010606730133e-02
-5.376195991763851878e-02
-1.704303989624133819e-01
-1.446011617057049448e-01
-1.489582608967691679e-01
2.364726233139822706e-02
-3.958019434440124273e-02
-5.855280761036062848e-02
-6.332361250315440837e-02
7.128012649752436813e-02
1.013245521342718697e-01
-4.888940500725681704e-02
-3.146679177189651289e-02
-1.232179605043620847e-02
-1.064998935531694252e-01
-2.460176986114773201e-02
9.165488921797774677e-03
8.605707913369679135e-03
1.291509647564489383e-01
1.381354633426110645e-01
-3.543226826593671996e-02
-6.544973933103470642e-02
9.276571805547899341e-02
-3.432818762067648549e-02
7.990833644890830978e-02
-3.821819831693906017e-02
4.353516009934307179e-02
-4.626984908946922548e-02
6.854364859983243415e-03
9.602553417700987470e-02
-2.242780153338813989e-02
-8.757727495768333204e-02
2.853294198359289380e-02
-2.973745801116635737e-02
-6.618822392919941622e-02
-8.141633459710824472e-02
-7.476637948294653779e-02
1.155021029608546690e-01
-1.105711161294921502e-01
-1.031721180427961904e-01
3.971384345360645662e-02
5.178348820798163443e-02
-7.226091576067542044e-02
-1.078611630836607965e-01
-3.842496420044776845e-02
-1.256212336777153826e-01
-5.247852654393044686e-02
1.441125663943710689e-03
-1.349213439417462634e-01
-1.985071593642912802e-01
1.761667469204243885e-01
9.544189194279066590e-02
-9.743329620555425674e-02
3.936384146018487989e-02
-4.711618380532746342e-02
1.277765426173066432e-01
1.508658197795731681e-01
-2.008777547350284187e-01
1.257767158466799873e-01
5.323112823293899704e-02
4.746495075224455712e-02
-4.993714461352361661e-02
2.511772327083611894e-02
-6.775331433024603389e-02
-1.011523013442102437e-01
1.240064358379726478e-01
4.377805045648617416e-02
-7.161688357211816458e-02
1.590314952656974104e-02
1.161155772977544715e-01
7.194004876894348477e-02
2.262639128171275299e-02
2.257936083814620354e-01
2.088925062650602918e-02
-1.182472802969403436e-01
2.157227718026582530e-01
3.731305310570031120e-01
-1.555142356101715528e-01
-1.746681071142945352e-01
-1.968632933681593866e-02
-4.336388334080303747e-02
2.170269745451793367e-02
-1.736267973893139971e-01
9.817977359179311247e-02
1.063588690677702564e-01
-8.584973774398187152e-02
6.158658707651331211e-04
7.998054847210632479e-02
5.529412444916070868e-02
-7.872093472812874068e-03
3.650663458356962626e-02
8.705368526819011812e-03
2.489932503179646817e-02
3.179898681388661913e-02
1.807939123116826530e-02
3.438149451964909314e-02
2.226678712002973237e-02
2.940672656294626361e-02
-4.398768050196586593e-02
2.130105269179526084e-02
1.483067461263004871e-01
-8.672359044187956389e-02
-1.004622286591557723e-01
8.306722889912133978e-02
1.374944933054386524e-02
-1.764708293755115343e-01
-1.734029483934849403e-01
-3.659777974235707554e-02
-8.714714773072826381e-02
-1.182026085375485897e-01
-5.982501605552836138e-02
1.401779119500807802e-01
-1.053674068383059492e-01
-9.968168563453794206e-02
2.063223808554381922e-01
3.406199690164457561e-02
1.688090974267524025e-02
-3.492705530448401291e-02
2.499654547346657693e-02
1.178367164612651591e-02
-4.430446038103860035e-02
2.735495590085528991e-02
8.757826172164309307e-04
-8.278906968819027545e-02
-6.733884800226540290e-02
-7.627582912910019219e-02
-6.262588507625974077e-02
1.944287238617335711e-01
6.197085206110580780e-02
-2.086791424320812161e-01
-5.848606648918510537e-02
4.357005334620443066e-02
1.910248974980478520e-01
-1.305151818463814450e-01
6.155732475044174701e-02
-4.488731320408997916e-02
-7.167273122913170313e-02
7.757084223435720127e-02
-5.032027386462951946e-02
-1.365723783005794723e-01
2.294218885317908518e-02
4.064722030004523645e-02
-1.156072410692135927e-01
3.587817480354139194e-02
1.908685431570672150e-02
-3.318094019021863850e-02
-6.202481468064523218e-02
9.742796131395239922e-03
-1.125439946946884054e-02
6.467413967554437593e-02
3.754617640950740076e-02
1.605324078120442741e-02
1.138729691447703668e-01
-6.216151623634624812e-02
-7.476090085657099982e-02
-1.682359124865847808e-02
-5.803821437045623283e-02
4.208655304937479469e-02
5.084721184518728454e-02
1.550088298405706902e-02
-7.804224872192923150e-03
-9.394467941087285279e-02
5.114918795283398406e-02
5.958761893348007467e-03
9.005537753706893689e-02
5.209235837488631476e-02
-6.561578506030468771e-02
1.749519413709196558e-01
1.509017311784889293e-01
1.267546769791758933e-02
-2.137422734534443203e-01
-3.618660893900012276e-02
8.660777377388303999e-02
-2.367980311558152418e-01
-1.152261893592273490e-01
6.660865704882103222e-02
-2.187565754070078528e-01
-1.077653950673353594e-01
-4.768833370577767877e-02
-1.244250759008346530e-01
-9.255025742022934820e-02
1.594342341623412596e-01
-1.788712023253376526e-01
-2.321718480042467003e-01
1.838297885365056672e-01
-7.589007425678212515e-02
-1.498546718783332898e-01
9.195989721191119570e-02
-2.051308755693857511e-01
4.362987681648930471e-02
2.355803557951436644e-01
-2.959859302221918287e-01
-2.591156777909453188e-02
2.860090065714457341e-01
-1.419411756932748847e-01
4.966059134890341703e-02
1.959602374298808070e-01
-1.411793035006007370e-03
1.814078996451695680e-02
5.943708305318454350e-03
-1.858841572166994027e-01
-2.438620996508726602e-02
2.127390148743582843e-01
-1.808043762481243988e-01
6.078798075737920636e-02
7.516091170748574052e-03
1.038474971423492335e-02
-3.126869460718333799e-02
-1.293104184237105908e-02
9.954473483957346561e-03
-7.319602820673587473e-02
1.541648619257659711e-02
6.014847491482600700e-02
-2.527689073631518568e-02
1.072561733975579829e-01
-3.590159335881792924e-02
1.788377698169128782e-01
-6.478206283864525183e-02
-1.007202481774811947e-01
4.406472761857928577e-01
2.495016339252981510e-02
-9.478500543355507235e-02
1.762739420854114725e-01
5.573192262689397047e-02
2.091475778132461383e-01
8.884462912260007728e-02
-3.448383446650806206e-01
3.095661140657514077e-01
1.223065682626551104e-01
-2.851939073137096381e-01
2.119830695624722317e-01
1.803250187063489829e-01
-1.817357388534128482e-01
-9.354343877048192091e-02
1.242029557057183764e-02
3.580649219181592652e-02
-7.743890910413329942e-02
1.724963136724100288e-02
3.783216833672162216e-02
-2.824389951078078165e-02
5.544830530049976725e-03
1.092152601944879758e-02
-4.992755368083497819e-02
-1.011136582903606335e-01
6.486116449050691180e-02
6.053947292505912348e-03
6.036521497242069295e-02
1.690521220772850941e-01
1.130972905359968299e-02
7.361924884533627145e-02
-1.146995086607718699e-02
-5.021359076734421834e-02
-1.397646933594278995e-01
9.051909087025251932e-03
6.635273219230025665e-02
-1.974429301254294715e-03
-1.134683714700932683e-01
9.836600536480397117e-02
2.330820453659973937e-02
-2.157711580777430527e-01
5.613677299803878848e-03
5.496292898831166285e-02
2.732018518524831005e-02
5.782476625866361103e-02
1.106002053018455139e-01
7.358435376038624520e-02
-2.379886909668480627e-02
4.166422986610820306e-02
2.765062793285587642e-02
2.541191258498712302e-02
1.223960151547553998e-01
2.101879980880228677e-02
1.569700683862105747e-02
-3.479580280508547813e-02
2.062558572712203941e-01
3.542754320861129375e-02
-5.564223835326340822e-02
-6.272510976275902372e-02
-9.013979653520867719e-02
-3.276361551452847826e-02
4.234171292477059700e-02
-4.957025619043178843e-02
-7.323841995356124290e-02
-3.171816658004433798e-02
1.175512036138062245e-03
-6.959455526712131357e-02
-8.706871204040304846e-02
-1.247775798158200916e-01
-9.741611934268556983e-02
3.369393440683062652e-02
-1.493984628644937918e-01
-1.481781073897707746e-01
-3.428046970952390582e-02
-9.968420031734270825e-02
-5.198928118846717072e-02
-1.919044667806188778e-02
1.086981944360029123e-01
7.647078648424950054e-02
-5.896155294939681851e-02
-3.453761714182532888e-02
-8.270633229771304218e-02
-4.510068971116269060e-02
5.600544070395458568e-02
9.283189932219869378e-02
1.007070071685488115e-02
6.881407467883789153e-02
1.712794364704358918e-01
6.042932917601787773e-02
-2.280004704892261980e-02
3.809877814587897277e-03
-6.528483260144329892e-02
-5.036116476979413809e-02
-6.509923174028203752e-02
5.952752805405372126e-03
-2.870177539408428138e-02
-6.600133432547492830e-03
-2.225783689351377992e-02
-2.505205735585777291e-02
-1.530133935681141262e-02
4.905669720344638845e-04
-3.170001210135586084e-02
-5.504470151101679282e-02
-2.556606341548759223e-02
-2.490927713560876430e-02
6.435619321310180607e-02
3.443533508977435903e-02
-1.240196409882203393e-01
-6.643020395370065334e-02
2.379656831930801811e-02
-4.806362346654487194e-02
-7.398861462948454204e-02
-1.802323919253152190e-02
7.587793693762778791e-02
9.823023351533317904e-02
2.114344631434763450e-02
1.414705032029694130e-02
3.364591704777884773e-02
2.319344731755666744e-02
-2.437874044031870108e-02
4.305623643526443334e-02
-3.369477418838339941e-03
-1.774734929046053317e-02
7.569174922804791650e-02
-1.295019306808042024e-02
-5.535660742600090334e-02
8.142965562154545409e-03
2.709279580087601419e-02
4.734892811017984635e-03
-3.850842245913047718e-02
4.749780271106107503e-03
-7.061185265318691007e-02
-2.354897857929827421e-02
6.333727161701709248e-03
4.824022223374496710e-03
-3.693478641485974101e-02
-5.147710929141669639e-02
4.890271380571544618e-02
3.097243662805515552e-02
-2.992572012228057049e-02
-9.263105246068260856e-02
-1.987756483542576502e-01
-1.804531433989476075e-01
8.193347302794579123e-02
2.082421564680707327e-01
3.132204152467069763e-02
3.464902187312896269e-03
6.999360784417611725e-02
8.392698102794177162e-02
-2.492083161823993413e-03
2.088995472822109331e-02
-1.010063119205715718e-02
3.782497557520377723e-02
1.360159079323325082e-01
3.328558006022014348e-02
-4.269191370187080253e-02
3.527151932341987539e-02
-5.404116659812700785e-02
2.886326723596573107e-02
4.244263817948594475e-02
2.419977458384653737e-02
-4.076294938109915542e-03
-1.122980110650005203e-03
8.988755218169677819e-03
3.931996950991942279e-05
4.159936915801405559e-03
3.953207903766126075e-02
6.125606997353535282e-02
7.128871799190374635e-03
-1.028999552016600927e-01
-5.879879094244493815e-02
6.580993331179270378e-02
1.296016949119687400e-01
-3.885739629272051687e-02
-1.367256448215112274e-02
6.645479129463673085e-02
-6.920663607579409515e-02
-6.288293035571765333e-02
-1.302894531220173853e-02
-3.111926127898094561e-03
-2.206256911148424607e-02
-3.802409163583592849e-02
9.265764553696724526e-02
3.877303884229948289e-02
-8.175170275954439514e-02
2.020391686833111940e-03
-1.518322365208504181e-03
-2.436881627082856244e-02
-1.267933920973328583e-03
9.278796206148718501e-03
2.199572868440789405e-02
-3.805407717832132077e-03
1.368857298349918789e-02
8.057850836102916151e-03
1.048569982095076160e-02
2.047573741876508313e-01
4.654885274012189600e-02
-1.664047800812111788e-01
-1.900222414592559750e-01
-3.589486087075124954e-02
6.132594111093797595e-02
2.826528316763211868e-02
-5.994712467336339029e-02
1.361723150944225275e-02
1.895609625241858123e-02
2.760220876675273903e-03
4.958487283872896247e-04
-1.016993236298197392e-02
1.238789501091219943e-02
4.842074042486965019e-02
2.791690783903886738e-02
2.352999805246579895e-02
-7.577878769144988716e-03
-3.111989234200644369e-02
3.740224132660938811e-02
-8.343524626774935504e-02
-1.110710959191237024e-01
-6.327019001935774156e-02
-5.539168568729715275e-02
-1.027762266535655472e-01
-9.213557553694408375e-02
-6.851262280365932184e-03
6.385250425695182530e-02
2.660504395066223132e-02
-4.084099482413790227e-02
5.394632279468961761e-02
4.015651421670880100e-02
-7.135669445615007433e-02
1.009817738075695880e-02
1.410093575230493383e-02
-2.212164715497634895e-02
3.627513803960639993e-02
6.564811803342258424e-03
-5.433800424006313134e-02
-1.728956497236752363e-02
3.650961630490193871e-02
-7.422695016033306614e-03
4.629539932846811479e-02
1.092547477032198844e-01
-3.957022380312556764e-02
-4.882573405258392590e-02
-2.915037847821048966e-02
-1.609905161263084153e-02
-2.979597601605143628e-02
-2.621817829453168547e-02
4.526743430410686692e-02
9.412991913157222473e-03
2.865155457927865204e-02
-2.763690815767400402e-02
-1.172306380734162295e-01
-1.312432665047528479e-01
-1.907719747417677483e-02
-1.022385588538344131e-01
-1.124008587361340350e-01
3.708969274372549141e-02
1.038768499824016707e-02
4.897168665916103864e-03
-6.870042622539397625e-02
-1.133477689604527328e-01
4.225118067796466981e-02
-1.131019618496326984e-01
-1.191639570569222734e-01
-2.430469756139208917e-02
-1.587862317557576369e-02
2.251553957903821429e-02
7.813286420488348150e-02
6.234265339957090202e-02
5.951417435810203715e-02
-5.215691722556627802e-02
3.355389002266995907e-02
-1.458118487611482182e-02
1.005795997914503068e-03
-4.943603749909888240e-02
-5.380194798732555739e-02
-2.019386200354051242e-03
1.142090166342855373e-01
4.778703958161593934e-02
3.140754054421534495e-03
8.386430017808929605e-02
-2.388902038532366226e-02
-6.244736076927850932e-02
3.000753087737570435e-02
-9.893130220259978291e-02
-1.526244067617062716e-01
-7.026100147366325099e-02
-5.021401197895643265e-02
1.255846482309982233e-03
-4.300082892443081450e-02
4.786886268336406486e-02
1.012415792518776836e-01
-2.770764958870908928e-02
2.267399346366208782e-02
8.176085489144700735e-02
4.532263667866254231e-02
1.219816510374518437e-01
6.607916206751843213e-02
-4.469550062748829655e-03
9.836801964438174339e-02
1.022882121538731953e-01
-9.184883342752578339e-02
-8.923560245102216126e-02
-7.474713367059578062e-02
-3.024952119714902077e-02
-6.017426705080206745e-02
-6.832125594505969457e-02
-1.180762107446233639e-02
-6.719212433016477637e-02
-8.219544588408707331e-02
2.186844416183991724e-02
-1.260033623615832744e-02
-2.193279900770532531e-02
2.167941516499852228e-02
1.344069228296992762e-02
-9.317480682309381423e-02
7.530565399411334737e-02
6.058662054957261733e-02
-5.003118912967235987e-02
4.284962385311053695e-02
5.901512841379791957e-02
-5.917348507632929494e-02
-6.831542673908982954e-02
-2.286082219272361771e-02
-4.765480929665413118e-03
9.478750299993610878e-03
-1.111416596158774396e-02
1.413884124551382897e-02
4.223457876979605508e-02
-1.273719528142243200e-02
-2.033399240743406951e-03
6.474072694187349430e-02
3.766043174208875272e-02
-1.244577082327647834e-02
9.667477743565042192e-02
4.884072932447815901e-02
3.981409883083614903e-02
5.656145701724134972e-02
1.204493773050928189e-02
2.366652185922274443e-02
-9.201352600439048623e-02
1.692790620350796346e-02
1.095504594084703298e-01
-1.072412081346599128e-01
-3.996328942744315632e-02
6.944244912892709454e-02
-1.991905387209383718e-02
-1.188308230852193163e-03
4.419394585884803446e-03
7.425234325262868029e-02
-1.419665007845618068e-02
-4.444667798396866737e-02
5.382275598686889900e-02
-5.971321187501678340e-02
-1.303093659146764560e-01
1.987801379031782154e-02
-8.991209519246146087e-02
-1.984856414740840402e-01
3.875544252209599250e-02
3.518568457327644894e-02
9.664358809402648354e-02
3.817683347773638113e-04
5.364495902541750912e-03
6.375808347898045958e-02
-5.308848201367452613e-02
-3.459005095182065420e-02
7.670884480077627167e-03
-2.486552653860414283e-02
6.222027591305185484e-02
-1.628845430434022398e-02
6.298081487019188685e-02
1.124929002295326497e-01
-5.283820785198278108e-02
1.328510251284985809e-02
-1.869724912336544979e-03
-1.032747006775669163e-01
-1.823735058323449343e-01
-8.822728850462954742e-02
1.069779100317629766e-01
-1.180147987258661629e-01
2.771074947919688336e-01
8.910716090422951541e-02
-6.842865489591024898e-03
4.798244784203137270e-02
-1.190370974838357576e-02
-1.645456086489086034e-02
-3.199484589547584024e-02
-3.231274573381495013e-02
-4.855169164369321083e-02
-1.881891067862008840e-02
-4.527121299691763689e-02
3.138760051952823454e-02
1.343784494016778998e-02
5.891707106723025056e-02
1.287902129032881572e-02
1.013610426535328790e-02
1.015618417079643121e-02
1.783559661970458843e-02
6.470195409086003380e-02
3.419004324152807167e-02
-7.693672342009288435e-03
4.996366266240377663e-02
1.056489065462963839e-01
-5.823426368152649635e-02
-3.535443669482145335e-02
3.527664688011859784e-02
-1.131694119495506475e-02
-1.709590120194730625e-02
5.760032023932577794e-02
7.688665038951879305e-02
6.374848161672447278e-02
6.993228571611241617e-02
-1.178355766445448038e-01
1.317415232575098183e-01
-4.381472686527537047e-02
-6.062470432152577970e-02
2.251861357245220907e-01
-2.559429702956153019e-01
9.860724708065490840e-02
-9.351473628139622685e-02
9.454927151824275497e-03
2.593114156893496641e-02
1.174530478125920124e-02
-3.722946595087497229e-02
2.063814773889500673e-02
1.095867337998059597e-02
-2.706966746181351663e-02
-3.181787211210238692e-02
-2.684590006734815723e-02
-9.617431797768513646e-02
2.683906133713049105e-02
3.038117305170185203e-02
2.754851286013682357e-02
3.833081052880542294e-02
-1.515133433920218820e-01
-1.210421327216605891e-01
-3.614289682681278565e-02
6.103517374275205937e-02
9.655388071735834798e-02
-1.962056560693943921e-02
-4.450942882030968495e-02
1.941799336861433842e-02
-3.665657008068273770e-02
-5.355691627934888038e-02
3.320028197657580449e-02
-1.270603663142662321e-01
-8.956886822136150839e-02
-6.880186480521015280e-02
-3.578392955334984415e-02
-4.110537414053538202e-02
8.672612763036199879e-04
4.300950831190449714e-02
1.424757734669865154e-02
5.048722378935477373e-02
4.524247425917617832e-02
4.528857811899071606e-02
6.653120252151273339e-02
7.589897941068936282e-02
8.238229087983559018e-02
-1.043836740448403910e-01
1.192234327937330002e-01
6.713519058884787061e-02
-2.365146020754965439e-01
-6.807241103444945651e-02
-1.810290786670246121e-01
-6.863963573620315839e-02
2.152665038844949613e-02
6.323167832656531595e-02
-6.744868497121757345e-02
5.112837915011087669e-02
1.721603225358568981e-02
-3.659925978494650567e-02
1.940440650881591553e-02
-5.606022805566518441e-02
8.910571560835510441e-02
-6.047378738918354063e-02
8.711502547137327246e-02
1.744165803968657572e-02
-1.313421254498288969e-02
2.892836811022328133e-02
-6.668240851302985328e-03
-7.057549091627844835e-03
-6.531235431041408634e-02
-7.711364812812133984e-02
-4.289950403859805333e-02
2.227490379136757778e-02
3.412691940492390552e-02
-2.888166995337382303e-02
2.807653337200777255e-01
-2.085412024284967469e-02
4.557787997414927683e-02
-1.605061037520555955e-01
-2.049326761327594296e-02
-3.734626958626519055e-02
4.609730421130454198e-02
6.263987280915660205e-02
8.424002997505726552e-04
4.101906085520007350e-02
4.679187457969954944e-02
8.060016017326752935e-02
8.248994924379365878e-02
6.073319103416410097e-02
-4.522501206499213167e-02
-9.120785531451780503e-02
-1.764576132091743577e-01
-4.768129779643971722e-02
-1.482520008940550098e-03
-4.847371361695297642e-02
-1.053267511744703511e-01
1.990815360004992082e-02
-5.897227813389551571e-03
8.284619450076248504e-02
4.426712119926112105e-02
-4.460024797235250665e-02
3.109877073252165225e-02
2.268875279353066779e-02
-1.072943329410224744e-01
-9.458545746146793110e-02
-9.010739657716425322e-02
-1.134317343787622501e-01
-9.551678862847641505e-02
-1.120636046909842254e-01
-7.282193610251624580e-03
-9.710276251679052228e-02
6.054807742137002400e-04
1.244379706860806040e-01
-5.619313315716547436e-02
6.603844500092542757e-02
1.315084139023197651e-01
6.008149529775978770e-02
6.144469858246812827e-02
1.816191972871633240e-02
-3.462477716197216032e-02
-5.196792277460116072e-03
-5.514785472172163000e-02
-7.805276085731700786e-02
-6.656833950271909273e-02
-8.611464367898105654e-02
1.052961688436638288e-01
9.601018350079069952e-02
9.962038757102943676e-02
8.464360866068249001e-02
6.188050155105357525e-02
4.274296399049197503e-02
9.095971961667424777e-02
1.687260261354349422e-02
2.388710448836539602e-02
1.497695668752268595e-02
-6.314287357229153574e-02
-9.317600840744627577e-02
-1.131284820724013859e-02
-9.510938260076097495e-02
-1.354234386686697378e-01
5.272720909214559382e-02
2.880951428762207681e-02
-2.668491506288397236e-02
1.155240453177838050e-02
7.039370531344237014e-02
-2.478436248681300386e-02
-4.399963371005328680e-03
1.494455778489680031e-01
-8.057239281833971636e-04
-1.005878825661853798e-01
-1.200876841838801994e-02
-2.442377427585635044e-02
-1.082788866438407285e-02
7.251673614843014148e-02
9.736369595411976940e-02
-1.002331815451681409e-02
9.450558020111032853e-02
1.280515169672230835e-01
-1.107332941343899257e-01
-6.519862957337903275e-02
-2.965447340145293403e-02
-3.216579329185927788e-02
-3.231955079584653001e-02
2.179230545900439145e-02
-6.868150172915188367e-02
-5.855949748908517716e-02
8.173759973653127453e-02
-7.092100821907428021e-02
1.231852539407867278e-02
7.771064646034146761e-02
-1.486967013727135724e-02
4.795302279092587133e-02
4.197839808588873893e-03
1.382069077608919505e-01
2.147748973501322767e-01
1.231063287759702612e-01
6.564260634144417073e-02
1.296773682513554793e-01
1.341769678281498623e-02
5.243027380142900595e-02
3.850520490968342702e-02
7.141784801799382076e-02
3.971608871022597881e-02
1.768954206917729491e-02
5.444162501462294912e-02
-1.915957165878200835e-02
-2.607065146409257017e-02
1.461339446194625559e-02
3.017115708378788688e-02
3.805555309910858830e-02
-5.815500305644781542e-02
5.071848503054855739e-02
7.123428715814636089e-03
-1.957278902484188565e-01
2.648083081574940587e-02
-3.404027188215645594e-02
-1.471247797824899450e-01
-6.671363876374548918e-02
-5.122127443894920057e-02
-5.744925927362945495e-02
-1.139421603045115000e-01
-1.100621892466116525e-01
-5.579637005637042707e-02
-4.789978840330438858e-02
-5.866410552988884225e-02
-1.123115564438812407e-02
1.031631706350234247e-02
-4.120629600927609541e-03
-9.982029207923238945e-02
2.894229408487314359e-02
-2.268145839848025730e-02
-1.300212564694843975e-01
3.998468829443310030e-02
-8.615583662589973782e-03
-1.438714337630006279e-01
-9.186760790010975453e-02
-1.540503899089635219e-02
3.947247274511483245e-02
-2.783465536678698948e-02
8.438281744509384952e-02
4.020502730133527353e-02
-3.532147643221013322e-02
-5.679222643696123229e-02
-6.333236823920450342e-02
-1.740772692478676498e-01
-2.606368654940784124e-02
9.572806297471829484e-02
-1.013241487147747005e-01
9.989134764106988307e-02
1.916568877386869707e-01
-2.318389778337491200e-02
1.619128304430815235e-01
2.144010359001752297e-01
-7.004147737046972910e-02
-1.268996393866073935e-01
-1.086139531634495309e-01
-5.081999184728668711e-02
-1.069941739575193118e-01
-1.050543484280275636e-01
-4.946988086391992251e-02
-8.158851184635987353e-02
-8.704100893688081209e-02
