2.249588941052284297e-01
-7.907824387371929775e-02
-2.121287081098409133e-01
1.150709817184182859e-01
-6.625502094974636269e-02
-1.338898204106500345e-01
1.275121826157852023e-01
2.084852809921690087e-01
-3.354729377338130231e-02
-3.160010145920510299e-02
3.840905753077307194e-01
-7.966998060339647303e-02
1.267374835329634561e-02
1.979715022597833829e-01
4.842445825252451874e-02
-1.557849497926323823e-01
1.192284518444754610e-01
1.546162824246925249e-01
1.312501468184317996e-02
7.935669021303366766e-02
-8.876319233829591676e-03
-2.913650462245099063e-02
-3.016292351923857348e-02
4.551155775515527101e-03
6.982832955568724076e-02
-1.539856175347718292e-01
-4.706818775911818936e-02
4.370311516003869828e-02
-1.885736418035088846e-02
-1.254023241538788913e-01
5.807418007971122675e-02
-8.963326541371428868e-02
-2.072167012011569276e-01
-8.286106632490204682e-02
-7.280404786092662187e-03
-9.169741437247470872e-02
-7.705943713521697103e-02
1.996129985224747230e-02
4.514498360855151438e-02
-1.161612188863589273e-01
3.215566178089969418e-02
-3.644950576483602100e-02
-2.802069633991305375e-01
1.585639708950687954e-01
-1.044756451426919891e-01
1.708653938725833987e-01
-1.031961960737190626e-01
3.649655623310873315e-02
3.195603492318700445e-01
-5.750415703784359650e-02
-4.106595324715212741e-02
1.367714989931586266e-02
7.801776235848571425e-03
-1.787968487053355785e-03
-6.195858589981249887e-02
1.849701184412511912e-01
-5.030247513030139395e-02
-3.331902363274936718e-01
1.632773963632180858e-01
8.772590990234258035e-02
-1.155681335398281023e-01
-2.727388206258860373e-02
-4.496377541378254739e-02
1.024242745677363259e-01
-9.959934310432475013e-02
-2.594663265611369882e-02
5.904833768225541818e-02
1.247998558773237565e-02
3.644292049743363959e-02
8.769209405208680530e-02
1.662431387296039315e-02
-1.971778077651081540e-01
1.401161931307602637e-01
1.702464743833455030e-01
-8.022103884031794863e-02
2.112205916050936549e-01
4.080353536261321912e-01
-2.206169982332706336e-01
1.192205514365243246e-01
3.144383885036515225e-01
-3.837102462256856278e-02
1.004827158374381191e-01
-2.363700195368492463e-01
-7.069023249978374605e-03
6.558066469963096112e-02
-2.273060421807665821e-01
2.963155700131203107e-01
1.857899914063407820e-01
-3.265210868697536184e-01
7.394171617054970391e-02
1.404229221653670590e-01
-8.265680347719672749e-02
-1.284232546000202424e-02
-1.359777853691663541e-01
9.371952665696726970e-02
3.178255975484478579e-01
-1.001763368693337763e-01
-2.700793673198143355e-02
2.917714868243596049e-01
-4.900333912466279390e-02
-1.580202009279521314e-01
-9.713561140588528042e-02
1.479203614877088249e-02
-3.291526783255085964e-02
-8.512868426470927841e-02
-1.884340456121687702e-03
1.606426103115119949e-02
-1.116899610076950572e-01
2.242262986492843391e-01
-6.748626413969537052e-02
1.300171379925169346e-01
1.282009145476809553e-01
1.234147211573859843e-01
2.261540555773143904e-02
-1.333195467747287366e-01
-1.675321677605669940e-02
-3.730796447539352911e-02
1.559591891771916483e-01
-4.136748484631017769e-02
-1.202516885793679380e-01
1.664321555116020923e-01
-1.076476876290514278e-02
-1.734015300361441136e-01
-5.182193591472564892e-02
-4.634350036285205671e-02
1.779988022910262424e-01
1.516818356210381247e-01
9.776925090461083268e-02
2.890359084009959667e-01
1.662590734507257140e-01
2.372658932786698149e-01
-4.189151909700264409e-02
-8.799295516868145886e-03
2.117876802097222802e-02
-1.382790230837293299e-01
9.632482486640535357e-02
6.403682360059718970e-02
8.828529513098591630e-02
-1.563427893724562284e-02
-4.215107045337816716e-02
1.480098388683177002e-01
4.274833268629187749e-02
-2.362801595698988955e-01
1.586786511509213427e-03
-4.583676958258725911e-03
-3.312205112742366148e-02
2.245240824118974465e-01
-3.429363626377746055e-02
-4.607092299012353204e-02
9.065658784039445917e-02
1.470551601217092996e-01
2.167735188638361069e-03
-5.719410337789633363e-03
-1.888186923514909576e-01
1.156072142776935485e-01
1.060242312031228623e-01
-9.198706535641157367e-02
-1.236759858093947062e-02
7.765752440914108767e-02
3.786009490143937145e-02
-2.678914727890779335e-01
7.794386501949251977e-02
-1.959452430371459372e-02
-2.043434714092332571e-01
5.939939263684522464e-02
-1.528656249429936431e-04
-1.877899231458879103e-01
6.838271748448900879e-03
9.867192375880627642e-02
-3.748390923688067061e-02
1.747506351799074098e-01
9.035903887323097627e-02
7.790427127124180395e-02
4.069781189663968651e-02
3.331367251647717603e-02
1.000314913651185050e-01
2.155206736468440742e-01
-8.753209283555249409e-02
-4.937163422151716330e-02
7.232532938676219936e-02
-6.367445229965118525e-02
-8.093413716713962480e-02
3.745562509527770589e-01
1.986543038911181835e-01
-9.626676428668932972e-02
7.508880696493175355e-01
2.557635852191563752e-01
8.396191832892037192e-05
4.677452834837410589e-01
8.622129221260545207e-02
2.795410763851171043e-01
1.850006015471557935e-02
-1.371448565782857065e-01
-1.556895942355025486e-01
-1.956137510750621811e-01
1.390465411173978372e-01
-6.017894347185810677e-02
-1.125598878476291587e-01
6.158185309533870805e-02
-2.405350834306411653e-02
-3.574426999731553090e-02
1.146632924344076071e-01
-2.110270743136652694e-01
-7.529273932150810922e-02
7.821783289992133292e-02
6.156883337896595920e-02
-5.914600783551598323e-02
-8.916893817942260492e-02
-3.467451789571596166e-02
-2.332733743393094472e-01
-2.891244239590962661e-01
-1.355425779283237799e-02
4.129096887161626955e-02
-3.371098800924823835e-01
-2.059361009498528877e-02
-1.542996364910047546e-01
-2.497867466678487802e-01
2.571540087128983479e-02
9.144672535822820358e-02
-2.863515757086326774e-01
2.887227354859213113e-01
1.078752958868765127e-01
-8.765785525647620813e-02
2.171296449109458293e-01
-5.978916197936152283e-02
-3.718130081542723314e-02
5.977351887974578087e-02
1.143650205434172257e-01
4.675162057304685370e-02
1.995163348672895076e-01
2.382986061848013926e-01
2.183039607553684779e-03
1.363562621079480452e-01
1.074819250877043393e-02
6.000096651066359754e-02
-9.719027416309804213e-03
-5.395210591372712194e-02
2.942508853903216814e-01
-1.860433938550033472e-01
-1.080662986394338998e-01
1.086734635291796564e-01
-1.528425906053717809e-01
-1.077783238567342622e-01
-9.458689788763004203e-02
-1.145177660455551534e-02
-1.593593945304706272e-01
2.669886685040700341e-02
-1.440575979858917388e-01
-2.135711384353798370e-01
-2.562723960185025462e-01
-2.553346504151943752e-01
-1.333142512942579183e-01
-1.168352229099882261e-01
1.076449676981330039e-01
1.757032746340471407e-02
-1.695924521751570029e-03
-5.403393906843541317e-02
2.533794958378486964e-02
-1.368893019929773996e-02
-1.407606603358746711e-01
-1.811556997863270763e-02
7.638441910002535806e-02
1.735113776908663863e-01
3.390500598191278914e-02
-1.419089549725222575e-02
1.548835746684407988e-01
1.991309881175966010e-02
4.119127828338545877e-02
-3.456883837970346068e-02
9.358126426948458476e-02
-1.499126734847857911e-01
-5.834402914939706974e-02
-1.378933561136859165e-01
9.853439610697414808e-02
7.469048504879383099e-02
-3.940014438988135442e-02
-8.087672851029738263e-02
1.898281835883765811e-01
1.323053169314686306e-01
3.049310420594947835e-01
1.509855066188857120e-01
-3.374747743753637730e-01
2.095351174846827036e-01
1.184454496720526578e-01
-5.639730969586363996e-01
3.235439512310888110e-01
1.410809338161627680e-01
-2.564483479829830492e-01
1.396110734009324561e-02
-5.742155397729136607e-02
-4.269970302709166082e-02
1.299913509257253491e-02
-3.109904827716015660e-02
-3.491951970612023476e-02
1.410484525938159872e-01
2.609144391387158667e-03
-1.728908877113593395e-02
5.500974166391004588e-02
-2.310769553145385763e-02
-6.167884025337115605e-02
1.997555131861870337e-01
5.163630295746007154e-02
-5.594302956567757945e-02
6.209155720276358925e-02
9.306532054739381776e-02
4.469506073594960160e-02
-6.075344026015915694e-02
-2.766659250856977337e-02
-3.885203314557979237e-02
5.515754219319460305e-02
9.026989968973063438e-02
1.086247932263670196e-01
-1.583442561999274037e-02
3.042520312630714666e-02
-2.094575935168765252e-02
-2.138969556445454445e-01
-2.025904140374410189e-01
-1.901124371082138220e-01
6.233204672519762103e-03
-5.956574371116805933e-02
7.245082436528912755e-03
1.080981236397361156e-01
1.351969930314543822e-01
1.318378496423558144e-01
-1.033852668228601307e-01
1.028818564537647452e-02
-5.678336554401045705e-02
-6.358664217726268941e-02
-3.658846294952610573e-02
-7.632448861348266334e-02
7.684297769734325934e-02
1.608559213454591533e-02
6.856707707774886695e-02
3.973855114305476638e-02
6.581674269637284580e-02
-7.266215289655554577e-02
-7.529585814522596170e-03
1.005203716936885899e-01
8.814559827229735689e-02
-1.440273785651313525e-02
-2.400879672123350586e-02
4.521107153332729056e-02
-3.716763903992814644e-02
1.275729316462034975e-02
5.076975485223495996e-05
-6.080465098955045722e-02
-6.785523782650648705e-02
-2.654828663273993763e-02
-5.427229637379180072e-02
-9.289006739961512549e-02
-1.338862923016122808e-01
-4.231244716782812942e-02
4.869351574257298199e-02
-5.764136032480444982e-02
-5.285118919466010728e-02
-1.517235839755555309e-02
-1.054449885171707818e-01
-8.367947118995713862e-02
6.795520864019514128e-03
-7.841204720901194525e-02
-9.411470228277353522e-02
-1.716064125920138128e-01
-8.566712301891851733e-02
-1.769761097120935850e-02
-1.098965937576062146e-01
-1.099750750768326707e-02
-2.346911478220681940e-02
-7.984889717042401025e-02
3.482765523537789589e-03
-3.609108244830428608e-02
-1.031624502606717925e-01
-1.014997330715830537e-01
-3.899645805451072006e-02
-9.891506095019844680e-02
-1.652406613918315226e-01
8.172872398615213529e-02
3.379978254568669765e-02
-5.150451016328170400e-02
1.065694065108608174e-01
7.534996110775429856e-02
1.322635337740693702e-02
2.352073204226983252e-02
1.177997724950858166e-01
1.868664279015685437e-01
-4.317901145337847690e-02
-7.660914098530462180e-02
-1.530129671268911501e-02
-1.606030228619248212e-01
-1.490843571908962162e-01
-6.390928797529378536e-02
8.321866901066598751e-03
2.203767309450694115e-02
-2.905899781326260617e-02
1.495083693556681081e-01
1.867153441146202769e-02
-1.157319336709453431e-02
-5.582036247493576964e-02
-8.307479221025264315e-02
-5.630950044880717736e-02
-2.431824207058791518e-03
-1.055106469286428705e-01
-1.617961263362676649e-01
9.786595562870828435e-02
9.689001908632338678e-03
-2.240999316521155929e-02
7.258528286805113194e-02
-1.867039504689289517e-02
5.158100602176491495e-03
4.616338075577736816e-02
-2.616892407547368252e-03
1.936710299731302098e-02
4.926835887671121572e-02
5.274514334302326385e-02
2.705421708749178311e-02
1.940152326836453167e-01
1.681187300024710174e-01
-1.219934498675575088e-02
6.177013773854980044e-02
3.261020031462467661e-01
2.099357625785942261e-01
8.977240862295297885e-02
6.352627608050522012e-02
9.734174005807240404e-02
2.917816927957189721e-02
9.370029044431198162e-02
1.148964019008489601e-01
-1.941954545396337717e-02
1.798654843249960014e-02
-4.888641218666776173e-02
-2.562030183257051411e-02
-4.829471454706897593e-02
-9.301318619110326980e-02
1.279153561787268745e-01
-1.376671544637523940e-02
-2.503463762087200783e-01
-2.018226896878623222e-01
-2.457921745514504985e-01
6.665359711569386614e-02
1.561464890884139631e-02
2.052152415794598062e-01
1.868982660572270083e-01
5.074121509721728901e-02
-7.653708046851781521e-02
9.099384178066144413e-02
-9.868588459015974201e-02
7.941753800220376081e-02
9.375426140908660333e-02
-2.188900026592928427e-02
9.723320222017903247e-02
1.002999283097269212e-01
4.115400026270029515e-02
8.488191451724254322e-02
2.982474374948648668e-03
-4.289813173014855874e-02
-1.257425800211401934e-01
-1.070109146180182186e-01
-6.349851040057540030e-02
-9.597205544262436827e-02
-5.805042746406304660e-03
-9.749955188375922233e-02
-5.320295146238310235e-02
-3.790124544412042801e-02
7.089397346610951112e-02
1.713699914219672660e-01
9.282921271100980087e-02
-6.767752952803449129e-02
-6.881260611479526890e-02
-4.544571969286578805e-02
-6.465403268227810918e-02
-2.111504887833686450e-01
-6.304780988040360745e-02
-1.180474798772442463e-01
-5.021629824222721000e-02
1.301922098575750142e-01
-8.786687521904474121e-03
1.172416617284585266e-01
1.806812772502479625e-01
1.751385130612142030e-02
-2.706707022980172628e-01
-1.592511847081459209e-01
-2.230643442481974187e-02
1.316627053195852104e-01
1.459666639877166550e-01
1.748971484103238050e-01
1.940060833858990308e-01
1.540398849977753781e-01
1.088409031752353845e-01
1.527950739057478413e-01
6.738951764334036310e-02
-7.644768547532170000e-02
-1.807549553477531268e-01
-2.182127023995583115e-01
-5.986686397464628662e-02
-9.232693111499733207e-02
3.968408148352560449e-02
-1.570849351356656820e-01
-1.529614697880250507e-01
-1.245613230390615472e-01
-6.555737156002281255e-03
1.092747151266536439e-03
-6.865606327067866332e-02
6.612589112959310622e-02
8.593482295364238133e-02
1.304768714896058779e-01
1.708311499649241641e-04
6.715632358132228585e-02
2.101134208175530621e-02
-2.078672594807268528e-02
-1.681171981578650498e-01
-1.922908913277267817e-01
3.860012554170669241e-02
5.289779836693133536e-02
1.132906245486282187e-02
-7.811717313035773658e-02
2.477389184986140275e-02
-7.028397117790657900e-02
1.668248610772368190e-01
1.475934954203183547e-01
5.966852535550064285e-02
1.079724737471683405e-01
2.714889694730928671e-01
1.380631524978152280e-01
9.645025000350512800e-02
1.483480437189206025e-01
1.763977412241288789e-01
9.166027202663186435e-02
-1.031422149319211751e-01
-2.160467365916478588e-01
-1.229807269239525519e-01
-8.475562097627110936e-02
-1.480520772725750847e-02
-1.094998594285840066e-01
-5.658010134542518915e-02
1.785335089895906113e-01
-5.806221650888562097e-02
8.719719083421693939e-03
-1.183089551978102200e-01
-5.699321038304950432e-02
9.369810897756271351e-02
2.884472344664417223e-02
3.287652002305159471e-02
-1.910718021209010728e-02
-1.568082829874610160e-02
5.578164276806377858e-02
2.177991384232526584e-01
1.079102606536543607e-01
1.100196520446644760e-01
1.214607831972233931e-01
-1.612195405310965293e-02
-3.829194165757510149e-02
5.298560427853633847e-02
1.841513792526745796e-01
2.234154434043545689e-01
1.857830987588341698e-01
-4.023313480360471428e-02
-2.227477270641240598e-02
-1.826850029537749887e-01
-2.615612920769398997e-01
-1.135481546263038127e-01
-9.284695257347284902e-02
-3.966270760382941546e-02
-2.005960212209130789e-01
-2.815142893423589476e-01
-1.665080150507683987e-01
-1.016317818951296414e-01
-1.287195358159641534e-01
-2.023822184974165272e-02
-1.110923736556263669e-01
-7.987456372617428302e-02
-6.541804041012150295e-02
3.464623698563425863e-02
8.332874745160233354e-02
5.422081863588573691e-02
6.630452092630884087e-02
5.094928317963020800e-03
5.061481628874414836e-03
-3.555592607390120619e-01
-4.042453564038337582e-02
2.934547292351317171e-01
-5.444834490328329668e-01
-1.562604391949609373e-01
3.239998358954689905e-01
3.312014861361187168e-01
-3.914456094699635957e-01
-4.617430857659780008e-01
5.514554451921458572e-02
1.387498977289082225e-01
-7.632567442832574600e-02
3.619890307524703532e-01
-1.256902267767791015e-01
-6.830935595221973057e-03
-1.697973600348680681e-02
6.488929608556613937e-01
-7.514813401155084893e-02
1.371261557853297175e-01
-1.754067596984717481e-01
-1.192733039245067045e-01
-4.629293533922481524e-02
1.097232495769334126e-01
-9.512811503166028471e-02
-6.680148274523632634e-02
6.974690139398426192e-02
1.741903676942484908e-02
-8.011675777856756830e-02
-1.851748930250128322e-01
-7.074297534257588393e-02
-1.012729691847299718e-01
-4.481474097317606625e-02
1.442096501149741916e-01
-2.779997715307266914e-01
-1.440277646901059472e-01
7.713041554208935335e-02
-3.256936739756460114e-02
1.252095594175526294e-01
-1.392474056279945915e-01
7.215221399490578946e-02
-1.600741601292234306e-01
1.791158300626012612e-01
4.964748860686218207e-02
-8.219827635131862764e-02
4.779964913737608234e-02
2.763376273339088196e-01
3.762007629731307923e-02
1.370075695260680460e-01
3.731821610719092686e-01
2.264656437618668694e-01
3.645533241251744383e-01
1.126804762224008633e-01
-2.868445673584011368e-01
2.022645792108380691e-01
-4.518185841347171355e-02
-8.608697914062074519e-02
-7.380370074372515077e-02
-1.568646557414303533e-01
1.367625115086098242e-01
2.195876280673867142e-01
1.607160118964515994e-01
5.586566524272373879e-01
1.906223171992610099e-01
-2.001969077261040938e-02
-9.674951537443150784e-02
-3.294632335844133175e-01
-3.304235936906383536e-02
2.535661796908840748e-01
1.520284324127081366e-01
-1.795302048043783405e-01
-7.147403577191061008e-02
1.731331665730153346e-01
-1.495761308451004079e-01
3.861763368165936627e-02
2.294802839276685255e-02
-1.991650085508912538e-01
-6.164614352703754602e-02
-4.497477230099647394e-02
1.310080085387647086e-01
-1.486057461559598877e-02
-2.207706301098283364e-01
1.468033843713416886e-01
-1.738294573946873867e-01
-1.116397928798353034e-01
-8.482656504122060293e-02
2.606308905848636615e-01
-2.454788980530158149e-01
-2.045040735656197817e-01
1.093303732620274915e-01
-1.102230294616679401e-01
1.919828125828945131e-01
2.072852624595863946e-02
9.159427235172531989e-02
-2.649761042731722527e-01
-1.398351600879237377e-01
-6.486329545649416328e-02
-5.656965803245647684e-02
-1.873269507399205613e-01
-3.181421252878802730e-01
-2.959652417330782548e-02
-6.681002768958765881e-02
1.320120489930217411e-01
-6.597520396696639200e-02
-2.356682235355921778e-02
-2.135705493745846117e-01
-7.883076833543124773e-02
5.651769474621750472e-02
5.837215904739296440e-02
2.473755061058016680e-01
4.733901955240912285e-01
2.582614690285319967e-02
-9.111196587193379215e-02
-7.628973022306889673e-02
3.260457241640443704e-01
2.513233184938605813e-01
2.022201394247063674e-02
3.385887177337216225e-01
-1.819022590794554806e-01
-2.129067878181812867e-01
2.200622515650700606e-01
2.665571531382482373e-01
-3.573488133343493689e-01
-1.793883670819654552e-01
1.848815094298130457e-01
-1.922832083232144662e-01
-2.458769448756502607e-01
8.854405757387534548e-02
-1.464422588976523401e-02
3.988880269028084041e-02
-5.533620398559423170e-02
1.930860989394752592e-01
5.985624032444423342e-02
1.293656856763479024e-01
9.592783499385498791e-02
-1.890255859374270486e-01
1.872701067981610845e-01
1.089996949274836258e-01
-7.411535768533289437e-02
5.375950923228958733e-02
6.589533259629512529e-02
-8.818640779522210482e-02
-9.206055975053474560e-02
3.120841128815065452e-02
1.280921586124269818e-01
-4.489999292330197102e-03
6.216956862313932630e-02
6.526771366572491073e-02
7.230999272238416986e-02
1.140355656635729242e-01
9.062678440486536535e-02
4.062785175416993438e-02
3.818782142169948463e-02
-3.100728911207057195e-02
-5.152979977393323807e-02
7.624274111991484991e-03
-3.735861247337094598e-02
-3.187585868723784299e-02
-7.548801090697736249e-02
-9.711006735160919445e-02
2.311064266075728291e-02
-3.882294413944607780e-02
-1.024697087268023749e-01
-4.580567729071658573e-02
1.772813097154028045e-02
2.548727046373161498e-02
-6.642943128844630563e-02
-2.112626817886094355e-02
3.507496083187001956e-02
-9.476649028416808370e-04
2.330707148918570101e-02
4.429059880183906089e-02
-5.315162145985981301e-02
-4.475901407541026111e-02
-3.377672068577764527e-04
-7.599206634714189557e-02
1.001435548394858315e-04
7.267860278223894910e-02
-3.499788687121198338e-02
7.894262135177189952e-04
5.841613934050538144e-03
-2.359772571009345968e-02
-5.453404969383233991e-02
-9.062339479383348106e-02
4.172421130256911276e-02
-3.591852376893235610e-02
-6.584072596211233697e-02
3.131479694256538576e-02
-3.873172362266098095e-02
-5.776788926762404380e-02
6.194242991876208748e-02
2.102386831929822786e-01
5.166777142844793808e-02
1.056535964429772823e-01
4.584155154326833431e-02
3.385340817283597620e-02
-2.582837252636614039e-02
7.998006830159565261e-02
8.249221623014862947e-02
-6.978837995687293960e-02
-8.018216444378523100e-02
2.295745773662668035e-02
-2.326809096231909416e-02
-3.472395067545000491e-02
5.282949252769347098e-02
-4.679568359219056506e-02
2.069488831690266539e-03
5.423902606150724642e-02
1.095717782043812219e-02
1.711347397195727218e-02
-6.528763125191651417e-02
6.586563525754146609e-02
4.379851766963775012e-02
-6.335534726940085515e-02
8.036301902350835580e-02
4.186455278770269406e-02
-2.612082353083113734e-02
-1.762793580770000493e-02
-2.875922722756299801e-02
-1.313802226963181261e-02
-8.015257342918727379e-02
-9.090762961292547795e-02
1.963244284086363908e-02
-1.110874268432169298e-01
-6.729982893588802584e-02
1.158442099623215038e-01
3.609216977586103547e-02
1.329996339921775926e-02
-2.827333083179832396e-02
1.605527796725291292e-02
5.490668093327023130e-02
-4.669313192440727178e-02
-5.726610225945778093e-02
-8.230174906119150022e-03
-9.059792925454270007e-02
-1.875043476165152295e-02
-3.033208554756855815e-02
8.403503390510139170e-02
-3.697029052166924540e-02
-2.362493994102428038e-02
8.320445172973943426e-02
-1.033706789274895788e-01
-9.121373756303516322e-02
-8.378008300764207966e-03
-2.132426318141229793e-02
1.305004650870628981e-02
7.410397188348884223e-02
-2.805498020101433038e-02
-2.451182906012230531e-02
8.431568790433409009e-05
-5.501903060490806463e-02
-1.018310133010861124e-01
-7.680542234541364033e-02
-1.124554159136143330e-02
7.522808278579773411e-02
-6.835636779742125524e-02
1.194705491109841061e-01
2.104561977197117253e-02
-9.363434281689984873e-02
3.035477797944078140e-02
3.756552939569474808e-02
-2.608769805002900122e-02
1.052222988587568631e-01
1.080174648229545176e-01
2.735463035802128753e-02
1.752893019453468162e-02
-2.618894022705467450e-02
-5.416164442846323895e-02
2.714655633258112460e-02
-6.194641053889695520e-02
-7.978011022174924527e-02
1.160834469706894523e-01
5.424597910977776993e-02
-5.103173554369515481e-03
5.540607493399005851e-02
5.716749702598869498e-02
3.005256721288672439e-02
-5.181062180516579629e-02
-5.551019972894455888e-03
-1.151257514845285823e-02
-7.131527804838966311e-02
-6.123600021447716396e-02
4.554418125715194166e-02
-4.580721507322575020e-02
-5.810348103950417620e-03
6.573157469267894293e-02
-1.205229682914170514e-01
-7.536724225272532773e-02
-1.705188560863906549e-02
-1.307458810449615150e-01
-2.084543988777752821e-01
6.613610204096700973e-02
-6.995644588660059060e-02
-8.998752613612197304e-02
2.237514370645959927e-01
-1.266349715137748966e-01
1.104082012302696064e-01
1.997617251820997253e-01
1.353067165607721965e-02
-1.504977642153068340e-01
-3.076734800143564041e-01
-7.645772450897508898e-02
-2.160287771200168627e-01
-2.811125357824872939e-01
-7.220069236299324344e-02
-5.659360418130720584e-03
-3.571235837849692091e-02
1.162022627928560176e-01
-1.066692758793767997e-03
1.260995840259556133e-01
2.567784774103631582e-02
-1.479952778526726076e-01
2.508709124672471938e-02
-1.035445292976993753e-01
-5.463720483550288387e-02
2.698543956772002719e-02
6.872707217264757695e-02
3.627614169242796699e-02
2.077324232957387246e-02
-1.044705848941797008e-02
-1.798175679016932593e-01
7.503705518206496561e-02
-7.182955423445451515e-02
-5.816826177826319583e-02
-3.889037653471783679e-02
-1.280972891940858338e-01
-3.619948323785846522e-01
-2.698792634332402574e-01
-2.654861653848231695e-01
-3.110683968396152355e-01
-3.536726517112566692e-01
-3.818945747962750326e-01
-2.800334258840254109e-01
-4.203642169863446854e-01
-1.036500060333730433e-01
1.111447343829907314e-01
3.507925020031062990e-01
5.643587661369333514e-02
1.392097439825833172e-01
2.976129769771598266e-01
-2.184318609647061676e-02
1.637341582907490267e-01
2.438653299103331340e-01
-4.892340172908349327e-03
-2.260845532283793993e-02
-6.924841131931371019e-02
4.395943339879504475e-02
1.493488236483690203e-02
6.605358173793518528e-02
-5.145348125334386902e-02
-9.032072894811211949e-02
1.222928877601175135e-01
-1.257500995702037425e-02
-1.330807212818221064e-01
-4.469729328854640804e-02
-1.279930843904703852e-01
-1.634619945163115207e-01
-2.413456484877374020e-01
-9.215692386379099876e-02
-1.893416558578457920e-01
-3.049836976599500440e-02
-1.197735146154892127e-01
8.809372891134224781e-02
-1.782272760447072002e-01
-8.464839151185361149e-03
9.027078791738722338e-03
-2.267135430412747787e-01
1.410843023786544359e-01
1.696972589388137664e-01
-9.401690185377256648e-02
-3.650669250834236990e-01
-5.295956641263921405e-01
-4.142935615807515903e-01
-4.539845554069994460e-01
-4.331388563373751999e-01
-6.274930662749478305e-01
-3.496861723018899193e-01
-4.425618291202081389e-01
-4.772553516517284988e-01
-1.110214574491231489e-02
-1.303346496541021304e-01
-3.081577504480935426e-02
2.111474923659059644e-02
3.441425237904828516e-02
-3.387551151200542815e-02
1.324051929135461325e-01
1.862912796231572937e-02
-1.647978771262439968e-02
-1.186398166813858457e-01
-3.439215227409375686e-02
-2.237419717892253843e-02
4.118775757322399450e-02
1.130958827274163858e-01
7.533564522893337889e-02
1.214949616210662803e-01
-2.088769452118098904e-02
-7.253061258551532497e-02
-1.947874660765500920e-01
-6.446473992916632034e-02
-2.317667098887859489e-01
-4.993923243676266777e-02
-6.218644814746605159e-02
-2.845578845996784567e-01
8.762997608899347757e-02
-1.066029778480537121e-01
-1.474566020665339650e-01
7.488743875030546247e-03
7.670250977459334984e-02
1.611625834103012911e-01
6.745806761332505397e-02
-1.633268317541438502e-02
1.380848947679156613e-01
-7.842274079485442306e-02
5.745154975707805756e-02
-1.746987492648203674e-02
-1.467124418885443760e-01
9.630731581021461860e-03
1.653291428234616445e-01
-2.018969839793006427e-01
-2.102653949240417264e-01
-1.108377580336377816e-01
-1.874340089599363657e-01
-1.438099934074160424e-01
-1.539989798508191454e-01
1.805264930497749998e-01
3.922587430491002169e-02
5.850540598115554908e-02
3.039814060638926230e-01
1.259708654150776264e-01
2.208277174037144297e-01
2.056823976476830351e-01
1.278969473354398256e-01
2.034817725036828229e-01
-4.978402514973019610e-02
-7.503923707940497734e-02
-7.383292602605275035e-02
-6.770427560833289400e-03
-4.066069156529361628e-02
-3.228380549238702574e-02
7.426595821433594480e-02
2.089697871817681313e-04
-5.582452997284294977e-02
1.423911547696980360e-03
6.146820806835527964e-03
2.967769724807003268e-02
-8.782609768996110094e-03
-2.617848805272086909e-02
-9.001098869953591541e-02
-2.055447076330458797e-02
5.552256661862303017e-02
-2.916648294117241830e-02
5.357373098001829564e-02
6.224904804194347080e-02
6.783809889202210841e-02
4.164132950262205979e-02
1.118131661423755752e-01
1.227247948823291246e-01
5.254095025310036998e-02
6.912950287869636112e-02
1.132684582785048466e-01
-3.905570102416183048e-02
-7.964261823155793785e-02
-1.283822997377798147e-02
-6.820775629286980613e-02
-4.385058793198437499e-02
1.294050823576736384e-02
2.777171045633553687e-02
7.146058173279583314e-02
1.187604716960104362e-01
8.102170285917717138e-03
1.302769570517280789e-02
6.548177786393497013e-02
-3.833902978646942100e-02
-8.714016598183112194e-02
-9.891895574767828325e-03
-7.990158138847415492e-02
-8.381696579692191063e-02
-3.077786867943339486e-02
-1.263276149930606150e-03
5.164484666338400864e-02
-4.098968636345613065e-02
-7.433839478831734925e-03
2.023800534403428011e-02
2.607289354881862226e-02
-5.200821596677363684e-02
1.404475843304947048e-02
7.877674304303335096e-02
5.897583582689309989e-02
2.279370619822344846e-02
3.449389250124101219e-02
5.061945388982833083e-02
-2.898468285270631647e-02
-5.261373313739562720e-03
5.567636046374457165e-02
-3.278590927276867073e-02
-4.920873317372301964e-02
-2.578160232410401168e-02
7.850053170854094653e-02
1.430510298332874075e-01
-2.129119144422302523e-04
6.408578174932245963e-02
1.086949752501147337e-01
1.814584405151737148e-02
1.266573216513127310e-03
3.252857185038137561e-02
-3.181658029113378777e-03
-3.443094739512083790e-03
2.452392511410688564e-02
-7.092762298608047689e-02
-2.775778685777236660e-02
3.588595093932190477e-02
2.583191864744559599e-02
1.955902292953566254e-02
1.187048247590970634e-01
7.954615156968736223e-02
1.345546846589318335e-01
1.378428946758337159e-01
6.093438354585528106e-03
8.317460505679809268e-03
6.992586268486844503e-02
-4.860597622456552802e-03
-4.000491130050790739e-02
1.108829060946667396e-02
-5.426779456736991608e-04
2.749818174414472155e-02
1.211519945261855906e-02
2.326875865388521730e-02
5.831962523947665372e-02
3.492680348091437015e-02
-1.853873438521697753e-02
-9.891912248968123822e-02
-9.269506678707123415e-02
-3.871717563789893891e-03
-7.632347436652860834e-03
4.951927091478783988e-02
-2.024650533829323515e-02
-7.635735185232380914e-03
4.632457366104241608e-02
-6.946482745981767681e-02
-5.002173254916045947e-02
-2.671603861767178276e-02
-2.377964140072308732e-02
2.012919784999793200e-03
7.420592468011373566e-02
-6.519509064244843888e-02
-6.432966116812410817e-02
-2.148335198291196138e-02
5.377496933813800950e-02
-5.295218733764955193e-02
-3.660183207644640557e-02
6.318421415243193062e-02
1.053866728218552607e-03
2.583180128672812187e-02
-5.273164538610938812e-02
-9.091910412661989571e-02
-1.121497348753651702e-01
-7.081282496492982692e-02
-6.515399515187093871e-02
-4.938953281017131880e-02
2.598997595731993709e-02
4.126232492987726153e-02
-3.755946987841168871e-02
-8.977254122213864079e-04
1.898766606479851404e-02
7.489239509317638377e-02
-5.054873604110829421e-02
3.943257899505339670e-02
-3.936702758316375922e-02
2.061435871893189595e-02
6.644031350745469022e-02
4.036278132437658844e-02
3.758634099350527391e-02
1.001615428064068503e-01
3.458286859928597773e-02
2.113085874732357691e-02
6.771523568845100316e-02
4.487933093716889223e-05
3.425417059724236019e-02
4.170521980083501112e-02
-4.257707506438025528e-03
2.793109937931588863e-02
7.743030932019806523e-03
-1.636440433914872900e-02
-1.528613697305802139e-03
-3.552283362724981131e-02
4.174424840568039148e-03
2.598620038973049884e-02
7.064238317324548176e-03
-1.738437125114711268e-02
3.790906141523463224e-02
6.140017481122956797e-03
-4.918707054645547055e-02
-1.606124252270722808e-02
1.900215868165501878e-02
-3.456314402538723102e-02
6.364123898160421733e-02
1.479159288080670286e-02
-3.054847358006211946e-02
6.191991224021494572e-02
1.900684883391249441e-02
-3.022380153580354889e-03
3.565640807386559474e-02
1.472290871111626293e-02
-1.553501470393281285e-02
3.141620850171610718e-02
3.349921499504589922e-02
6.035831855455690598e-05
1.264297828569977029e-02
3.265984573285812126e-02
3.232604128564631890e-02
3.352459993335332039e-02
4.486057081067189312e-02
7.509449544761123002e-03
3.828126790290505010e-02
7.150968449418254082e-03
-4.969958023741696818e-02
7.110690802088812101e-02
-6.196742216588993143e-03
-5.775438960829282903e-02
2.495795510927997438e-02
-6.117674785332601062e-03
-6.282953389918874421e-02
2.366377229341230792e-02
1.410017998807186479e-02
2.445555716865016604e-02
1.338801192300923502e-02
-2.185837196212281341e-02
-1.279972835011136158e-02
3.186201814354526485e-02
1.797046048659480325e-02
3.106417057681717594e-02
-2.457455173440514003e-03
-3.525293239103811233e-02
-4.253303848476236437e-02
-4.415560097154247118e-04
-3.974603014887748836e-02
-3.333625831094799014e-02
4.294870039088033269e-03
-4.750499034535047606e-03
-3.020231491765902956e-02
3.408995170372762507e-02
3.880275108556226898e-02
7.603486870507476791e-02
-2.287141533764740567e-02
-3.970044758974007604e-03
6.992588409536736049e-02
-5.815550432386582674e-02
-4.700690798044256796e-02
3.959581996376083241e-02
1.098612365761251174e-02
1.208437615748031956e-02
3.256557957490094357e-02
9.085809264467351043e-03
-1.641958150598266282e-03
6.773788039387656536e-03
-2.099584569745795853e-02
-3.150743264417230072e-02
-2.773301740488929093e-02
-5.496046863270610816e-02
-4.929618809650771968e-03
4.336227828936405071e-02
-7.407445316627357668e-02
-4.113840604689157632e-02
3.417886028214576349e-02
-6.886995057143979748e-02
-7.993708446393985034e-02
5.237655569440631542e-02
-1.233301461340451316e-03
-9.313301172338105116e-03
-3.033266755203676071e-02
-1.927205810173806405e-02
-1.350156672940343132e-02
-7.352520137644623366e-02
-5.162011086671086657e-02
-6.495678355677120264e-02
-6.397978806493320736e-02
-1.049077411230168143e-02
6.822512047070038816e-04
6.510460734883216811e-03
-1.328699657692936770e-02
3.658244753590139241e-03
2.876271740439430985e-02
-2.178842921527286355e-02
3.950315018289343033e-02
5.253900840280182824e-03
-4.148614928154815279e-02
-1.028838927505377684e-02
-4.316797749480195609e-03
-3.622358959386212662e-02
-5.060222705428240458e-02
-2.407252519208574401e-02
2.444563792795615212e-02
-1.300680152348808807e-02
-1.301961885148698525e-02
-1.387061451530663750e-02
-4.058102708132281522e-02
3.243392205208294691e-03
-2.881364392210583950e-02
-1.794141423291427048e-02
1.930675523973578514e-02
3.297389978092178653e-02
5.204851064519897680e-02
1.999823714535960140e-02
1.878208475128500740e-02
1.789346435007206290e-02
2.016177635272434557e-02
5.662064405204324247e-02
-3.431711761650439729e-02
-3.463535784112312804e-02
-2.893175584933336143e-03
5.905468324306015725e-03
-9.334850446921302489e-03
-3.826651367369313800e-02
-8.450320421476763960e-03
4.851152516979946767e-03
-1.056232095478819299e-02
6.643444939685375604e-03
1.020896088822674779e-03
7.764937983948491662e-03
-7.918019922504499972e-03
-1.696663260190951761e-02
6.245241836108439415e-02
1.394103344721633886e-01
1.345207383458643935e-01
-2.668438975538886537e-01
-3.772165113972523742e-01
-3.571487508979360737e-01
8.649544301016752479e-02
2.523910048529036110e-01
1.844700959631122850e-01
3.972545150412173237e-02
-9.847573304080312062e-02
-9.325492538343684024e-02
-1.316834557208462070e-02
1.250814577608009848e-01
-7.924276303804614341e-02
-4.119305611897122743e-02
-1.213489246623579848e-01
5.246247517864384424e-02
-3.255353397093464773e-02
3.089232881141394660e-02
-8.143372198756697322e-02
-2.398733550734702957e-01
-1.685364161490548740e-01
-2.316487127593894468e-01
-1.096064414241798568e-01
5.116478873065614247e-02
4.232842392795962971e-02
1.609353816103350210e-01
1.087124863248225271e-01
5.679310912648378312e-02
-1.169281161427318250e-01
1.034101619717067988e-01
9.972268216707148164e-03
-1.026051375175489472e-01
-7.655050718628403361e-02
4.721528966296181101e-02
-2.459853433410564422e-02
1.745785369004486942e-01
-1.720539814616484607e-03
1.262611025578615686e-03
-1.504815658930379330e-01
6.624349685514700770e-02
8.076593001334005095e-02
5.310840381098588109e-02
-4.471634496379200269e-02
8.624043346635305862e-02
1.563713745404274325e-01
-1.894922520356491780e-01
-1.158238878401384037e-01
-6.165097685647485254e-02
2.785140695205414949e-02
1.462233865347052630e-01
1.150628326078735747e-01
-4.670309691927354567e-02
1.378831711300655960e-01
3.848804772293210053e-01
2.202915160293079100e-01
-2.245441647834660048e-01
-3.334943292820442551e-01
-1.028155430143068150e-01
3.339076546671190804e-01
2.519407750874810281e-01
-2.510710278652002192e-02
-7.924776998036368522e-03
1.464313262272098643e-03
1.013029834070859753e-01
-2.406969833041290585e-02
4.007083038518507306e-02
-6.125534113641366296e-02
4.690743069460452663e-02
1.934571715669765046e-01
3.809321586975675938e-02
-2.879292616601800484e-02
1.011315071165231755e-01
5.429228567556362850e-02
-5.441772749536554626e-02
-1.742547025706309149e-02
-2.491250085338530748e-02
-7.446180377946240436e-02
5.018040457822415396e-02
6.941809488733478861e-02
1.393698012070166969e-01
-7.140767002331939450e-02
8.795638609497218041e-02
1.802967406385736632e-02
1.225854694543610304e-02
-9.933924225604980063e-02
-5.152318198692501516e-02
-1.586320962737691742e-02
-5.099177544660760814e-02
9.275650954011441240e-02
2.940121821011741354e-01
1.821053492612174640e-01
-8.310574306119855592e-02
-2.041644763712925359e-01
-1.525977753279305626e-01
1.853952502846904077e-02
1.350122087792931524e-01
1.460796183873161458e-01
-2.012339911227672886e-03
1.219909340991171820e-01
3.500554570584144543e-01
-1.035541781694492430e-01
-2.018267395967620614e-01
-2.348158564191066833e-01
-1.129208167491828896e-01
-6.519269033031913074e-02
7.790025940343897615e-02
9.712776311137220897e-02
-2.814005579860233766e-02
4.811153417521001757e-02
-7.383897230983689497e-02
-1.235003939956261926e-01
-9.665659605871727844e-02
-1.502367953165865688e-01
-1.112036743975727271e-01
-1.125261640434849636e-01
2.331057972831420549e-02
-1.702675871262042395e-01
-8.897347982066534933e-02
2.154159852767486283e-01
1.994572156288028364e-01
4.146798318745433670e-02
6.102945454149200089e-02
-6.382045280798591402e-02
3.505795782679835271e-02
7.878230808583570888e-02
8.388315124268394540e-02
-5.388098970986122949e-02
8.706802131561523772e-02
-1.125773221320999634e-01
-3.239688833538686419e-01
-1.091070793146946619e-02
2.772139089999554606e-01
1.252517948571484352e-01
1.000227771593690529e-01
1.658749552893080959e-02
1.269395202742618078e-02
4.504849633008693038e-02
-3.667197829688265132e-02
-5.170432672903822746e-02
-1.120537153973377581e-01
-1.328313225115282104e-01
-1.470865098938467230e-01
-4.230140651142844793e-02
-6.365810690241259506e-02
-1.588055589353765118e-02
1.235632287927854872e-01
6.436789174927385997e-03
-2.534203963302876228e-01
-3.122828580965382808e-02
1.561758032388685380e-01
4.895211528792207945e-02
1.294952567544400968e-01
3.445743307607870287e-01
-1.432803796532260976e-01
-1.199178770286216528e-01
5.462490633644415117e-02
3.395021070545650166e-01
1.025504177722053045e-01
-9.556954722131491553e-02
1.061507258619705241e-01
-1.827080651901401287e-01
4.977553447443393980e-02
3.532789892951321287e-02
-3.632201723953738803e-02
1.432583151922724174e-02
1.136299078324903705e-01
-2.825206997280946264e-02
-1.274993614480163934e-02
8.170501040042958685e-03
-5.652251700773702064e-02
1.281391756150914059e-02
4.208988340367342956e-02
-1.283545682836005272e-02
-7.664659866824630186e-02
7.387704355651790455e-02
3.035341021834752143e-02
6.002224490676613677e-02
-3.111309639076804620e-02
-1.246002111428238940e-01
-1.206794794497954709e-01
1.357452794937775431e-01
4.689667669153309293e-02
1.210764268304333618e-01
4.930060128959475041e-02
5.186724695000118068e-02
1.114131944289885323e-01
-1.621339410755115451e-01
-1.506262206765459633e-01
-5.802357064536026870e-02
1.116276565734116988e-01
3.356090466243980691e-02
8.659370715660838491e-02
7.839108686971506257e-02
5.901003657764698762e-02
1.784858279216640364e-01
2.709670366738338165e-01
-3.383618365309844223e-02
-1.640810784969900724e-02
3.839196885734851017e-02
1.855233421548382888e-01
7.482497159721042401e-02
-1.416508348337661705e-01
-1.024221079637073831e-02
4.279284072719884320e-03
1.332773403586595684e-02
-6.755067841314453536e-02
-6.355378568941900952e-02
1.303520170920999532e-01
-2.562446946471412523e-02
-3.205896466119568383e-02
2.504182417402571192e-01
-7.471002821520160431e-02
-2.919802025552942909e-02
2.598548757551745469e-02
6.783470117589231532e-03
-2.036758719653084249e-01
-5.356590289733745291e-02
-3.722582897559829906e-02
1.373633583639070378e-02
-1.130868445129638022e-01
-4.608396484064772314e-02
1.050010475821648442e-01
1.796180549319591853e-03
-1.310302666354037637e-01
-6.937314926449567043e-02
3.697634363945480340e-02
1.772723377697936475e-02
-5.608032092196970492e-02
1.156704367518510829e-01
-6.417968142419122612e-02
-1.116655320580294264e-01
-1.772747744811712864e-02
-5.478942851490108124e-02
4.022471411405221207e-03
1.213417287102990655e-01
1.048851973334620630e-01
9.572475548453511507e-02
1.659860190169092911e-03
-5.928564913753304327e-02
-1.882485869713205334e-02
1.661964199757030025e-01
-4.317563941025164866e-03
-1.593608531265754136e-01
-1.232264500458418455e-01
1.951253019109614405e-05
-5.484089122833340352e-02
-7.527843648737472804e-02
-9.754637466977364793e-03
-5.921665235371813968e-02
1.054520836467488440e-02
1.172563415688387123e-01
1.599176061902819745e-02
8.970823909019373654e-02
4.074731852096327017e-02
5.888888391881367743e-03
-9.971191713434469917e-02
7.231648842365527574e-02
1.039578039090395256e-01
-1.503281138797512607e-02
1.706745355962250577e-01
8.525709289657001921e-02
2.002257331142639346e-02
-8.786090826273237897e-02
-3.105357281529610644e-02
-1.464423320405279505e-01
-6.022985902478035503e-02
-1.800403630368383190e-01
-8.168413275197539472e-03
8.738513050899822387e-02
1.556072293649512772e-01
-1.376712750925910590e-02
1.772210012291187409e-01
4.453863639386636541e-01
8.651051672616356936e-02
-3.624772198849060545e-02
6.524531287596109508e-02
-1.187412845224989841e-02
-7.366349616458604810e-02
-5.149767117192590241e-03
3.999148850344137057e-02
3.651177002657947021e-03
-4.278889625137002883e-02
-1.156857351986881471e-01
-5.202832224644137176e-04
-1.331457185152793987e-01
-1.043358963482405866e-01
-4.295750074764494164e-02
-1.729692208579624302e-01
7.460464021915326482e-02
-1.523524758624835995e-01
-1.773259753113873016e-01
1.792501291913943529e-01
-1.630471132925088648e-02
-1.059187334437022288e-01
2.052330553639397925e-01
-5.613575224707909039e-02
3.838887755089039761e-02
-5.501081502570825954e-02
7.771836495002196199e-02
1.383270713787023987e-01
-2.030241675065646845e-01
1.543622614041338138e-02
7.211360734979001264e-02
-9.688076060134763468e-02
-3.330127601063147952e-02
-1.521710742377934411e-01
-1.010413054183494086e-01
-3.504765107699935045e-02
-8.307667915329537689e-02
5.455004880731195716e-03
-9.841339677762901694e-02
-6.787386542913481646e-02
3.840504487822785779e-02
-1.165111872384618358e-01
-8.469413418662666282e-02
1.700138755403126645e-01
-1.235727969944210025e-01
-1.033445621516247553e-01
1.424477731063071295e-01
-1.627597772961538458e-01
-2.270416468890932571e-01
3.867345488497499206e-02
3.520171235703666024e-02
5.256990713682246907e-02
-2.901386579832827741e-04
-7.642824651596671903e-02
1.625641733470935824e-01
8.134337335821364978e-02
2.111541888848055687e-03
2.159692641809232982e-01
9.413351066437627979e-02
3.447244388640405277e-02
-9.567312790965869229e-02
4.703435279875703423e-02
-1.118056839191478302e-01
-9.643756801887838626e-02
1.095261586433217554e-01
-1.494989747863186003e-01
-1.097563372460109016e-01
-4.115063787735603190e-02
-1.157048920438926570e-01
1.056594583511041574e-01
1.052970423587302196e-01
-1.181047193614418039e-01
1.966426506731067114e-01
1.791809015624948320e-01
-4.184004063233952991e-02
9.694178534363485922e-02
2.351201761390879497e-01
-8.185979580547568524e-02
3.495127890755133498e-02
1.599902283175367312e-01
-6.084817919952351106e-02
1.096257663668143700e-01
3.606075282611996835e-01
-9.879008471361014343e-03
4.668932072988902365e-02
2.552623529024137805e-01
9.892123778367697962e-02
-1.758443561120588416e-01
-1.732508480768745751e-01
2.338189664903209120e-01
-2.881460161787704477e-01
-2.483328108392489630e-01
3.636073254617430695e-01
-1.101722686757094921e-01
-1.132575757042310616e-01
-2.693411118290338618e-03
-8.859439530233276239e-02
9.713528331077259104e-02
7.528744394069936119e-02
7.499788883116152716e-02
8.424410673555431106e-02
-4.608284928038933193e-02
1.211233920776461637e-01
1.561836050757412220e-01
-1.667395696878514605e-02
4.328518196214465458e-02
1.308269126433891094e-01
1.736650303232408210e-01
1.420158205496689918e-01
-1.074277130032142147e-01
1.434519000655239962e-01
1.411712347746902907e-01
-5.907914568219829743e-02
-3.993924748734416913e-02
1.294136247252823946e-01
1.000129509646188394e-02
1.498944816723305484e-01
1.228771963868539457e-01
-1.425690063053264844e-01
1.446491943005023817e-01
1.383515425405459354e-01
-1.672162700091409382e-01
2.886011171317471105e-02
-8.244890508748102184e-03
-1.066677146013220306e-01
-4.016646205101342959e-02
9.585456782492927930e-02
-5.240462236552285297e-02
-1.034083681824344708e-01
-5.587208853182181606e-02
-1.235752162629105144e-01
-6.165519669367768713e-02
-8.102673636544069358e-02
6.625698475450968183e-02
-2.024628798121886897e-01
-1.653808632516376165e-01
9.121856190905858197e-02
-6.802569628286327108e-02
-1.365284496856061791e-01
5.793737539953515252e-03
-1.851159937404008027e-02
-1.923398859380592504e-02
1.050596494625957167e-01
4.140717606369528209e-02
1.462784759017374085e-02
8.152316938924801526e-02
1.150177066616110827e-01
-1.485155247405228474e-01
-2.153365036372510699e-02
-2.005750845787614492e-02
-1.491039552349664003e-02
5.487703556992151212e-03
-8.810862707540995098e-02
1.650534004674943378e-01
1.161544147554959827e-01
-1.121475839925864387e-01
1.121460610717747025e-01
1.764451701283030471e-01
1.368063500029498003e-01
1.709169349487689726e-01
1.028971570139210062e-01
-6.536751820814713787e-02
-1.927062196647251827e-02
5.832651852152794664e-02
-1.412523950293224362e-01
-2.926728729244378324e-01
-2.266874365675429215e-01
-7.528033766715178099e-02
9.355199365253488719e-02
1.684245981546268756e-01
-2.078697965028567657e-02
-4.668191026657985548e-02
1.745648028218541037e-01
3.585834650363933090e-02
1.072117480459979233e-01
5.172708425494876999e-02
2.969116197049622569e-02
3.859782086958420903e-03
-8.813112186720373220e-03
-1.945877399195818924e-01
-7.580994663816742474e-02
-5.264676221171225856e-02
-1.811800731306558443e-01
-2.081360482635603304e-01
-9.961243997982598131e-02
9.109746570216992190e-02
1.122176873999110591e-01
5.182267082455581375e-02
-5.940506862265137675e-03
1.134620550038235864e-02
1.637092700975051329e-02
5.605976134412747613e-02
1.788641281279798601e-01
1.224669583025946307e-01
6.430851901756246512e-03
4.285299432123699029e-03
-9.815325845536461424e-02
-9.007265814394203873e-02
-5.146800832294846223e-02
4.788211351593672088e-02
-3.775770515771006974e-02
1.740077288254642321e-02
1.865707181535996018e-01
9.080300281740827373e-02
1.943601759147176727e-02
-1.559928518818922971e-01
9.579690693548326141e-02
9.510876175982924119e-02
-3.359287058471172732e-02
-4.893467203892973294e-02
-9.078963944778728479e-02
1.392175456355112806e-01
2.096620114796441531e-02
3.925449005583981493e-02
-3.484676950165413456e-02
-7.643873595255545883e-02
-8.191805734315960041e-02
-1.918896595773726677e-02
-9.720095215783228215e-02
-1.364443710467092563e-01
-5.219491547368261541e-02
-1.913003431802661747e-01
-6.886336163840568736e-02
4.983243110074516563e-02
-1.846440491626776259e-01
-1.028386097517521997e-01
-4.711792877493856113e-02
4.038694285716788041e-02
-3.147872222900230388e-02
-2.742285556410081759e-02
-6.085151178162486602e-02
-2.929511403896003716e-02
1.456248301939183920e-01
-1.429587422507725900e-02
-3.948003451609893855e-02
-3.690737297202512091e-02
2.683156649769919549e-02
-4.004979609639085919e-02
-1.329827153425316710e-01
-1.734823034758646021e-01
-1.282851452153418448e-01
-6.782177662547968222e-02
-7.100196953086424477e-03
1.535504060426754608e-02
-1.049141078518703134e-02
1.157193355560558190e-02
-2.357434261416437807e-03
3.609681136184009903e-02
-7.856154295927392228e-02
2.578993304695288355e-02
-6.851239838001116356e-02
-1.665583514382729807e-02
1.663177795348884658e-01
1.749807118222301006e-01
-6.942653723764498352e-02
-9.502883935630819512e-02
-8.482434218721005351e-03
2.063537864775926711e-01
-1.135593837724516511e-02
7.646570878717486031e-02
1.366835991912075943e-01
2.137296555661788999e-01
1.208702524311947440e-01
-1.269943398043394713e-02
-5.633779443274008342e-02
5.667195289250569201e-02
7.646632597875629989e-02
-1.967936295069694363e-01
-1.028531957857086038e-01
5.554937515648070839e-02
2.102860234186897451e-02
-8.034542975598765735e-02
5.103799063552275084e-02
-3.912687202441104961e-02
1.499473275282791132e-02
7.313766334155219484e-02
3.223340690717722834e-02
-1.344240920617511756e-02
-8.322864413497479963e-02
-1.043113929286603181e-01
-9.254899483227657653e-02
-1.323311719714227175e-01
-9.610420193635277331e-02
-2.632391939066577174e-02
2.006480221832880606e-01
6.242013152979324769e-02
7.393250141025857480e-02
6.324042211056524199e-02
4.364523081023931050e-01
1.231363767919104596e-01
8.730068668809626287e-02
1.178677560134041603e-02
1.518233086840061474e-01
-1.011093873790303438e-01
-1.028637583555581103e-01
-1.603643417277369476e-01
-1.297142562284491147e-03
9.485858510542918842e-02
1.098102496046998722e-01
-4.157618509654038147e-02
1.683817697464057295e-01
1.563530495763534589e-01
2.004584884204258649e-02
2.376710326550490748e-02
5.195498562827716854e-02
9.876118612414908071e-02
8.166816422676691223e-02
9.315147991505537406e-02
8.837625760383215068e-02
3.260234137788609043e-02
3.044677239318794790e-02
3.468245718531016986e-02
2.545574060128727445e-02
-4.524434754534556458e-02
-4.185705847746367531e-02
-4.225802582336036996e-04
-8.541013923439500291e-03
2.387169919734698567e-02
-2.386018469116435101e-03
1.957965320036199677e-02
2.081007767131006977e-02
2.386377951999456987e-02
1.811823207566183244e-02
2.325858628664016770e-02
4.363517458021105161e-02
1.597824958711275070e-02
2.256492249648209963e-02
7.998156541915911694e-06
1.862717463067508836e-02
-6.593739592103755286e-03
1.870227085825749633e-02
-2.351818267084868422e-02
6.674944034925929526e-02
6.008226492136466840e-02
3.383995458533411299e-02
9.617521226762795750e-02
9.470190356674484944e-02
6.960201647613070697e-02
3.596225954341136788e-02
7.699724031254597673e-03
2.693738488348612278e-02
9.306622651127914245e-03
-1.893907082312563462e-03
-3.818511930224083306e-02
-2.536665148521147564e-02
-7.986674736930834961e-03
-8.400206251393776968e-02
2.073589385319757252e-03
2.143168782699942862e-02
2.205653586182734077e-02
9.233921440831493674e-03
5.297028411963481190e-03
6.207301940978678795e-03
-1.498982365028414879e-02
1.343311952634242655e-02
1.214332211629445477e-02
-7.104161070291105384e-02
-1.916585731283710139e-02
9.346619439803919432e-03
-6.208498298171055002e-02
-1.654863446827704518e-02
-5.283624605606398149e-03
-1.053413210969079451e-02
3.294319563222547487e-02
4.228421625854314470e-02
-9.249839094178369248e-02
-3.355785839546447658e-02
-6.148497127613833380e-02
-2.900116529127901716e-02
-6.263578168785818856e-02
-5.954941502745452614e-02
-1.300800027343752656e-02
-3.596209649800381769e-02
-1.413375926492618090e-02
-1.693801822095400769e-02
-4.716909627852634151e-02
-2.751356064009978855e-02
-9.794856597061821213e-03
-1.470183663905147431e-02
2.463341325846418739e-02
-2.848974711743649732e-02
-5.008852747061512400e-02
2.053018766082502760e-03
-5.023611856854316021e-02
-2.964766336121177348e-02
-3.313106355161987704e-02
-5.213616408015971093e-02
-1.026557605793144284e-01
-9.678466586826994789e-02
-1.093884167009684730e-02
-1.203241945912602445e-01
-7.723628606669998009e-02
-8.827959102152768689e-03
1.669620668241494563e-02
2.761223443112200901e-02
-5.869794032426096930e-02
-3.847099685594085328e-02
-2.953998200229299501e-02
-5.004354996714475284e-02
-5.013051672944097287e-03
-2.712538775289298834e-02
-5.431384275904950834e-03
-4.217805527502072223e-03
-9.102890966275567139e-03
3.990850465420091309e-02
1.380123828900129898e-02
-1.846041556459494110e-02
1.514849815128334505e-02
8.326964319887018200e-04
1.723488245587324885e-02
5.034020970443419535e-02
6.081356963223377710e-02
5.181162542050088199e-04
4.793434114781938704e-02
-2.935149644478695502e-02
2.148632093477430630e-02
-1.356549581638097531e-02
-5.073958804847768927e-02
-6.467170758403478423e-03
6.134411662490737820e-03
-3.553717897924723451e-02
-3.329118703807709689e-02
4.094668016644221337e-02
-4.621110778734092289e-02
2.466159892727829046e-03
1.092044287095773718e-03
-1.577491722533481966e-02
8.021702325318661245e-03
-7.561003708889662417e-03
1.850876405489533180e-02
7.368381219602322674e-02
5.292002099724636699e-02
1.928924814283096770e-02
3.630801529274256534e-02
1.166571145376464787e-02
6.272583433781134254e-02
4.425124671900680824e-03
-9.124354005800002290e-03
4.043294895859772010e-03
2.547182268178243766e-02
-2.559177067442769751e-02
5.584360938664732765e-03
5.264042115231713087e-02
1.140490742814769497e-02
8.834852146133940695e-03
7.883554043620877305e-02
5.248441629645726747e-02
-1.468522272666282213e-01
-7.467710280031853408e-03
-2.026826004340412657e-01
-2.072187809027029037e-01
1.666465609008236648e-01
-1.301300142796497916e-01
1.089896792082226812e-01
2.121932153422401712e-01
3.601550448778671754e-02
3.440763447269466063e-02
3.748765086586906825e-02
2.527304482977505914e-02
-2.108009995582016127e-01
-1.190479665638990575e-01
-9.334614952758162054e-02
-4.082386723320884786e-02
-7.253432938848525247e-02
-1.957170947060619254e-02
-8.342349498303104627e-02
-6.948557160098346730e-02
7.896534387079316708e-02
-1.281723195954334593e-01
-1.235233776470484462e-01
5.412458674353723409e-02
2.166564069094130754e-03
-5.178053859352974714e-02
-1.259800117309533007e-01
-1.181502481069079818e-01
-1.103027772517161664e-01
-4.348891390122248263e-02
-2.892699074654339272e-02
5.494952237457446237e-02
-7.148845025433223088e-02
-6.854585189700998504e-02
-8.372464308432779612e-02
1.017364615038217207e-01
-3.035498200668234128e-02
1.380050000349636596e-01
-4.164038887648060377e-02
-4.403830059185318696e-02
1.603407563870322405e-01
-6.647621240278260568e-02
7.326156231870082497e-03
-3.877839047706922032e-02
-7.408671471067104775e-02
-7.826998395664128139e-02
2.516392554432024808e-01
-8.097979710001851350e-02
3.481516639753118314e-01
2.170484770631907201e-01
2.975340401549008140e-01
3.870704865337417644e-01
1.305790757674666347e-01
-7.257407143701102847e-02
4.787720082767479152e-02
1.160574747257819006e-01
-8.271650630276934646e-02
-1.306252061575741141e-01
-1.029546350500010060e-01
-1.151424153941508072e-01
-2.161278842218263274e-01
-4.558880070451604843e-02
3.678525995976367896e-02
5.543911205092054428e-02
-8.874113219783802409e-02
5.146127416298760388e-02
3.776078185333282822e-02
-1.655030859198300397e-01
-5.367512836950505406e-02
-7.703109600299148929e-02
-1.542363945248138024e-01
9.916930987379564411e-02
1.874072972045478722e-02
-1.831304818776190446e-01
1.415291053896221563e-01
-5.407294574097810946e-03
-7.711446500549715144e-02
-3.567640948484593344e-02
3.882582524898832432e-02
2.450529973912739939e-02
-1.634588242461035568e-01
1.387101599856638279e-01
-4.239763708997491137e-02
3.156314257159392733e-02
1.661853867510113825e-01
9.358036200541645921e-03
7.857994903786064134e-02
-3.314431893573264315e-02
-3.475930237299217074e-02
-6.074832764553483172e-02
-8.364461250548742288e-02
-4.881618781863530238e-02
1.961275590094357577e-02
-4.261104738742623604e-02
-1.018432467930331792e-01
-2.622684712520904904e-02
-1.139305691301355089e-01
-9.689422070370565243e-02
1.573451889848149002e-02
2.499057709409513439e-01
2.714186142551956032e-02
1.289685725649842296e-01
2.799027058646671451e-01
4.099231261218891365e-02
1.057431270693582476e-01
9.640131092151958681e-02
1.108127913032984496e-01
3.470856733954385542e-01
4.510979338850815701e-01
1.996018704089219317e-02
3.483136393457390012e-01
1.445812138126727764e-01
2.916692678154925167e-01
7.695810710150273459e-02
1.515697007790064721e-01
3.462412979722762768e-02
-3.245677462705232053e-02
6.638804641977023857e-02
3.276032160022379069e-01
-7.744680836332061558e-02
1.339664003939456949e-01
4.046615445055443128e-02
5.753689688375818179e-02
1.376890938723975520e-02
-3.030406990092256517e-02
7.757593681997096424e-02
-3.027553149231056520e-02
-4.994384841043258971e-02
-7.038848010848300016e-03
-2.610700962221155219e-01
-1.627389413432992482e-01
4.012695946281710085e-02
-1.780074135504322863e-01
-1.779890422981177667e-01
-2.676997751524889946e-02
4.594153561813867775e-02
-1.635565803739157803e-02
-4.296857699182741325e-02
-6.749091688796242383e-02
-2.160927139972043387e-01
-1.014842708436741320e-01
-1.725857723028921820e-01
8.886242673119149754e-03
1.239356481726605619e-02
-2.749007234727162546e-03
6.588336573562038334e-03
1.033131776224669590e-02
-1.084884399617107135e-02
-4.372734992229378170e-02
2.084879204656458693e-02
-4.383146266799724938e-02
-3.645632760142621803e-02
4.502274644448445856e-02
-3.712988220792788618e-02
7.176707131807523281e-03
4.044830904594977176e-03
-1.668152425189140670e-02
-3.903527834468976943e-04
1.303343236493015311e-02
-1.908705500213561321e-02
-4.184690346498752024e-03
-1.039619969416421359e-03
1.236397248443687862e-02
-1.398121119772515039e-03
-1.190915873047289700e-02
2.083211004770416444e-02
-1.098257820584798081e-02
-5.718140196951364967e-04
1.137079063575039198e-02
-1.056416398030043079e-02
1.972602930381434604e-03
1.588956463660420870e-02
3.295679342146146801e-02
-2.939481221499699089e-03
1.685184325096962185e-02
1.431178323993144777e-02
-1.924615654677468493e-02
-1.946888869339281555e-02
7.000757311664364269e-03
2.462560365859454634e-02
7.300240203932260776e-04
2.451456588346185867e-04
9.341554076925970979e-03
-3.601380064401724090e-02
-1.941391560563614227e-02
6.213507122261163057e-03
-2.101283770282290700e-02
2.757112893789664954e-02
-1.234607025067963092e-03
9.772559503120276450e-03
2.849196113493088212e-02
5.134464008043402791e-03
-2.086469437817065412e-02
-2.578663686931870203e-02
2.134954135992251506e-02
-6.036767488060590381e-03
-2.525111478919595670e-02
1.740584102288052562e-02
2.987390006772265919e-02
-1.636476397254492312e-03
1.618754416543832786e-02
2.243607085089998829e-02
-9.801521424894923604e-03
7.113254262540096712e-03
2.689940075594548716e-02
-4.587291761428508724e-02
5.863961540284390143e-03
-5.625346701033855784e-03
-4.112199457894251398e-02
9.619710353062531968e-04
1.530609334765478148e-02
-1.619611755939020029e-02
3.154793927526679254e-02
4.472951365558429371e-02
-4.450286353372071534e-03
-3.162824631173040413e-02
-2.696222714195311426e-02
2.622039306109051268e-02
-5.259177055168961362e-02
-3.442302610237011479e-02
3.587392729117378637e-02
-5.740472655850389905e-02
-4.185929402078671091e-02
-1.647558997407829948e-02
4.767504220804866244e-02
3.773596712041592943e-02
-5.564767013613088065e-02
2.255489318787582201e-02
-9.079434004732598370e-04
-5.986206950369398622e-02
2.388750556515479087e-02
4.597750496851870511e-02
-1.045616108123087473e-02
-5.270532964372420109e-03
2.249545059703004710e-02
8.473846612910647738e-03
-2.340884158694398962e-02
-1.595001994385845598e-02
-1.227048867859517264e-02
-3.863555322111083407e-02
-3.314110518927341348e-02
-3.882178829907668299e-02
4.843401980365273987e-03
-2.615514911742516588e-02
-4.465382177793109780e-02
-1.275187854635017595e-03
-4.688608899231280075e-02
-3.575780858623867076e-02
2.722602634639453151e-03
-7.663406723408103596e-03
-1.338513888864213339e-02
-1.236900955386479456e-02
-2.492668221747243104e-02
-3.274493602919209545e-02
-4.109069987441311966e-02
-5.273090286059357867e-02
8.962743151031481821e-04
-1.322369997882113200e-02
3.237052750656003314e-02
3.101971471044038392e-02
-4.526313730158643828e-02
-2.415226184224597561e-02
-2.439280326481269023e-02
5.005066411067151527e-03
-2.862932593620532221e-02
-2.069547319772010660e-03
-5.480433332916440775e-03
-1.751626147960779617e-02
-1.245808211890592904e-03
-1.818757822506075067e-02
-1.968262455349290008e-02
1.740795352181403327e-02
-1.763736488337439359e-02
-4.630942980869403452e-02
-2.725599869336405717e-02
-2.450444755691528684e-02
-1.490369961487149342e-02
1.146981197753215061e-02
1.889489648239727274e-02
3.307749455358423990e-02
2.109438199462718502e-02
-9.840245880476638715e-03
-2.263613733069930536e-03
2.164015561900116402e-02
-1.041766050994890128e-02
8.858438598018587504e-03
2.595115582484226052e-03
