-5.272970413979501808e-03
-2.761706173962687541e-02
-8.047820588148629772e-02
-6.254108732543373073e-02
-2.356820246294804785e-02
8.595050691473228588e-02
-9.285391650492328883e-04
-1.602722807595591270e-02
6.587484340900437441e-02
-1.153381241067560070e-01
9.945303950854951155e-03
9.601829065324651857e-02
1.629584796594659216e-04
1.872907794591869429e-02
-1.350851391146144775e-01
-7.209247118017598523e-03
7.032536799591505849e-02
4.419915576649265793e-02
2.339860262004063787e-02
1.032920194542399084e-01
5.538759155205992546e-02
-1.133361552591990590e-01
-5.852911841239693408e-02
-8.056711055594417692e-02
-4.969901716627980748e-02
-1.631558016488438706e-02
-1.722912831468647460e-02
1.832876506637199504e-02
4.766260405110492315e-02
1.790811166233671065e-02
-5.971179160176511014e-02
-5.313715019357498348e-02
-2.040854717103441490e-02
-1.047194549464617319e-01
-6.728747108524090956e-03
5.845179008237570001e-02
-5.536981226798395189e-02
-4.729516716435051144e-02
4.248434629358889374e-03
3.451739049519331193e-02
2.347911083362279883e-01
8.473170975286713202e-02
-2.554192544278346966e-02
2.889966911522011406e-02
2.581358489700858252e-02
5.530195136546279394e-02
6.588148794181826473e-02
6.067299962351847473e-03
5.958419593654303188e-03
-9.837825124606848839e-03
-3.306880805505939963e-02
6.930605951891065375e-02
4.941996082002837742e-02
1.452317823146244413e-02
8.536560643739185550e-03
4.793518672395766234e-02
1.348096964037244321e-02
8.916492966518856089e-03
1.494626700122038757e-02
-2.874248670730058380e-02
3.607982556062984403e-02
1.778269177208325821e-02
-2.905526467663843357e-02
2.183482750503597941e-02
5.927284385918480877e-03
-2.817922016847598451e-02
-6.642332276703875882e-03
-5.852209831903266990e-02
-6.218486607990606624e-02
8.683090338553589582e-02
6.465577798960324418e-02
1.778958433994195718e-02
-8.956403910015853231e-02
-1.041035067546125792e-01
-4.051747378581421061e-02
-6.632419541694110909e-02
1.738036035775439563e-03
3.351977125902753929e-02
-7.916113979363859077e-02
-4.220592386053014650e-02
-2.520063045926081505e-02
-1.293387201500022406e-02
-2.162829809161589609e-02
7.844520170053770336e-03
1.596713302274899854e-02
4.913327853108531706e-02
7.502862419801706317e-02
5.965369527355308954e-02
9.181628397469296377e-02
8.236568653973233567e-02
8.292618796241697787e-02
8.746361973690236491e-02
-2.546917936418043385e-02
1.815237129183834217e-02
-2.042200461985403323e-02
-5.985982023714970374e-02
2.595214445407751161e-02
-4.027983475230020177e-02
-6.888239832884135438e-02
3.395441284909974516e-02
2.532190061178483595e-02
-2.948184574681074824e-02
2.906295541384260744e-02
2.962757727227967666e-02
-4.084945445498425892e-02
4.742113099834611989e-03
-4.804858537496865985e-03
-5.762356763879781379e-02
-6.713354903814310048e-02
-7.329744276134138314e-02
-3.667753636707236919e-02
-1.123604695845815959e-01
-1.044864670859174532e-01
-3.265154790250213157e-02
-3.922079939773886331e-02
4.562507250835701883e-02
6.327162275553013804e-02
-3.831265684363843044e-02
-3.187320897949671300e-02
-3.631873572216043084e-03
2.545733269868831472e-02
8.537428147340106466e-02
6.015683498097034593e-02
-1.453775204433557788e-03
2.234854357533659283e-02
5.001329118726054483e-04
-1.886480676692733546e-02
-7.199488734266987905e-03
-1.179463962559844023e-02
-2.039918745925263857e-02
2.152229468181560482e-02
-6.689527856765981745e-03
9.801801851861840793e-04
1.603562907657454101e-02
6.796834998191066124e-03
1.370108444082160370e-02
-3.493744630397924156e-02
-6.841825088603638305e-02
-9.394342178853126724e-03
7.543707312227764666e-03
-1.328634673451020405e-03
-5.487408059559834538e-03
5.029794957627072016e-02
3.506652398891155209e-02
-8.786297811329411844e-02
-1.814717051281409740e-02
5.766290274972422220e-02
-1.244048932846477662e-01
4.134196247484372977e-02
1.570821842694340442e-01
-5.356697715423913014e-02
-5.511439181488338168e-02
3.131593953828963085e-03
-1.697570290678792693e-03
9.847108231511890464e-02
-1.205939659439963195e-02
1.113342608791010602e-01
-1.669282372028822736e-02
-1.061413641297849347e-01
2.313441427281683754e-02
-9.748286379507066501e-02
1.082636857910861637e-02
-1.538968209475999847e-02
9.397335384579198758e-02
-4.578175799491642460e-03
-1.164411816750636069e-01
-7.392674035160479162e-02
-7.827862147743631926e-02
-1.317370866085622663e-02
-5.449652055972829118e-02
-1.982403676370501563e-02
6.483371409198121493e-02
-4.405858910120858535e-02
1.931985743882515261e-02
-1.203961975291043957e-01
-8.804751971912261332e-02
9.042603074367457083e-02
-9.970128400226262178e-02
2.463455910352996617e-02
8.706669235217899538e-02
-4.977306539347686049e-02
6.641128980839396123e-02
2.521836022675599809e-02
3.515679749068797294e-02
1.152409072107841020e-01
-2.597843713208862829e-02
-1.443134335321859902e-03
-9.851040013186340705e-02
-3.723094279594371669e-02
6.321102895833986823e-02
-1.714676794290018180e-02
-8.489481167070261902e-02
2.103499196949749211e-02
-9.068987220399553351e-02
-5.823668464133456568e-02
1.347806353572789627e-02
-2.425446846207052545e-02
1.380718741515084627e-02
-4.782585068864911998e-02
-5.816322383168357618e-02
-8.523927126087492423e-02
-6.058336389096140306e-02
-6.951230722943900486e-02
-6.779025327812980561e-02
-2.408848844440552792e-02
-4.588204181090534822e-02
-4.306697492072438654e-02
-2.797077684300524475e-03
-6.307345726632612726e-02
-4.107803087024372579e-02
3.224689271896976489e-02
-5.262160427779551813e-02
-2.743229355329205796e-02
5.103156425092023746e-02
2.141023210319047826e-02
1.206845948332566608e-02
5.405265487417876269e-02
5.250526054683053029e-02
1.061380430247677205e-02
5.895120683025567576e-02
5.148918880011248839e-02
-2.641802469215477622e-02
-2.188430289998323508e-02
-9.678603835145550838e-02
-3.565064241786378846e-02
-4.656751110869126326e-02
1.751991611932059850e-02
2.367482414232827473e-02
4.223527194681864216e-02
1.125903129632562644e-01
7.018311622079181911e-02
5.808540153003550338e-02
7.606667403614524037e-02
4.074387890560237507e-02
-9.720745607819487877e-02
-5.711308703636047701e-02
5.399226498498834034e-04
-2.330266213076500822e-02
-7.413823713019539186e-02
5.321825434966719753e-02
1.123966518741611152e-02
2.691000912274441742e-02
6.878792339194639283e-02
-5.855523961237265457e-02
-4.871734710839524529e-02
-4.857338737254739353e-04
-5.292231678157280871e-03
-4.605928037457868163e-02
-3.309815632365031846e-02
4.219534413119341992e-02
4.964793090086428579e-02
7.232755034151884532e-02
-1.488376393418184250e-02
-7.020176863101090792e-02
5.957123680367195674e-03
-4.113585910302341997e-02
-1.026271097447673886e-03
3.616238064554046054e-03
1.123780807971261342e-02
3.847722812024218647e-02
6.316165971559429583e-03
6.254619795601802645e-02
-6.170134611735027946e-03
-6.070992510317830410e-02
8.662633754907621275e-02
3.070989548365499547e-02
-6.125940870604032473e-02
-6.286218076510911856e-02
-1.166633941006586933e-01
-1.448065430718222524e-01
2.364533916865256200e-02
2.071656170934167707e-02
-5.008338876850802063e-02
1.593849402107669691e-02
2.882072081677386488e-02
-3.914848105522485133e-02
-7.927978552928631462e-02
-8.897070896960436459e-02
-9.403661411860442243e-02
7.585252715130620660e-02
5.099164660194303172e-02
-1.947136929970447877e-02
6.801207598221777062e-02
8.927463752303606281e-02
-1.968452764746848535e-02
7.370678831075099663e-03
-1.158720052750026284e-02
-6.510443498412353536e-02
6.463422909602228872e-02
-4.200752421021028415e-02
-9.054895260590453687e-02
6.687326333075939433e-02
-3.447168790862922827e-02
-8.147711083316912239e-02
9.085315985799777283e-02
-7.113243414236425366e-02
-7.495913758087176249e-02
3.208545242828128585e-02
1.788787016949897404e-02
1.882444939493725655e-02
3.444512032460989026e-02
-3.617833180268133220e-02
-1.137260608947972540e-01
-2.086949698882079388e-02
7.119009421475806787e-02
-6.242989380902880248e-02
3.735860573888866859e-02
-2.134194460876192787e-02
-7.342924385619498118e-02
3.521841734254096967e-02
8.146464690958936730e-03
-2.751573661331848525e-02
2.473259729614292468e-02
6.889656878325949377e-03
-1.482509464834275495e-02
-7.532513550348959863e-02
-1.119723118327716899e-01
-6.785253245618080853e-02
-5.559498971598389461e-02
-1.280999316961556334e-02
-7.008736877221223571e-02
-2.914991567883583670e-02
8.748645790771786279e-02
-5.221307812439119483e-02
-4.397933423153156315e-03
-2.011459435625607972e-02
1.282843948799684310e-02
-2.136345208985573202e-03
4.857037335772972086e-02
-1.426197438866519222e-02
-1.139985745819544899e-01
5.080739566900009489e-03
-5.995149357648811572e-02
-5.571339218137901644e-02
-2.644185322850079248e-02
-3.782749835161432813e-03
-9.581636443319624385e-02
-5.927662212421461879e-02
8.775397063788320864e-03
-1.009979858050148553e-02
1.018843092595747742e-02
5.599861983996558962e-02
-6.081581089683880254e-02
-2.224471688407388386e-03
5.492502978050991386e-02
-3.068844951843858332e-03
3.700046028047057622e-02
4.689401218170841101e-02
-8.214107923747781398e-03
1.781576646776237768e-02
3.193666241710303635e-03
8.033259373945368653e-03
1.151521174413177584e-01
1.116458407048396134e-01
-6.352031882081962677e-02
2.258968530167964305e-03
6.554547078051672915e-02
-3.377132600153464476e-02
-3.809729517271347871e-02
-3.818473738657765515e-02
1.490506283581032656e-05
-3.198826556120169806e-02
-8.300960120859168789e-02
-5.789518469300912809e-03
1.099428753993440290e-02
-1.396012095238688237e-02
-4.482446470717717929e-02
-2.772465159165404813e-02
1.064710619885973937e-02
-1.132682906027660322e-02
6.552646714394761741e-03
9.913131609583522921e-04
-8.660598653456091575e-04
9.664282547084094774e-03
4.580268315076905725e-03
7.465219903688296438e-03
1.009559248715456888e-02
2.704310290007390198e-03
-1.456105614070300584e-02
6.384325561856993292e-02
6.702480194483817488e-02
-5.227820885715286914e-02
-4.092963044257410393e-02
-1.394141641151477005e-02
-1.414398113619315216e-02
-5.630323822842690784e-02
-7.525782935443646460e-02
2.634447401692150900e-02
8.772773965673832941e-02
9.075004397171530790e-02
4.854043782152086400e-02
8.091110829116372749e-02
4.959181209126262840e-02
-1.273426569750485231e-02
5.708949205271818261e-02
2.606448774595141946e-02
-4.166083286674857576e-03
-2.346290432547587512e-02
-1.203429473060588922e-02
-3.462515477631737670e-02
-4.726303712589008388e-02
-6.808560109506461844e-02
-9.073620959357529825e-02
-1.121906853518793851e-01
-1.450452705396735043e-01
-7.674486391597039325e-02
-9.596787419560008636e-02
-4.852435012756699945e-02
-8.749956137675905798e-02
-7.546058930878202231e-02
-2.472033918117784099e-02
-8.742384496445708419e-02
-5.886323532548626974e-02
-1.895362699920487282e-02
9.173993532213197202e-03
1.270825879770210755e-02
1.032773258296614677e-02
-6.229171832906580525e-02
-3.619843661151116859e-02
-2.254553214091513380e-02
-1.134089857956749187e-01
-9.029848640702398122e-02
-6.380780171866504147e-02
-1.634104051162470206e-01
-1.864304352694699796e-01
-1.587519030802284903e-01
-1.160270685273336738e-01
-1.345466942060561943e-01
-1.238823601912207029e-01
-3.297300688763922516e-02
-5.448625831643531814e-02
-4.897477574487766466e-02
3.716592562344913503e-02
1.411706188897066290e-02
1.859534869353414790e-02
1.130507915002727619e-02
-1.192178522689227131e-02
2.589553382454028163e-02
1.446946712078640666e-02
-4.724547619095816747e-02
-8.681762422435125928e-03
-2.989370878792265915e-02
2.746377408809234574e-02
5.935142874073626000e-03
5.841882381807517177e-02
2.335903961105124937e-02
-7.164810829521245372e-02
2.946709765364851404e-03
-2.273425255675762952e-02
-8.254378687315837293e-02
-1.687344127313737327e-02
5.471581280345162029e-02
6.907567347278774361e-02
-5.498743289148160657e-02
-3.743856208183612977e-02
-4.314777589507636651e-02
-3.636128701704792118e-03
-1.715625664805053852e-02
1.426343696882778752e-03
-1.975631023017638752e-02
-4.705033742897271609e-02
-1.636602108900350044e-02
-5.569688910215475630e-02
2.799384962387247225e-02
1.477325102027791937e-02
-3.658735516776623342e-02
1.525758047244867299e-01
4.091419156052593376e-02
-8.784368016344373418e-04
-1.671830896372884095e-02
-7.787700248640118394e-02
2.098709887339469948e-02
2.105962483083678172e-01
1.698924265766527109e-01
-6.831978876875732798e-02
8.225754061441714615e-02
6.982784911322027083e-03
-5.777058526742942512e-02
-3.518742634243221534e-02
-4.834092494294958166e-03
-9.788540480209256822e-02
-9.031380061140574511e-02
-3.329686881443613689e-02
-4.973162819701031773e-02
-4.293530885159448085e-02
8.965188488874275066e-03
-4.164856224683558678e-02
-3.685107176285616626e-02
-7.194569907269256215e-02
-7.473730912784065823e-03
6.711413301576043058e-03
-7.629876332630419582e-03
5.721270443212853225e-03
1.380917701115342774e-02
6.123809247638102755e-03
-7.956144256904731926e-02
1.166049546052361635e-01
1.035869998220009525e-01
-5.593591724267118342e-02
1.207926214261615117e-01
1.201215018650197419e-01
-6.554194643893697381e-02
2.544599459204867006e-02
4.120602676959094629e-02
4.724579856074353351e-02
6.457537678057521260e-06
-7.714282159983032461e-02
5.974938518543719546e-02
5.690989778396388782e-02
-2.793703285473515818e-02
4.082249727831815944e-02
4.945607085103998629e-02
1.380645208093399592e-02
8.914346789376694294e-03
3.407833663974775551e-02
1.041429536828544951e-02
4.413172092265599256e-02
7.453595840875522349e-02
5.093622266520820424e-02
2.666879027565616581e-02
3.111467384580517137e-02
2.077138277713223846e-02
3.391573187115713012e-02
-2.867338484747845168e-02
-7.344296546254443225e-02
1.966126185334785351e-02
-4.682228434968833605e-03
-1.530297122486766297e-02
-2.321552529137929644e-02
-7.793527535277127057e-03
1.525526737868537416e-02
7.642228890821736731e-03
7.911868034631319366e-03
-2.051273354529763518e-02
9.632763069016757329e-02
1.280450505522784943e-01
8.123983006841994925e-02
8.892673035616209531e-02
1.152430581703102891e-01
7.235664086211855694e-02
4.777678144069482519e-03
-2.916529071403174342e-02
-5.489090668462578287e-02
1.393706798705896324e-03
-5.623280170432942010e-02
-1.062534652020442200e-01
5.558020210625021218e-02
7.461822790240661696e-02
3.725414990279872669e-03
6.332941756014295875e-02
1.404652955321245011e-02
-1.241028701339741587e-02
-7.112431897024693028e-03
1.265734071271644445e-02
3.688693811807723655e-02
-5.660172313555306839e-02
-2.026761768682321108e-02
-9.074667441263376336e-03
-3.161795972799506110e-02
-1.494249225988813698e-02
-2.425445428909181814e-02
-7.498827943894524617e-02
-4.777221755384584989e-02
-2.806846555172079830e-02
-4.190513092580824828e-02
-3.238736223021625171e-02
-2.182231262397811219e-02
-2.007714749131365994e-02
-4.523401188278845103e-02
-4.596273059367021047e-02
-6.731116615300145045e-02
-5.492399486428085204e-02
-2.804871768576792934e-02
-6.279220099029717006e-02
-4.249951198950367715e-02
-2.638770555561318482e-02
2.045407343228179686e-02
2.962790463642055519e-02
-3.695957017541936802e-03
-3.784295266398670938e-03
-4.872022418401159710e-02
-1.184623583332667651e-01
8.480278937093793656e-02
9.507379307835709878e-03
-3.958595703655334863e-02
3.671398272823363056e-03
-9.331931890527656731e-03
8.223368569352421109e-03
7.701879937935662834e-02
-1.996669108928531694e-02
-5.091389714548038431e-02
2.360020749664820672e-02
1.582166418804726790e-02
-8.179029528368569890e-02
1.476762554798001330e-02
-6.801897935595298261e-02
-4.865088575843439823e-03
-1.757133947418974829e-02
-6.981728541846338176e-02
-3.754328983594265590e-02
1.006417074506854581e-02
-3.883090571528816787e-02
2.050705622024307818e-03
-1.021804378284761200e-01
-2.032199440113911237e-01
-1.829986060299475803e-01
-4.350463811155233507e-02
-6.532669743430093157e-02
-8.694405667182859843e-02
1.071753783334536692e-01
2.869841431190034986e-01
1.269556572779810544e-01
-3.771671903948466131e-02
-1.765452583922762220e-01
-3.820973339748431202e-02
-3.365423763554208081e-02
-9.925905088514276609e-02
3.775500828898030285e-03
3.471066134285603899e-02
1.066473379552196621e-01
1.051647337350629929e-01
6.975144924849462080e-02
6.907221604530475179e-02
5.568673713999349600e-02
-5.689330057067581298e-02
-7.089817641693699213e-02
-4.344229034059218786e-02
-9.162033348623757623e-02
-1.134396422739187976e-01
-5.200218410411622944e-02
-8.878587592197266509e-02
-2.451253642227205556e-02
-4.303139712151805504e-03
-3.813689618044863172e-02
9.226645634412037125e-03
-1.521050395645459977e-02
-2.878928589362201793e-02
-2.290800451601223212e-02
-6.961542247205879108e-02
-2.417187537946451081e-02
-1.260107930559432876e-02
1.525300907645021041e-02
-1.391999655113839995e-01
-4.482636374346808672e-02
1.154315181078322122e-01
-1.273370082262057779e-01
-9.367988148959795203e-02
6.576134779379315398e-02
-6.609197319416978966e-02
9.601214816262211571e-02
1.471016118921691374e-01
-1.681907714005646814e-01
-1.499610529059376002e-02
7.916865777214535105e-02
-2.165894878268914692e-01
-1.147248869426174683e-01
-1.171437642929138573e-02
2.837151287272952384e-03
-1.536213776770023638e-02
-1.264107118479476481e-02
1.373173108615245198e-02
-1.314253460454414997e-02
-6.481619604730879183e-03
1.003795336534965554e-02
-3.239512304998336950e-02
-2.187384490048407959e-02
-1.697273782544305581e-02
-4.597916010263843056e-02
-5.618894188783408322e-02
3.560716256731770619e-03
-1.071238698877149120e-01
-1.000875785591110317e-01
-5.351971734830842514e-03
-7.400702237114588355e-02
-7.504352375204624559e-02
-8.173379153370620431e-02
-5.957957565629913577e-02
-6.469190581093368919e-02
3.998125118836260219e-03
-1.103054976325601108e-02
-5.782049069962331284e-02
7.250278799864587516e-03
-6.672107321915457870e-04
-3.321337605517356989e-02
-3.991378201810322213e-02
-6.058176463185666744e-02
-7.626006393461016997e-02
-2.772566021854353316e-02
-6.182227673213612669e-03
-2.069396304561514632e-02
-2.567687186495547225e-02
-1.650079831654832629e-02
-3.976879833553366439e-02
8.818552487749671542e-02
1.253480595990075913e-02
2.298493635829932172e-02
-1.379902012061396538e-02
-8.314616357759628540e-02
-8.608471884812592470e-03
-2.528082945675511062e-02
-6.343588471128824846e-02
7.196473622703066300e-03
-8.086062828751757955e-03
-2.555231835318348341e-02
4.882071917431907854e-02
-1.011344585332882434e-01
-1.317616803649503954e-01
-4.763156656133014921e-02
-5.702634471399704169e-02
-9.723659353539225447e-02
-5.089540204884985403e-02
2.244357978762332589e-02
-6.500057542887086037e-02
-2.168077604516513435e-02
-4.039118483789811559e-02
-1.284956278214569869e-01
-5.446028948854713531e-02
-1.686163907211140831e-02
-1.073977594400647856e-01
-5.155444272192934857e-02
2.510283904491355730e-02
-7.868887071099471553e-02
-2.382212910432249947e-02
-5.401704810393926498e-02
-9.540364268511922208e-02
1.193061803192957127e-01
4.705768086185495302e-02
-6.675238557260301797e-02
-4.160142398728942231e-02
4.415225332595413416e-02
-7.285974009519186056e-02
3.214964732732230462e-02
-3.499183732744617914e-01
4.102861318664659529e-01
-3.599901298948200989e-01
-6.717470808689966766e-02
-4.365732609364208344e-02
-8.300272497213843914e-02
-5.768602052708335370e-02
1.752164786709457106e-02
-4.474175021987650269e-02
-6.576831707566216378e-02
1.026249312180338991e-01
-7.069711634618726717e-03
-4.681140051955735848e-02
6.360921899978677629e-02
-1.360647817230743132e-03
-6.339202787564968133e-02
-1.163304059450889355e-01
9.203265001250768296e-02
3.247498485243066081e-05
-9.143701893030942163e-02
2.256027813419020089e-01
1.128893489709906911e-02
1.143105236609247150e-01
-7.013149212310093583e-02
-7.301819253905865448e-02
-4.590291182919025575e-02
1.932589805080128509e-01
-4.749004430003598842e-01
4.188467801539603741e-01
-1.918165648448977023e-01
6.291904675114459722e-02
-6.233198836730841769e-02
-3.413696639787144622e-03
5.103865845302089921e-02
-5.498554326799641456e-02
-1.474558790362034411e-01
4.573091210706674292e-02
-2.587920385921730834e-02
-3.962771304908113690e-02
1.917575267238958575e-02
5.183473419496147788e-02
1.370778525037697204e-01
3.501973844205902991e-02
3.463077459119166812e-02
1.144434125597602186e-01
8.952403698729821668e-03
4.395582068904527184e-02
2.157884616459350424e-02
3.340854252765313760e-03
3.441151153038002342e-02
-8.431995509072094663e-02
-1.190240974908244875e-01
-5.650474615998983541e-02
9.726261421360463122e-02
1.656946111462011956e-02
4.064887404218577027e-02
-2.685048575395328554e-02
1.318092507889281062e-01
6.078791257584187867e-05
5.102770713271890385e-02
1.170584188087547967e-01
4.514858198897507557e-02
-1.296949915477534077e-01
4.599489326034860576e-03
9.308474951177440893e-02
-1.121946947707541248e-01
5.014419035045388634e-02
-9.972020640191431307e-02
4.387161215971449590e-03
-3.429184149093441464e-02
9.254640337339180636e-03
3.036923069396897656e-02
-7.783570128093150742e-02
1.105426222986820653e-02
8.277610146495843757e-02
-3.461726112075948214e-02
-1.301276834048012594e-03
6.515232402372048148e-02
-2.940037813290969151e-02
-7.613275769232542324e-03
2.648316857016136394e-02
-5.001048281929592471e-02
-2.386606961682859740e-01
-2.464331053675650456e-04
9.639657366177525194e-03
-5.842905565609313179e-02
7.807313363258158723e-02
-3.415941624226385281e-02
7.910735362236298585e-03
2.045797720351943683e-01
3.925000044221621694e-03
-2.857259113453211596e-02
-5.658105041994629381e-02
-1.531812437791558448e-03
-6.771863734601835105e-02
-4.806429917775502381e-02
-1.256298469625839569e-02
-2.214569809467906158e-02
3.005196502845079286e-03
5.903862328949908284e-02
3.563924750775148559e-02
6.989536378753974377e-02
4.400713323917384429e-02
-2.191316256492719869e-02
1.477387152961927123e-02
5.642262212452558989e-02
-5.466650172575273497e-02
2.034404676674059914e-02
-1.118065278186077330e-02
-1.986244223213661994e-02
4.777793241494734944e-02
2.480485639656748297e-03
7.066486851127813662e-02
-3.881087543912987211e-03
1.135898132873566085e-02
-3.897833525338838950e-02
-2.098079395919022136e-02
-5.656300187133832952e-02
1.175407115740723513e-01
-5.686580889624433949e-02
-3.228293709036289538e-02
4.902748651336149427e-02
1.032146314418723454e-02
3.806877437201487691e-02
-3.407905021367498726e-04
-3.190441019789581195e-02
-8.830671381988092206e-02
6.896993737708484451e-02
-7.719592683927999077e-02
-2.094097413752498901e-02
5.399712805075929101e-02
-3.158588253458494144e-02
-5.943848703354870366e-02
-4.303362812844713226e-02
3.875541433729668556e-02
-3.429018778938909551e-02
-2.527656080637109490e-02
8.716707745511112493e-02
3.615145685795632252e-02
-6.575566352846565210e-02
2.193544723555912110e-02
9.353361329313897299e-02
-9.850001172532683869e-02
-8.681503575904916947e-02
-1.884194107599601251e-02
-1.580384829449550943e-01
-1.256254678238782341e-01
-4.135397332030898293e-02
-2.510457646650709682e-02
-5.689699482113347306e-02
-5.844773155870480741e-03
-4.485402543053563368e-02
-7.329307280576610739e-02
-3.543399601714448954e-02
-4.342330026280807886e-02
-4.236938131422097326e-02
-1.475932847033085103e-02
-4.046515313170849504e-02
-6.061376305470191767e-02
3.503694422460919278e-02
7.339367762012841134e-03
1.838955590826267875e-03
5.174120294088518229e-02
7.702626344553461894e-03
-6.777407761768362848e-03
5.758099506992091221e-02
-5.073513734209167403e-02
-9.548309400504774447e-02
-1.221688543599184079e-01
-3.251614802595963194e-02
1.250547904205906169e-01
-1.279289927277924566e-01
-3.993586872568392898e-02
5.318688379562900442e-03
-3.262124075859143546e-02
3.932981551028067596e-02
9.050232414918790713e-02
2.155791614197908029e-03
-2.952280399824154175e-02
-7.290768688548276977e-02
4.350195520032725666e-02
3.972077738779168643e-02
-2.361346465173571382e-03
7.094042614300546945e-02
4.949461583325303476e-02
1.213409701713651263e-02
6.076836737832023300e-02
1.643563915872993733e-02
3.591624552692330562e-03
2.863353046007514890e-02
-1.344884615345556811e-02
-3.206552825477116536e-02
-4.350675052354304080e-03
-6.344478320966939755e-02
-6.329608455205393280e-02
-1.408859463595262540e-01
-3.148272920533647275e-03
1.025759685775255586e-01
-1.122156058541633472e-01
-6.315077510670118188e-02
2.689288825611012290e-02
2.359144737854000293e-02
1.624327348303423318e-02
-2.122141439627768175e-02
1.151422851918651180e-01
8.996012776568748648e-02
-1.059587369731573581e-01
1.087698485364928663e-01
6.873657995968791845e-02
-1.811749137888161720e-01
-1.944694455684292667e-02
-4.302347503763433861e-02
-1.931041166816652166e-01
-1.535053557839900253e-02
3.012197890675509353e-03
-2.567645100356819119e-03
-3.213097641638017199e-02
-9.474694643453558315e-03
-2.037311735561272291e-02
-3.680507250364564026e-02
-2.225008541053795710e-02
-1.625793146242112894e-02
9.032427656192115739e-02
6.817622050160070113e-02
4.717187084720800977e-03
-4.192913282347594459e-03
-6.360588958428101125e-02
-1.849594420243468040e-03
7.821878614482588934e-03
-9.171704400690372516e-02
-4.356876486523150044e-02
1.173617004174939797e-02
1.960034786776099214e-02
5.192401433508776060e-02
-4.340346924971145992e-02
-1.159307497871480824e-01
-3.154412776740066204e-02
-7.590756641993751108e-02
-1.470361835437056230e-01
-8.774708367727353242e-02
-2.162867261486882062e-02
-2.704085670576168721e-02
6.344278071372588812e-02
-6.762136427086425094e-02
-8.117297192196462619e-02
-1.512224958624273571e-02
-8.288399076220956396e-02
-9.829233883487660528e-02
-9.183034260911125679e-02
-1.312497322357604190e-01
-5.153045115231359719e-02
6.240878975140458362e-02
-3.665347240880841018e-02
1.361335192251266792e-02
2.971523464596059066e-02
1.051734143085557155e-01
1.425108627228592606e-01
1.082178724088809635e-01
-7.986599663975260666e-02
-9.208492142149224402e-02
-1.248423367528999628e-01
8.909046268719446326e-03
-2.007160352935025410e-03
-5.966680842091172388e-02
5.629572723162909464e-02
7.355480338937386842e-02
2.373263061554427636e-02
-1.284465385316881925e-01
-1.229088614625638010e-01
-1.038256472627295396e-01
-1.851464111431778276e-02
-7.365464696435813268e-04
-3.199983669050752294e-02
4.443302368954293868e-02
4.617292113956868171e-02
-6.958596309984765339e-03
1.708176618100532354e-02
-1.607184631136053879e-02
-5.794036891726785966e-03
3.360662104090030716e-02
-8.821224367787348919e-02
-5.919525188449759751e-02
-3.053613956482428490e-02
1.384298007777020889e-01
4.067725108933804845e-02
-2.082766430258906846e-03
-1.025911218992957563e-01
-1.822665448201069363e-02
-1.894778474886484876e-01
2.497479930156596695e-01
1.529510416698922626e-01
1.412538347390699389e-01
-5.333190706462487274e-02
-6.267095567303086756e-02
-1.501384803464924367e-01
-1.730687621702508283e-01
-1.305478457357529265e-01
-1.583206303698962703e-02
-3.126424766316551751e-02
-1.370494427942488790e-02
1.045636102317664545e-02
-2.395294540369578146e-02
-2.579920815751882493e-02
-3.180587312933418065e-02
6.397490365992011818e-02
1.576890269490947155e-02
-1.142457626871566656e-01
4.244569054440682637e-02
8.201870279973864919e-02
-2.418364096076958958e-01
-5.454025259113502722e-02
1.907011614233216079e-01
1.230594518708805346e-01
1.238612641711103468e-01
6.337310425044931361e-02
-3.515656671912701925e-01
-1.417806507346666134e-01
7.962282785869995161e-02
-7.956789371506126085e-02
-2.436987940311236694e-02
1.443052908285828162e-01
1.745762273861582031e-02
-1.167376299354956765e-01
-1.045585293696939672e-01
1.262925295013402893e-01
-1.454749344090872087e-03
-1.131478166679044522e-01
6.282998322867398844e-02
-6.572195765514096677e-02
-8.666272640285693774e-02
-1.785882877097783733e-02
-1.148964985953239287e-01
-6.057426468187088880e-02
-6.174078948700532921e-02
-8.439111409695694566e-02
-6.986791968612844628e-02
-2.328111149423461521e-02
8.701518657595103470e-03
-2.053672026005455217e-02
-9.333683715005181014e-02
-1.303502875953881091e-01
8.419114404651895089e-02
-1.679981046622315219e-02
-6.453785118226158801e-02
8.793316040661544597e-02
3.377559183505120244e-02
-1.259634258712640509e-01
8.408166989019492943e-03
3.573902372365914473e-03
-1.798818983272064756e-02
-1.331177166405977073e-02
-1.917984091453412560e-02
-1.317700458220796289e-01
-6.337269726739966358e-02
1.484952755734462171e-01
4.496354301786124885e-02
-2.009218895424273732e-02
4.256960445933246490e-02
1.777975881888200702e-02
5.966704805581355721e-03
1.376011747205484236e-03
-3.182275007379838788e-02
-2.696961643775335968e-02
1.672937669444091863e-02
1.705248696360701227e-02
1.011144545901667205e-02
4.188189735412848821e-03
-7.216345831131580624e-02
-3.037209283717096087e-02
8.468477164542460855e-02
6.475575847510894878e-02
-8.891688556197505089e-02
-2.384963939679162967e-02
-2.747768593727669198e-02
3.136680910529041078e-02
-4.824173150635073515e-02
-9.774234298188197445e-02
-3.170781377654484368e-02
-4.990890972303745066e-02
1.458414676276350019e-01
5.337597261882182087e-02
1.777003663643066111e-02
1.281959163960123306e-02
3.064404833581839058e-02
-2.323618613479487213e-02
1.852006098619720167e-02
-7.784745212725549535e-02
-1.031131012226497307e-02
-5.896718715153737023e-02
-2.037999494326283786e-02
-1.864576391292846469e-01
-2.221750456269591389e-01
-1.504400590703159346e-01
1.247799234469110230e-01
9.856093583585373574e-02
4.567559027985361453e-02
-6.387616528804267169e-02
-1.477151747479072685e-01
-9.359798317890050123e-02
2.688572009509188412e-02
1.792723491036639014e-02
2.299284154453791126e-02
7.121236034444189400e-02
3.814087703149560832e-02
-4.963866441000497343e-02
-2.050842851205565351e-02
-5.538653314457934324e-02
-8.055740231375803362e-02
2.780694122208930349e-02
-1.986333895819829276e-02
-5.320603534702880721e-02
1.084029640852431642e-01
5.796594030488225191e-02
-4.728473871130503547e-02
5.766924109362246004e-02
-4.879630374593361269e-02
-8.890061480805322436e-02
6.207232644731525140e-02
6.694586278624408901e-03
-3.159264614155780915e-02
4.599167602626293844e-02
4.530335484596564877e-02
4.494071091685433034e-02
-4.858743621223524448e-03
-2.222435906364821079e-02
-8.828578613778451795e-03
-1.712423687259348806e-02
-4.570791917083971700e-02
4.073394342056675665e-03
1.199329640858642736e-02
-4.492241940202696543e-02
-4.290487896096350368e-02
-8.451443133725253243e-02
-2.320258991870468787e-02
1.345210491192690705e-01
-1.074307458058201686e-01
-7.546420073773357773e-02
2.161153111454461595e-01
-8.460631830851232660e-02
-8.898734478864116226e-02
-9.729286433297293368e-02
8.856569687916418174e-03
-6.988650868478429694e-03
-3.463312929317237387e-02
5.139244683320848966e-02
3.119525954796153328e-02
-6.830979054061448071e-03
4.993965590917551906e-02
1.533648288426374129e-01
6.243110715668742650e-02
-6.366310368530866959e-02
-5.347579739968965490e-02
-2.057005006327367047e-02
-1.418247410320667701e-01
-2.571209907098271352e-01
-1.382901405555266583e-01
-2.011383729061995418e-02
-1.079490602377108088e-01
-1.034870743411433480e-01
8.861097620382347995e-02
-5.498816215821411557e-02
-2.379412659270592478e-02
1.815512104495851653e-01
-3.840979336841182645e-02
1.040004446865339452e-02
2.016735301392596699e-02
3.060801684519006555e-02
8.275985850996866316e-03
4.182860911792272290e-02
8.742200366170162218e-02
1.842202506656921007e-02
-4.026082805219093064e-03
3.400340436662678545e-02
-6.285405529670501368e-02
-8.570822757415774706e-03
-1.914735947625564871e-02
-2.774613518376575771e-02
-5.409933820505294366e-03
-1.078201046568721781e-02
-2.199833164161628732e-02
-3.022581327516857611e-02
-4.841634593837810391e-02
-6.378108355463943391e-02
-8.245051600690758709e-02
-2.595368110281517371e-01
-2.047908729909259373e-01
1.621700903900268054e-01
-7.165040785705693860e-02
-2.372480504221714248e-01
2.706932866856152642e-01
2.140396576227207304e-01
-3.259179944888455915e-02
8.115998101255866848e-02
1.341289734284763502e-01
1.790585762029344163e-01
-2.679333908539551293e-02
-5.438612331345745593e-02
1.279726627327301344e-02
-7.008915603542871520e-02
-1.793469986386863613e-01
-1.210495771931787423e-01
1.930965473390049147e-02
-9.403751244337052451e-03
-6.480527194102608801e-03
-3.494703664882584104e-02
-5.901958714520990495e-02
-5.832214187800793814e-02
-4.284819292245047040e-02
-6.716013793317414382e-02
-7.280377655548675442e-02
1.781324187784176158e-03
-4.101507011828531973e-02
9.416913269420594534e-02
-9.836857636105955649e-02
-1.997375029165317506e-01
-4.574130780694407594e-02
-5.335931038764626239e-02
-9.589634449733602795e-02
-1.727952372710219592e-02
-1.439641820993689189e-02
-8.200517902063685083e-02
-1.151689635287269330e-02
-6.497552990681496055e-02
-1.446161192976498089e-01
-9.063321593489635786e-02
-7.474709550319083573e-02
-9.245639197542589172e-02
-6.077676043357498059e-02
-5.523787063092534116e-02
6.966034080574951513e-03
1.109789505463498922e-02
-6.242453376895438361e-02
-5.862697771780637709e-03
-3.991790027322152622e-03
-9.152708028793096751e-02
-5.350793396194010454e-02
-1.525132460605157321e-03
-4.787917575581438628e-02
-2.917141459399904060e-02
-1.084549181399779294e-01
5.089017660409971694e-02
9.478515303033129002e-02
-3.434473093576378283e-02
5.815192805584853963e-02
6.795134426935954541e-02
-4.462660090181104489e-02
-9.699038817082225594e-02
-8.852953522051798529e-02
-1.208806676146171738e-01
9.900818143449084674e-03
2.152421300893444384e-02
-1.818738482112296218e-02
4.471046175862267158e-02
4.613771358648158238e-02
-1.179751018187801329e-02
-1.431662057356465068e-01
-9.203968815244896462e-02
-2.057138480610640197e-01
5.342823865852707604e-02
1.106227917177126929e-01
-6.242603465235619514e-02
9.764896697880900978e-02
1.456579250052501828e-01
5.594186922057422726e-04
-8.128550943682438801e-02
-7.342153140546539558e-02
-7.348084323203450674e-02
-4.388787534949493280e-02
-2.823106379047681316e-02
-2.062059444496156316e-02
-2.000769266250840284e-02
5.542499155879500490e-03
1.227195983717655099e-02
1.097894824953720219e-02
3.057366752924958048e-02
4.396249380087504516e-02
-1.574929455185016675e-02
-8.900867512519266417e-03
-3.402503282849895280e-03
-2.300780661495091181e-02
-1.575346380538266214e-02
2.624216936718194726e-03
1.979462315434873509e-04
7.492168820282384990e-03
4.641238848186834270e-02
-4.121444370936791501e-02
-4.478651728852175995e-02
-2.336361647694539315e-02
-7.554791094393191464e-02
-4.930070017905748003e-02
-1.420921618382512026e-02
-1.934296133614146068e-02
-3.166449957848236057e-03
-3.968388449151345060e-02
5.681580763851199617e-02
9.892331492033823448e-02
6.345699394962180107e-02
7.003585228687016218e-02
1.408673909057987783e-01
1.461747430867866293e-01
-4.324931652293483031e-02
-3.312631387230161473e-03
1.651542436149774917e-02
4.481443278585802207e-04
2.386408308650366308e-02
7.448339596304952293e-02
2.023919595076020123e-02
2.910227599968421772e-02
7.492988902556166342e-02
-4.105862205366018342e-02
-4.407511958051037876e-02
-4.923280459521558322e-02
-1.441179285546290937e-03
-1.329694435693426838e-02
-2.034210853137632599e-02
7.814468038094721583e-03
-2.941360349767419089e-03
-5.873812179355308340e-03
2.157211663142398136e-02
-5.256274307447799873e-03
-1.823931474841969033e-02
6.262542363979139645e-04
-1.115973465534426078e-02
-7.677962202700142026e-04
-1.203977113913349585e-02
-9.617877147653903364e-03
5.464930172394220215e-03
7.045051445399178568e-03
5.792862400242413529e-02
5.983464838050542300e-02
8.236715751117057796e-03
4.237568623273128138e-02
4.654338651391209947e-02
-3.246447994049482012e-03
2.040081712848697184e-03
-1.321784643202197906e-02
5.553526164564494272e-02
3.903311951908508548e-02
7.816894294097791185e-02
7.144190184659933440e-02
8.566131527590642447e-02
1.347458424560168400e-01
7.277269401361757817e-02
8.622374284454149829e-02
1.175600761318194437e-01
-1.295581465606210521e-02
-9.651771156634547308e-03
5.686246971752121314e-03
8.471223999809615254e-03
3.277877453573558447e-02
5.488631668791653373e-02
3.811777690143454238e-03
2.176676913976888922e-02
3.138980041415816852e-02
-3.993743878529058128e-02
3.754335788842890886e-03
-2.049357075707463650e-03
-1.323566966817576150e-02
2.991572360994921437e-02
2.836370026601404276e-02
-2.724577925567162051e-02
-2.019788936181486725e-04
-1.234614329213546725e-02
1.099062215942819311e-02
2.957971920815642697e-03
-6.778905059374157717e-04
1.378456458850288273e-02
3.359357747609628686e-02
4.070405651377261708e-02
1.674255789341558970e-02
3.741687332073560801e-02
1.134422046691730551e-02
-5.893262241887456399e-02
-5.860836722308920138e-02
-5.323534822330569516e-02
-5.441212756246457949e-02
-3.821606630050199127e-02
-3.937474445327159012e-02
1.634381676741502101e-02
4.841764023349601903e-02
5.108226653063619588e-02
-7.253707310345598736e-02
-5.084710169980838357e-02
-4.432240063213024883e-02
-5.527270623897825863e-02
-3.175041029600905035e-02
-3.565358886622560508e-02
-2.503467953884500052e-02
-8.810568967590675510e-03
-1.931965826376581125e-02
-2.282761397280482982e-02
-2.707976637817124596e-02
-2.921195447419079605e-02
-8.062345865220229071e-03
-1.011174050293320130e-02
-2.629625994590618215e-03
1.933525660724502715e-02
1.345706821760292785e-02
1.935701718489270945e-02
5.035302579434899894e-02
2.888013954831605487e-02
2.235315980502304914e-02
2.551317388110254519e-02
1.183865564241793310e-02
1.470428857960249039e-02
-4.359528109500870711e-03
-5.644128260408170714e-03
7.509251572914038032e-04
-4.432286311332934992e-02
-1.131482107816609850e-01
-1.454578022236452731e-02
-9.353376145502674543e-02
-2.261135675534853284e-01
-2.327939151361823472e-02
-3.566570768446164497e-02
-1.171396218924008747e-01
-5.566079484102078034e-02
-5.014435247373902338e-02
-1.213222892751834869e-02
-3.186919599107797957e-02
-6.177198806149972188e-02
2.092384417012927433e-01
-2.486719469532714527e-02
-1.382720494171053305e-01
-1.170943217127487675e-03
-1.037116761539949193e-03
-6.433983866482727298e-02
-6.730542390076255099e-03
9.486567353458842666e-02
-4.213925805757104404e-02
-7.389621919270175643e-02
1.603141384416944745e-02
-3.032487732097594729e-03
-5.399746577324170821e-02
-1.142537311982753760e-02
-6.291891456646271641e-02
1.484119974639406831e-03
5.907312298525625033e-02
1.270500074998977547e-01
2.533976732676187713e-02
-3.202910468051210768e-02
6.906025082879829746e-02
2.133934282652263925e-02
-4.407852881209766913e-03
-3.188744714531477342e-02
1.316853460209558820e-03
-5.489222993823817537e-02
-1.796959874063584484e-01
1.058250753786709047e-01
6.749801756731663160e-02
-8.533901386884622242e-02
6.822561627530956442e-03
6.107618273428583149e-03
-7.349208396119635833e-02
-2.876735889180036601e-02
3.205385976434832473e-02
1.302471922661490970e-02
-1.814224958175000846e-02
-1.198184437648084494e-02
7.400302771065367380e-02
1.670314961294565650e-02
2.756370087926470099e-03
-1.236025114893942942e-02
-1.450271611909852328e-02
1.965741128012078731e-02
1.269458531048282303e-02
1.988068826048641768e-02
-1.120739169031188462e-02
2.841265411571176555e-02
3.021075298933933659e-02
-1.876513738503677795e-02
3.911929725406325040e-04
-5.038426864939397161e-04
-4.410705841885393524e-02
4.941025278845242313e-02
2.025961198168438337e-02
-5.479465918502370719e-02
-2.895510487228895868e-02
-2.014572973912046993e-03
3.676089503089990940e-02
-1.011394768042761169e-02
-1.224927368001731088e-03
3.994367549732573408e-02
-6.426544646417073348e-02
-4.644257141542427678e-04
9.584831898527991501e-02
-1.651105340991291387e-02
-3.166117947920960018e-02
4.300243845549774763e-03
-9.370778807062721955e-03
-8.721959426092537604e-03
-1.707446258511304688e-02
-2.516939153246992161e-02
1.511664101731452145e-02
4.654526441914034335e-02
-2.495196572689916542e-02
4.144874916689885586e-02
6.165226320582765235e-02
-4.857065540897340626e-03
1.049511338262322166e-02
2.191394419287638964e-02
8.725641541842153737e-02
-1.268810854209643027e-02
-6.751070067288138243e-02
4.441854143854870318e-02
-4.004898129164347065e-02
-3.590219032851235670e-02
-6.348736627990879573e-03
-5.505887874173289419e-03
-8.973131267475046094e-03
3.338895738183001588e-02
6.995937259710330314e-02
-2.332205823652832091e-02
-1.508373875049029249e-02
2.275820031085196843e-02
-1.089972600197075536e-02
5.577732825416131107e-02
7.359970141092778270e-04
-5.289268343306847281e-02
3.163822825419555090e-02
-4.397800132465994744e-02
-3.813036634439891104e-02
-2.513090202698617381e-02
1.880183602184370972e-02
5.251652720329424290e-02
-2.821355947186402618e-02
-9.636594675498830545e-03
2.317029791100451083e-02
-9.669397744849367315e-02
3.707409038793815087e-02
1.266073978196680105e-01
-5.640323183778662292e-02
3.412460112303150606e-02
6.457330700469232632e-02
-1.670665842834689191e-02
-1.647829462514884425e-04
5.784598823728043931e-02
-9.231122049482065606e-02
-1.584644391679131126e-02
6.533519379183538867e-02
-4.481913685544233750e-02
-3.417768653298488418e-02
-3.249043788390097959e-04
-2.637097938820344434e-02
1.344325432948717189e-02
6.367999537413204791e-02
-6.373240470606533759e-02
3.000338893704493359e-02
9.309129053316794744e-02
-6.941455113899713814e-02
3.796689422190691054e-02
8.581770072551947459e-02
1.836145225753398336e-01
2.941529581222167636e-02
-1.351411197389142949e-01
4.031558180325138518e-02
-5.731262796696164064e-02
-4.390489819498930024e-02
-9.739036662791354659e-02
-4.850409671468507015e-05
2.088843881232024455e-02
-1.383569501588869039e-03
-1.352940897867433712e-01
8.960319070704100830e-02
6.622007421193509824e-03
-6.326224241603745080e-02
-5.181208524546305344e-02
1.343852126963071894e-02
4.079017403080903935e-04
-9.467993027991353228e-02
-4.431016490431174959e-02
-6.004950252726288379e-02
-7.079060996666960981e-02
1.135059213165024068e-02
2.964058114107229192e-02
-6.821164040721670874e-02
-1.957111765858025182e-02
4.815561795380310373e-02
1.046359213330901733e-03
-4.058260639791697738e-02
5.280223835795923304e-02
-5.100217893023738236e-02
-2.360961284433282445e-03
-4.193755915511831328e-02
-6.304379989214367597e-02
-1.609974394484987165e-02
1.537542420043814390e-02
1.789436457749393229e-03
1.033746157199206539e-01
-1.334920086927618432e-01
7.414092123036065442e-03
-3.853130342857577495e-02
-2.001976381956165410e-02
-2.421113143374445040e-02
-8.658052523483136809e-02
1.060973692068147879e-02
-6.802730169265693017e-02
-5.248439049507950399e-02
4.580257207309457873e-02
3.030457029756978421e-02
-1.910674352791234820e-02
5.565824007496444209e-02
-1.319621147751094854e-02
3.085630434315392648e-02
4.449632779703866642e-02
8.848485927514729635e-03
-4.616144707502268379e-02
-5.700748862028931496e-02
-5.825748477868170072e-02
-6.748811421404711519e-02
8.061026675712694781e-03
2.281058411926273691e-02
2.501489717388229519e-03
1.688912319478193562e-04
-6.108468652373650470e-02
3.687769199317943863e-02
1.171474892787184585e-01
6.863915039384450856e-02
-8.513878118446552290e-02
4.174119121141209483e-03
-6.819882392485390743e-03
-1.093317788026941934e-01
-6.382581225140626646e-02
8.110966420888555614e-03
-5.619247010760591160e-02
-1.351096116158995164e-01
-8.090161792603793589e-02
-5.029921129249004252e-02
-3.832000466529700972e-02
-6.530197501239263375e-03
6.163435121800899669e-02
9.699531846533983315e-02
8.667055551265760716e-02
-1.960097929772533325e-03
5.497560156455917092e-03
6.614358019084094417e-03
-1.096469185145095351e-02
2.126862948233529654e-03
-2.319721407072886966e-03
-4.042173232779536912e-02
-3.154454359787008111e-02
-3.241582597328136056e-02
-4.926500438972269968e-02
1.968491938466957469e-01
2.663848052231065737e-03
-4.103391392462875376e-02
4.138864122675393886e-02
-7.287231440593285037e-02
-2.626173847124236779e-02
-1.374165334553072992e-01
-9.575258752948725971e-02
-5.107821229573519112e-02
5.506193175226836711e-02
1.163488141428072747e-01
-2.196315011800027694e-02
5.901869116008257726e-02
5.852055781205999646e-02
6.755650177630735664e-02
2.937537757556095072e-02
-7.655929563226003542e-02
-5.345123191519095956e-03
-4.708109378945907891e-02
-1.217327399207147332e-01
-1.286219613272047424e-01
-1.509975511559762118e-01
-1.791482056506857878e-01
-1.370860085663487826e-01
-1.248881857696954034e-01
-1.577944704967869927e-01
-5.231287546062619864e-02
-6.232169975194318950e-02
-4.634995778177036091e-02
-6.172590651778011445e-02
-5.443651305492513970e-02
-3.474547918698860788e-02
-1.567941280783758523e-02
-1.837435061423129930e-03
-3.637552520953506174e-02
-3.879672022724401162e-03
-4.590190993323341878e-02
-7.958736391082899680e-03
-3.041713401174396883e-02
-4.320201378115340329e-02
-1.925192381762998867e-02
1.336527433065994031e-02
7.363809135457858278e-03
2.081976424003025104e-03
1.291765744702659813e-01
3.954774629990952944e-02
9.793027388089262097e-02
5.857290340306514631e-02
1.872507192213252250e-02
8.798881777138541083e-02
5.323559471190141695e-02
5.110598658920939563e-02
8.245018998857285564e-02
-8.928078058528517158e-02
-1.064810557356235809e-01
3.443701797903220979e-02
-2.183511107559643061e-01
-1.567801744628387062e-01
3.237209888619969889e-02
-1.621750404183444350e-01
-1.567758169035069482e-01
-1.874379623482031951e-02
5.036198076495127483e-03
1.242949657865568235e-02
-8.182008441090481143e-02
2.387054024417227180e-02
8.905827719208339599e-02
-1.553056933411195162e-01
-4.561752675624443365e-02
1.478095255019452881e-02
-9.618750458051826546e-02
-5.041877994740944641e-02
5.518503873027881881e-03
1.117121265063786631e-02
-9.761098905333095987e-02
-1.412069553752882262e-02
1.838035579082732129e-02
-9.560452727916984861e-02
-2.496966007322271378e-02
4.706279902571577217e-02
1.867517127770821142e-02
4.525034862045061897e-03
4.217697145572879558e-02
6.090982851887608712e-02
-6.835775761033127673e-02
-2.994743629516567057e-02
5.527789247183106242e-02
-5.865848700138638627e-02
-5.655649847200504288e-02
2.196465433488824226e-02
1.406829654680104638e-02
-8.159518907604388499e-03
-1.192360884058099070e-02
8.176572621622814341e-02
-1.406260795116435203e-01
2.770444921870122632e-02
6.645213089093997272e-02
-5.326636762873214470e-02
-1.403985092767253036e-02
-1.647474416255058360e-02
-9.891351069731775525e-03
1.904946600585478989e-02
-1.023845085486972326e-02
2.184935331497069380e-02
3.327471919883966123e-02
-1.716156757330312976e-02
3.334127705053371860e-02
-5.452833567509405600e-03
-6.226613112240730365e-03
7.435641528695440504e-03
-2.485701622130286059e-02
-2.763927446765740426e-02
-1.933932179793265704e-02
-7.626504513814490183e-03
-2.445227856501458637e-03
-1.279692560422920379e-02
7.934865785132298732e-02
-5.334527906681217624e-02
-1.020058536202738675e-01
1.402314808206782948e-01
-1.242118175180615888e-02
-5.830560015108918887e-02
5.631651202257536432e-02
-2.716910136132113726e-02
-7.799260425118214636e-03
-6.502088958523893902e-02
1.568474808338153267e-02
1.509353782448013270e-01
-1.199202289936699833e-01
-8.899524537930834228e-03
9.689900913187016185e-02
-8.506042966721537313e-02
-4.037251934118508967e-02
2.193311013266089488e-02
-4.269407226920594184e-02
-3.208463013116874540e-02
-3.374742195325552280e-02
-2.439268337630469755e-02
1.115584385956104423e-02
1.721761106819926423e-03
-9.035896149287146739e-03
2.593320132898743052e-02
7.821671484808548000e-03
-6.690779954978634536e-02
4.410064714814433337e-03
-1.634715708898474423e-02
1.990731173612497393e-02
5.376897908583395426e-03
-1.035793135896708773e-02
-1.863158813883363874e-03
-1.421478712775357638e-02
-1.976597024346330583e-02
2.268816273604598501e-03
-4.429051977886981281e-03
-1.492437661666668608e-02
2.768665151273456276e-02
2.717052709437001948e-03
-2.712934344271187778e-02
2.262026517065609393e-02
-4.402223371684507204e-03
-2.923418872008108974e-02
5.300234480657307207e-02
8.379276095232510851e-03
6.976213295932127967e-02
-1.528075328720791305e-02
-5.455834812919267002e-02
-5.341248734554414519e-03
1.132121342483908936e-02
-3.009998256311677972e-02
-4.548904477958466697e-02
-1.613612520652241492e-02
-3.524383046444309192e-02
-9.678116639098136020e-03
-1.401902066223327352e-02
-1.032943782554981635e-02
-1.886191476582785645e-02
3.160904723753744233e-02
2.388580113377992628e-02
-1.481880031097724745e-03
-4.154154121291801782e-02
-1.181027607928107279e-02
2.819194315178378749e-02
-6.007106814392314947e-02
-7.727496516175805588e-03
1.263882354244960822e-02
-4.712332948625105877e-02
-1.206046412215923055e-02
7.595376826349239940e-03
-2.856099447217345239e-02
-4.839675546134929694e-03
1.939956364090181934e-02
-5.674962323792007851e-02
1.688018280111057076e-02
8.657469096693778954e-03
-3.893603387317141201e-02
7.379198873818963375e-03
-2.382587054504874471e-02
7.470365027051126261e-02
-6.864689175207724925e-02
-1.504301491892185150e-01
-4.583015939949032502e-02
1.479684854321100806e-01
1.658521489910152746e-01
5.716791679606921667e-02
3.736698538883313769e-02
-5.899270209104606061e-02
-9.208790041230435763e-02
-9.581244976857547502e-02
1.645800370698923543e-01
9.847985335320887101e-02
1.062664828694931951e-01
-2.604708175966912176e-01
-4.810325811548233493e-02
1.766533921895144799e-01
1.407107840269604115e-01
-1.791576925207666315e-02
1.362386165044100761e-01
-3.579175899053595872e-02
-1.133467528055043111e-01
-1.760977911868834983e-02
-5.845012045384784249e-02
-5.177044406659870451e-02
-3.039170479816660081e-02
6.270040089341157030e-02
1.471067278885268004e-01
6.026193406464239871e-02
-6.934248490600104786e-02
1.813111256025285167e-01
-9.731116683241609888e-02
-3.581423783924355536e-02
-1.347845815403571068e-01
3.275680448688323559e-02
3.743212274505967885e-02
5.621394133007177885e-02
-1.993963330389199318e-01
-2.096398581872686157e-02
-3.714847175431516824e-02
4.140599259175826163e-01
-2.791959407908672364e-01
-1.781881229018126844e-01
-2.103017168565058659e-01
9.855388803076758908e-02
1.377811144924049810e-03
7.216887208397765319e-02
-3.828662129507594963e-02
9.075487569374391522e-03
-5.047087537422222103e-02
-1.551951844882234859e-02
3.417099222994322144e-02
-1.708175265999953979e-02
-2.309195806637863099e-02
4.693503410281881644e-02
1.192794017971671693e-02
-4.920708383130113772e-02
3.314624586797971367e-02
2.538373829629315785e-03
1.760463288132832829e-02
1.232218401635754891e-02
-4.039043440675460506e-02
-8.558804956977840439e-02
-1.706629725948180867e-02
1.323571195441895498e-01
3.383469350971251427e-02
-9.890000622771398520e-02
-8.068993113266940964e-02
-4.704731867948076102e-02
-1.942123941141713980e-02
-9.084006778390565917e-02
4.604203580394700124e-02
-1.208904511189201475e-01
-1.379046518441708613e-01
-6.480816010537666927e-02
1.141318722752548628e-02
2.026310243006672340e-01
1.393324478161065208e-02
-3.747346715731648958e-02
-6.546833085834832811e-02
2.112398120820441465e-03
4.744920963506721150e-03
-7.666040773045685458e-03
3.787043263973245959e-03
1.239181962175063025e-02
1.017908822969111476e-01
1.113575482546340645e-01
4.671129460325258720e-02
7.583432529845302028e-02
7.866217152269310009e-02
5.349371407213805545e-03
2.108774536511977618e-02
3.256919783890069309e-02
-1.922199043251458100e-02
-2.080126115447410440e-01
2.715266357594163862e-02
-6.553154666018212206e-03
-6.258289045170135900e-02
6.186937868386209460e-02
2.915932423259810086e-02
-2.569719388306291458e-02
8.000914300700734394e-02
2.705778265569041760e-02
-1.386164804638695958e-01
-9.700964014088149512e-02
-9.876820094712175646e-02
-9.493473331046978214e-02
-9.614286652975187475e-02
1.815338399552102883e-02
-5.505402577529749236e-02
2.151920346410428342e-02
-5.954673914866258355e-02
-1.112370529666462798e-01
-1.265564951668709248e-01
1.267647430281690912e-01
9.860389612622941224e-02
3.754126035919256449e-02
2.511992747385687411e-02
-7.972752800565664766e-02
-7.259160451413157467e-02
1.736714210913510581e-01
1.518132201482411403e-01
-4.529340202703338591e-02
1.922376989678101222e-02
-6.267528241067960026e-02
-1.794215224157030553e-01
3.099598358937210099e-02
-3.583912077659834328e-02
-1.410301721149099727e-03
2.946973060340219233e-02
1.549899071688277674e-01
-2.033544013192225761e-02
-8.074792106945494902e-03
-3.849307348048253141e-02
-3.788946222678319514e-02
8.831436810745588520e-03
-8.001036364701862025e-03
2.398710535920779360e-02
8.876973358541118478e-03
7.844428251255590456e-02
-4.420852960826462258e-02
1.230629090196077441e-01
1.400850152961814754e-02
-9.343391827160979490e-02
4.378588643325807134e-02
9.099162983492763146e-02
1.088948341899788341e-01
-5.616760561231884386e-02
-1.933415846380358988e-02
-7.619143778578384152e-02
8.660015320334314703e-02
-2.227020773631578632e-02
-1.156484234504150665e-01
5.002147782102477069e-02
-1.079797997954381611e-01
-4.749040610491223058e-02
5.982425222485442118e-02
-1.188384483786701501e-01
-7.483384747523200153e-02
4.991808746115562745e-02
7.317835737661609885e-02
7.549163297761773972e-02
9.297269809193708934e-02
8.615704992338348717e-03
-3.465824775261747842e-02
6.282783526133339791e-02
-2.216350582455817522e-02
-5.469289766225148008e-02
3.605184670461292207e-02
-6.161976410332004744e-02
-9.026019955418111695e-02
7.031369166117519554e-02
-1.318473858245033381e-01
6.650970075552319061e-02
3.362193392800611608e-02
-2.212696259099152241e-01
-6.338328559990627498e-02
1.401441461013218648e-01
-9.078492088068480792e-02
-2.365476910133921737e-02
-3.129251717234518559e-01
-2.215241927187225068e-01
1.223507611998061045e-01
-2.591257666434564899e-01
-2.491558120851986857e-01
-8.485248701579866173e-03
1.866099020991832391e-01
1.601228937308948608e-01
8.553768937018293994e-02
1.298930532554676276e-01
1.306308755307683533e-01
-4.347620858938645860e-03
1.130428129281591948e-01
1.135856945741100105e-01
7.594511184531242687e-03
-4.327752520699308658e-02
-2.190409058753145857e-02
-6.580029883279327196e-02
-1.122942075830728713e-02
-8.899323446803707963e-04
6.070199288903684043e-02
2.689369552475390224e-02
2.669428293194468435e-02
3.093929226909469463e-02
9.060253921304231572e-02
7.321781015366014833e-02
4.023194050201651245e-02
-1.809545195377447180e-01
-1.476886154491341141e-01
-2.368350023499634152e-02
-1.564064202387874525e-01
-1.454919344509860990e-01
-4.813294143951038495e-02
1.197627271421189549e-01
1.351243078204947268e-01
9.232339064893158032e-02
3.017139964300948329e-01
3.791491910706059620e-01
-1.068630070494778206e-01
1.811174515397502849e-01
2.792851687033233721e-01
-1.343271208840675912e-01
-3.451249263949823232e-01
-2.615070978287225012e-01
-3.741328498372276101e-01
8.025118145546487761e-04
2.103313237085321918e-02
1.327085717701542711e-02
-1.995189821153438639e-02
-1.939801150930774848e-02
-3.360452775444359996e-02
-1.457876691105427537e-02
-2.942490347367139950e-02
-2.771145665564108546e-02
-2.636798286132125031e-03
-6.430191435104215536e-02
-4.381368035819891565e-02
-2.114056045211584745e-02
-1.201968049987498927e-01
-2.720994720964707916e-02
-4.596132606111101582e-03
-7.219571745261316176e-02
1.732082127748313730e-02
-4.893088252182214298e-02
-4.615810096787059669e-02
7.322116123738935112e-02
-1.981188312168848109e-02
-1.440912057794702938e-01
-3.819217962517296866e-02
-3.256218502003051501e-03
-6.436229102729112972e-02
4.002549610701547356e-02
7.435526284776580730e-02
2.541297204489244635e-02
2.867537734078725448e-02
-5.342063530945022343e-02
-4.065574008005882339e-02
-2.795395165665512383e-02
3.860680173434531681e-02
5.996761292479003969e-02
3.707565447936523716e-03
-1.922711049639409253e-01
-9.026049756344196873e-02
4.854891371308905912e-02
-9.833281429408603780e-02
-1.768416450741286047e-02
7.202819367526179517e-02
8.005541978019220517e-02
1.105302846862577237e-01
1.329536205280791583e-01
-1.120042932268353469e-01
-9.061347432836913685e-02
-1.042442719561010728e-01
-9.636659784554606201e-02
-7.208378760696515508e-02
-6.571678325789441499e-02
-4.313850084589397615e-02
-3.374287095151789779e-03
-5.462503669627991575e-03
-1.370529142839506387e-01
-1.979528704676974948e-02
2.167441120109846967e-03
-1.003377537010720771e-01
1.217461551459286459e-02
1.763967354931388759e-02
-5.619351417254817016e-02
1.637706365565347322e-02
-1.630665623095702704e-02
3.888521554480808134e-02
2.375952640442336172e-01
-1.114927676938593792e-01
-1.246514197323983358e-01
1.353079784773683902e-01
-5.360389285530701292e-02
5.037922826184729891e-02
1.297140338830541639e-01
-1.319211582434820507e-01
-3.241047093398141676e-02
-2.438270356570509945e-02
-5.567856097665232346e-02
1.777612422892734800e-01
1.170778858691037816e-01
1.869485719695013898e-02
-7.585222040577499492e-02
-4.395220293630869995e-02
5.320948448570810008e-02
6.546385823300887585e-02
3.450406223166758990e-02
-5.004834746062671730e-02
1.202096392454930773e-01
5.373022056190335932e-02
1.089515184068622355e-01
8.198080618357984906e-02
-1.060307597456560669e-01
-1.374514993289066740e-02
-4.149582316592832082e-02
-2.760351650972618989e-02
-8.832285807390735655e-02
7.090428974999169257e-03
8.027839311918544274e-02
-6.041873704573218033e-03
-7.934670962941650640e-02
1.874425050420971267e-02
-6.668232107131169539e-02
1.263742434745511733e-01
6.759880580051481902e-03
5.682510548622937696e-02
-1.002953992642223631e-02
-9.947644080350970253e-02
-3.037421472228315003e-02
5.254285736138875063e-02
-6.359702396960242865e-02
1.806602246758085284e-01
-1.103671694424884914e-01
2.315847657614105229e-02
-5.050632869645278050e-02
6.564584234060777401e-02
1.174136228661748632e-01
6.090869323366024379e-02
-6.230130231942796956e-03
3.705789699304104512e-02
-5.200626703810957291e-02
-1.714435513155786878e-02
3.183036536547075197e-03
-1.891255599375731228e-03
1.595008733982372917e-01
1.215091945591956074e-01
1.050482160976998619e-01
8.173628439882810182e-02
6.760463456782507541e-02
9.005414851691888323e-02
-1.221046147974734764e-01
-4.165499181291276720e-02
-1.772054043771185972e-01
5.258114336966188823e-02
9.644133171984871356e-02
-1.210727431244515775e-02
-3.144862840293193018e-02
7.198200950745885229e-02
-1.141862643830005436e-01
7.954775480533721188e-02
4.312124054566108394e-02
4.757612809834881051e-02
1.441923121791880216e-02
7.173942886875762925e-03
-1.539768473658527717e-02
8.686322149479580590e-02
5.863380195912118453e-02
6.218941996358853808e-02
6.220855497398708467e-02
-1.558583068391217186e-02
-3.649233736315744912e-03
7.458146919475769354e-02
-7.716395284706970698e-03
7.185545131474943559e-03
5.328610446468253631e-02
-1.422949784744901094e-02
1.091007548343500208e-02
-4.270485605794040011e-03
2.694925369969777829e-01
4.267981967044452013e-02
3.651889056244365661e-01
5.506524409122504071e-01
3.703491499621772709e-01
7.975808071110553066e-02
3.158097939113049257e-01
2.087022643307170217e-02
-6.933925573501389938e-02
-5.422066570014064807e-02
-3.642157412957636869e-02
9.929812715395416878e-02
8.070227173630503681e-02
3.964586035276954079e-02
-1.642762925259819151e-02
1.971005992775435450e-02
3.518565429971551306e-02
-1.274670607385691712e-02
-8.786656884596336092e-02
-4.560874926420244169e-02
1.150163541239137277e-01
1.442429858168213230e-01
1.620929961663183927e-01
4.799238468626108867e-02
1.169656804330191646e-01
1.037662470076534393e-01
2.240010198977884087e-02
4.064188943677475574e-02
4.523971768211031835e-02
-4.569814523497613828e-02
1.516505563558097564e-03
-5.351790954452537857e-02
-4.594125146195253417e-02
9.003169943596393832e-03
4.470309804845838848e-03
1.002434466285049425e-02
-1.188828585923653626e-02
1.024141928194684248e-02
2.126070521428624974e-02
1.777268958615572589e-02
5.689286573889221904e-02
1.173220612585410992e-03
-3.906579075607999330e-02
1.637165776508846260e-02
3.218434340657118364e-02
-4.066461430169158314e-02
3.368103895516896644e-03
2.703655531110879182e-02
-9.071972712926722193e-03
3.595783207321326391e-02
-7.047217491812648484e-03
-3.832107413727918466e-02
2.871227728423604488e-03
