5.397435364906708055e-02
-1.996668564638294854e-02
1.598505122061524494e-02
2.337847785323511896e-01
-7.202652818277748004e-02
-1.050043975694723991e-01
4.631115075991403159e-03
-9.712063869203736710e-02
1.306146088394352818e-02
1.177781949085097424e-01
-5.489134416767508379e-02
-8.226181463141166161e-02
3.893844503054547102e-01
-1.030962841295028493e-01
-2.419610646972079615e-01
1.129043899116990574e-01
-7.608149656159526875e-02
-7.156309235851014694e-02
1.007760497416351347e-01
-6.000130388782664442e-02
-7.170212839520478942e-02
2.664237249106838901e-01
-8.057951888770696625e-02
-1.882882177462657791e-01
1.097822097692818383e-01
-4.445161933218661626e-02
-8.143467867028635065e-02
6.055962806467237586e-02
-7.292918728538133610e-02
-5.039831736029003889e-02
-6.740833192862827339e-01
3.732770649814363129e-01
1.786283607309965549e-01
1.979015915581665286e-01
2.146045065841517274e-01
3.892340848561255673e-02
-2.354230155556590737e-03
8.924788181819653943e-02
3.012268028380951299e-02
-8.960972762130834379e-01
4.971427853717850232e-01
1.017292238830274087e-01
-2.269201299659465501e-02
9.228677748953333093e-02
-1.012943243393499421e-01
2.597718428905864130e-01
5.148009964728952198e-02
-1.649286979162127575e-01
-1.532804393056019510e-01
3.596357877751980570e-01
-1.898449262495759682e-01
1.621022636437455811e-01
1.356558078574451702e-02
-1.455626964393752221e-01
-2.366624283149091745e-03
-7.976299469325416613e-02
-8.121636411838753511e-02
-2.662375766600047489e-02
-3.382773520708998172e-02
-1.228380308243963714e-01
1.324874981082465042e-01
2.123693247421234720e-01
5.133851874070966687e-02
-4.666792078413534162e-02
-9.062930047784295562e-02
-1.052028671938106535e-01
-2.314643937211880928e-02
1.621022904224766331e-02
-1.045964282377688931e-01
1.418408566464118281e-01
2.699514377790883657e-01
8.637847493532258003e-02
-1.299981538907437478e-02
-6.820519250299622582e-02
-8.801819434097073180e-02
-1.088231855876926673e-03
-1.530865815878074999e-02
-9.890714022128530014e-02
9.750477527589404558e-02
1.423332977697386037e-01
2.111098861117275891e-02
3.673316298562263049e-01
1.023058779430599641e+00
2.018755412464256216e-01
2.413832344292289045e-01
3.039946026046526639e-01
4.751201317833131377e-02
-3.729735226799582581e-01
-5.008877161618127127e-01
-3.778250448510176995e-01
-2.468396993522191940e-01
-2.680397529669736323e-01
-8.222100929205468367e-02
-1.752504609735247298e-01
-4.935015148851290001e-01
5.429557515526727690e-02
2.334649632514987638e-01
7.721801034202445402e-02
2.873693813664246477e-01
-1.883465840624588272e-01
-4.729448573460705574e-01
-3.106372792741392552e-01
2.851577366315537210e-02
-2.014483776114322222e-01
7.055784286576929562e-03
2.917127663944072968e-01
4.046462877731117902e-01
2.714697640978350202e-01
2.452904904849449730e-01
-2.646333168586858381e-02
2.708059181881579749e-02
7.834109383983201003e-02
9.341545374911580657e-01
-1.629852649343497273e-01
6.453819046768048684e-02
-8.626005359922603311e-02
-5.444733595871684151e-02
-4.963022203811019717e-02
-4.279681162281132045e-01
-5.420221742725744862e-02
-3.581813709912974319e-01
3.258044802558359154e-01
-3.770035341524683448e-01
-4.194623713235445805e-02
-4.349600063474538536e-01
-1.771358664282131345e-01
1.281917223199577870e-02
-9.923211308197858738e-02
1.092872864594251481e-01
-9.797243141592321125e-02
6.741245554441414045e-01
1.622121428206693972e-01
-4.928599630683200977e-02
1.402498007792003509e-01
1.225437254394550202e-01
4.001372107402363654e-02
-1.401220695377440595e-01
-3.518297305834528627e-02
-9.891035192234468032e-02
-2.875791847266131462e-01
-1.821921350798598460e-01
4.811976415129393808e-02
-1.980902696498797536e-02
-4.176206562154925056e-02
2.255281326544157292e-02
2.145033857083941675e-02
8.637212829532305014e-02
-3.333065792310960229e-02
2.628772885324088052e-02
8.814479863058724551e-02
4.589870279498343281e-02
1.723191819341567677e-01
1.262449601119721154e-01
-9.445090908105358007e-02
-4.857764112836936155e-02
2.283468878969131116e-02
-9.626749587941560438e-02
-4.211156201145604960e-02
8.255415422188340166e-03
3.054319086642579700e-02
8.071579272346006417e-02
5.569618254923974776e-02
-1.520220140265166886e-01
-7.688600484458749107e-02
3.988619545624895631e-03
-1.302573685938460957e-01
5.337398923906445936e-02
1.104419235201245936e-01
6.979594158908396240e-02
1.650962236812470452e-01
1.016427954420930230e-01
-1.302209492286373893e-01
-1.100189566160886534e-01
-7.474598745999400107e-02
-1.285543339605697000e-01
-2.978000425360447304e-02
-1.613304821637663805e-03
6.226397216848747473e-02
1.137145097085514450e-01
5.223551432394759469e-02
-6.651867517969883847e-02
-6.918005826018266968e-02
-6.203834879122017282e-02
-1.155918788501844180e-01
-4.085638342317640670e-02
-2.163025261488226228e-02
2.234338130684612733e-02
5.132932329142782940e-02
-1.951132501068959801e-02
1.319168038336096527e-01
-2.536069237573316260e-01
-2.554046925096279952e-01
4.206984161554616075e-01
-3.956193969668988369e-02
-4.242116799720120346e-01
6.828295872209965145e-01
4.432393108764058343e-01
-1.562622383615160648e-01
4.615414178995073252e-02
-6.793217509958844602e-02
1.450290264278528696e-01
-4.216456114692648804e-01
-5.198960329036881323e-01
-1.607048348047991071e-01
-1.406432154882630015e-01
-3.307962483464602643e-01
-1.541090967163239178e-01
4.142556501639041433e-02
3.238244910222115025e-01
3.300605947524337669e-01
-1.991676012535561757e-01
2.937675805282117247e-01
4.912112390207403201e-01
-3.824886721970887082e-01
4.923916864200742188e-04
2.369841726376688273e-01
1.401894640896119565e-02
-2.024150329867187847e-01
-1.155194244569820033e-01
-1.408608373803146019e-01
-1.260611655468036607e-01
-2.243625636904358345e-01
-2.142941328223888983e-02
-1.070706437486641655e-01
-1.703748484187324608e-01
1.377450030974840811e-01
2.865509876914972276e-01
1.054257776279778486e-01
4.084943819159520539e-01
8.184103509227053097e-01
2.892734075652769743e-01
1.139422046154520557e-01
3.720038184614949395e-01
7.885453557934357649e-02
-6.116542542254824882e-02
-6.084668374266095220e-02
7.003633191485107712e-02
-2.874485966425062711e-01
-2.525579531830242641e-01
-1.135323951563845662e-01
-2.636309571225313730e-01
-3.389614920271840082e-01
-2.761183480453227937e-02
1.113869118225260975e-02
1.855481995129479658e-02
8.809324631488453863e-03
2.360431072265575456e-02
2.638071694370267006e-02
-1.719332789109051171e-02
6.447235951787081386e-03
3.458859107730640620e-02
-3.083125301824755915e-02
6.953631765697430855e-02
9.494341539847429845e-02
5.240099912742365862e-02
7.392071040405795435e-02
8.198083710032072480e-02
-6.470719170933011445e-03
3.031933401803495187e-02
5.276331187039618592e-02
-3.728433217996900834e-02
6.490511195347342666e-02
9.289360079658531832e-02
4.996155287897285913e-02
3.339127727256564759e-02
3.737048330825760295e-02
-3.804852561774568070e-02
-1.119737316831266073e-02
9.887564733063769137e-03
-6.561619296617433872e-02
1.636601475249344073e-01
-1.129753684319101253e-01
2.866078354604532641e-01
3.127824054033717660e-02
-5.142080201064967993e-01
-1.334630688128130294e-01
1.829937446090012243e-01
7.367481028062262093e-03
2.094010737840239222e-02
2.300888303630692355e-02
-2.785386510146722894e-01
1.999273376296774596e-01
-1.345490076686452763e-01
-6.714835720477192460e-01
-2.442944932509846512e-01
2.388648701556448858e-02
-1.030384272875518592e-01
-8.931649405816043802e-03
8.852988317143915820e-02
-1.854446510366990208e-01
2.061972620090516961e-01
9.533821231618031661e-03
-3.995249517984936216e-01
-2.661602827548366010e-02
9.454956675856317216e-02
6.399637318378549600e-02
2.130517538619899065e-01
-1.454881770024478091e-02
1.527992492331114172e-01
1.890176859134084231e-01
-2.041033002274704189e-01
8.816267191170792938e-02
3.653522420569678686e-01
-4.969382064820113826e-02
-2.129760394212073735e-02
8.669469109726300748e-02
-1.687560172398685499e-01
-2.895638658172332014e-01
-2.016206999703240021e-01
-2.682619090938518358e-01
-3.471209698099260166e-01
-5.529694366026344926e-02
1.520270733054792101e-01
-7.569766662535064305e-02
2.815547803033820271e-03
1.735234809299567582e-01
4.971516314553429267e-02
-3.934474714068813932e-03
-3.297021420514682777e-03
-1.192576716765896272e-01
-9.152749984916856360e-03
1.042536400054202700e-01
-4.902528999004737709e-02
-1.319433085630961067e-02
1.336942187803962789e-01
1.768049574386719724e-01
9.241869799615946846e-02
-2.375326646542558554e-02
-2.794506422066819762e-02
2.077956579185877587e-04
-5.459741780560148361e-02
-1.101000212147642265e-01
-5.493631243897113825e-02
1.397649008570480134e-01
1.635585445017000428e-01
9.177061036329266230e-02
-9.092590665985787746e-02
-1.039979175228749469e-01
-5.476656126638675126e-02
-7.819225896269609011e-02
-1.239139158782573691e-01
-5.307927972957465768e-02
1.026092938193891441e-01
1.260594524762331248e-01
5.882161355142238868e-02
-4.438617099359627727e-02
-5.439481880115871332e-02
-3.630013046528307585e-02
-6.108290018606076649e-02
-9.363823654331306090e-02
-4.822455047621376778e-02
4.060807272188365902e-02
-5.742217000983183828e-02
-2.484705196388339865e-02
5.079627672844654745e-02
-5.917548989718425523e-02
-3.005401687175611805e-02
7.027233168011472707e-03
-1.250230574442239562e-01
6.297984265247209834e-02
-3.724472059213115166e-02
5.400662709329941656e-03
-2.268927579520818583e-02
5.132997281207355572e-02
1.267451258700162120e-01
5.084000193682192831e-02
-7.200567781993587324e-02
-1.361535573400529109e-01
-7.298469191574145920e-02
-1.306843094433112751e-01
5.060857834413155093e-02
1.263678942120628410e-02
7.819632018461951384e-02
3.202414541458091790e-01
2.159139354336282457e-01
7.425765294742974788e-03
1.014675126048147219e-01
6.170845688347796620e-02
-5.761380122325008429e-02
-1.678640090311776800e-01
-1.403873455719392427e-01
-6.540192597584580658e-02
-9.880636605456741273e-02
-1.833083301126237352e-01
-1.436811345915431186e-02
-1.069875912737812268e-01
1.867293462338486670e-02
-8.990052722194633028e-02
-7.552714400808355211e-02
-9.518937473778091296e-02
4.263988044616071060e-02
1.535486580051241001e-01
-6.657447068216759689e-02
8.063938888382096715e-02
7.291028320814152419e-02
8.211137284095147704e-02
-8.931127671720832939e-02
7.853881484632524446e-02
4.438053136383153519e-02
9.685241498649828362e-02
3.158531438132010649e-01
1.050867806872778643e-01
6.418417086932666493e-02
1.120967200665899388e-01
7.565467417013907458e-02
-1.485061529121425687e-02
-1.084935123574212595e-01
-4.684225791301319802e-02
-1.359264446513424041e-01
-2.230825580718681089e-01
-2.434085973060901575e-01
-1.054033922987825944e-01
-2.636694430398665578e-01
-1.485249324356618106e-01
4.767915044967312166e-02
1.128156787773564457e-01
6.814936149743715255e-02
4.354025013772996888e-02
1.593507104041437250e-01
-3.235720742564249242e-02
1.266685049511259882e-02
-6.139167386911623461e-03
-3.615230071937038797e-02
-2.008114664496216811e-02
1.455461222344554828e-01
5.986251145934599199e-02
6.911863597260368974e-02
3.114688142647693003e-01
9.697605975570834647e-02
1.364219376498930145e-02
1.342939992823143636e-01
4.403076610580451689e-02
