-4.076759462844305876e-02
6.908147718490341427e-02
1.056268924177088987e-02
-1.610891797954783558e-02
9.866510410254480945e-02
-2.251447187064935934e-02
-2.953436923832526706e-02
-4.339430869260611778e-02
-3.873177082400777044e-02
-1.106402868187789101e-02
-8.217312036791926677e-02
-8.068985655195101692e-02
-5.149548816285486053e-02
-6.226118598656679715e-02
6.644399111644606892e-02
-2.292297124434959990e-02
4.381884520315583106e-03
2.538421882183380593e-02
-2.440049973176756926e-02
-1.436355868084540112e-02
-2.227102297971367273e-02
-4.200294295716972687e-02
-1.492123477364545002e-02
-9.580040179652801269e-04
-5.660829049800543411e-02
-4.601841941171161410e-02
-9.017167756988372571e-03
-5.605042021691589160e-02
9.045071896941044021e-03
1.125865024237431705e-02
1.568428158555509877e-02
3.721076381765400787e-02
-2.570701395105954440e-02
2.229104110932158059e-02
-4.252409013410039101e-03
-2.018636148458839014e-02
9.958338094210800184e-02
8.705076891955938756e-02
-1.377620817345354132e-02
7.268651503932464786e-02
-5.552756758332506870e-02
-7.959086771827496298e-02
3.831922298309557023e-02
2.166280081744146463e-02
-2.992890060320187867e-02
-4.738016014298280371e-02
-3.165605959782996637e-02
-1.131636108935131675e-02
-6.876634492216036898e-02
1.175961936992925456e-02
7.111098123638774637e-02
-1.431549322730665992e-02
5.407097742829861109e-02
2.759497678823890493e-02
-1.680804310698601894e-02
-1.818615303442524742e-02
-1.317011809765398361e-02
-3.427747399526871047e-02
-1.976650435395591043e-02
1.241056029941637814e-02
-3.189367327677235936e-02
-1.179399946353633377e-02
1.396456922038144532e-02
-7.124918432477503338e-02
-4.955564809680707006e-02
-1.739671786694032066e-02
-7.354959830719301483e-02
-2.945914080123289425e-02
1.251838925781576829e-02
-4.193526661157136182e-02
-3.143314950551370085e-02
-8.130905686094248158e-03
-1.370603660131174996e-02
-5.097972300335951862e-02
1.153606747336206016e-02
-2.311525085688403980e-02
-3.076325994307190989e-02
4.213827439657005097e-02
6.049378565288774344e-03
4.054468719260133358e-02
8.286351685128588718e-02
1.926935709633394210e-03
-2.215577873825951352e-02
-1.305587508145716717e-02
4.509662274337162408e-02
5.174886801824277183e-02
1.607644576596151467e-02
2.437909651633006491e-02
-5.633288581213565308e-03
-5.962103813061181423e-02
-6.045205243773033726e-02
-3.338728140463258220e-02
7.157185034933770222e-03
-8.041812311390731521e-03
7.006213070334063597e-02
5.029020315659391005e-02
4.119342218562335733e-02
3.559999453630539878e-02
-9.636131639745016547e-03
-3.490819543437715528e-02
-7.421984543110904387e-02
4.962289143705400814e-03
-6.245466234088534879e-03
7.473998580418581179e-03
4.199341418296414358e-02
1.847077701521570095e-02
1.479092619632148449e-02
-8.784681605219561012e-03
-3.626132918811110495e-02
4.935089235155545352e-03
2.174071654418713306e-02
1.228203660734157078e-02
2.645048254554652548e-02
1.418553822674510460e-02
-3.304820633678363234e-02
-5.162228169305620173e-02
-7.400916043466511385e-02
-1.725730608263345567e-02
2.465691487497463294e-02
2.668858501580583659e-02
-5.276535737833967267e-03
2.587664552418303746e-02
2.332045315550726125e-02
-1.536272437346897571e-02
1.767552549670676695e-02
2.252402189665132694e-03
7.670939508843329334e-03
-3.497203583072742983e-02
-7.341159976734598636e-02
5.098403711802632944e-03
-3.939945444998446678e-02
-4.294413188971398648e-02
-5.878194814086576403e-02
-4.879431046062194383e-02
3.301591024745988145e-02
1.974769518591503945e-02
1.552649762327059334e-02
4.857590309266543449e-02
2.541691736705166751e-02
1.081369102114295572e-02
2.414509298629913259e-02
-2.894536109081512557e-02
-2.561974982473014251e-02
-1.801546657525853606e-02
-4.300660923214751075e-02
-8.453168356631263203e-03
-2.751740563197882863e-02
4.925463372280217828e-02
1.081947123995409682e-01
3.013648914635628367e-02
2.676958588988062257e-02
8.199970808356979446e-03
1.175005194023669923e-04
-5.401902680382637822e-02
-6.708233841064549507e-02
-6.713739390367486071e-02
-1.081955662689039060e-01
-9.815904028531581560e-02
-5.049163760803302564e-02
-1.024318311987377217e-01
-1.030372651239243875e-01
-4.390467468249412836e-02
5.055553708876559665e-02
-3.162222660807464860e-03
2.940529314360374857e-03
3.486610255405577646e-02
-2.925984317593646397e-02
-5.452467965415778474e-03
-1.705240800207239241e-02
-5.239093405460386321e-02
-3.235362296006318028e-02
6.989389171177923764e-03
1.086060222257084068e-02
1.008539211629119921e-02
-9.895761564422135212e-03
-8.694479470947171634e-03
-1.794566984097504050e-02
9.978504367822011584e-03
-2.571400157699698947e-03
2.456401604326654674e-03
-1.903912922287950837e-02
5.258386082842703277e-04
-8.428874580700924241e-03
3.100838278519610705e-02
-5.501391340757743470e-02
-2.205628520318902649e-02
-1.187931750581153016e-02
-5.332356213326953920e-02
-1.493119377020794847e-04
-2.975592338747424029e-02
-1.169355250164218901e-02
2.209230274857899162e-02
-6.086764344646451719e-02
-3.217796915251471164e-03
3.313052243972205296e-02
-7.525757467475292783e-02
5.336578573475543770e-03
-9.628407434536858387e-04
-3.237514142205300677e-02
-1.802024602789817354e-02
-8.080620860386925064e-03
2.793607018319523450e-04
-6.386649466193397139e-04
2.313072834195464833e-02
-1.504489434674494142e-02
7.231705847849729391e-03
3.277964175930656726e-02
4.204105471059007421e-02
2.137120649391955132e-02
1.889870730550270717e-02
9.949010813684622603e-03
-7.526286484862718205e-04
-1.480780821619856989e-02
1.113994033741154584e-02
1.656004975461520742e-02
9.447010282223198196e-04
3.889736530815610799e-02
4.109061701591043732e-03
-1.521530425155224499e-02
2.595282979185253511e-02
-6.233715262006730463e-03
-1.558222861257300106e-02
-1.583640978019161885e-02
-2.571841880062868471e-02
-3.662940957158519750e-02
6.012389938025282377e-02
4.977399618513951574e-02
5.089524352905447357e-02
5.298124638269283149e-02
5.895025832601528959e-02
6.708650519773218246e-02
3.649073927895737923e-02
3.977561049479896166e-02
9.073293843591228843e-04
4.207509022960966710e-02
-1.973694131865142906e-02
-2.268124840866527631e-02
-1.077455055613411525e-02
3.611443571156013055e-02
1.694902183352420266e-02
-2.633119767191351851e-02
5.077139907989026285e-02
1.501023631402779654e-02
-1.749963996923170270e-02
-1.180612349010576323e-02
-1.090442599432375238e-02
-3.124202100079541064e-02
5.650073609432411034e-03
-3.705074639999218072e-02
-2.626086197197461183e-02
-1.154799639658202464e-03
-3.937429427933173548e-02
-1.089507254713473899e-02
-2.520598746781278765e-02
-2.944672011836557343e-02
-2.390790807203291291e-02
-3.058708888876826570e-02
6.895106728806740456e-03
1.041528788381319674e-02
-3.903025409425951026e-02
1.283423729911356516e-03
-3.287681829409389717e-02
1.276666904225233316e-02
1.342293848542973865e-02
-1.572866720831551934e-02
1.416614590190214996e-02
2.510383559366492420e-02
-3.093604478545223385e-02
-7.909815742860518487e-03
1.565751937843784872e-02
1.697327482407435389e-02
-4.038195553198740961e-02
-1.279397783567339832e-02
6.072751346654587518e-02
-3.765205647007129758e-02
5.688543763386346656e-04
2.369936836846186536e-03
-5.537092382057038492e-02
1.520735038688325602e-02
-2.506538762123354004e-03
1.179381656126279355e-02
3.286215702321698684e-02
3.767075334698751637e-02
1.878605379223478172e-02
4.444826270661716983e-02
1.059069197034966277e-02
1.744376018220280405e-02
2.791442531037794175e-02
-4.684309544751938392e-02
-2.218518291550750435e-02
2.976792685104485275e-02
3.802708369375865788e-02
-1.306436220637373705e-02
-2.767837554061919336e-02
3.505037032621020898e-02
7.093724763398472077e-02
-6.407959595296837396e-02
2.657864002976127391e-02
1.034036298481970026e-02
-3.566440838803348889e-02
7.854875259605270318e-03
3.664288658421288331e-03
-2.817573747751552643e-02
-2.872142423631654159e-02
-2.747246956871558093e-02
3.517065660171788538e-02
-9.626432873638857135e-02
-2.481968188932567182e-02
-5.430093105723830804e-02
-9.068927558632453034e-02
-7.388288053737911143e-02
-8.537647271569633045e-02
-5.120748147570530762e-02
-7.383419878647227985e-02
-1.074312840082682491e-01
3.082357862568364457e-02
4.098217221125730059e-02
2.237908213227731216e-02
-1.759974606933996421e-03
1.374340965819169889e-02
-1.421745800216338111e-02
-6.039372114185036916e-02
-3.708836041808874495e-02
-7.293959770401836629e-02
2.743607338616982361e-02
2.412890048669542181e-02
-1.520619700581889340e-03
-1.825194068274051812e-02
1.993344402792714479e-02
-1.839011186535285253e-02
-7.744686830049492265e-02
-1.846415360213003384e-02
-1.951405124861285700e-02
-4.783865335743157227e-03
-2.303142913152794388e-02
-2.809071049958378197e-02
-3.361933980516944309e-02
-2.601191128476919301e-02
-9.936640229946861955e-03
-3.252639916494515226e-02
5.207182411231316447e-04
3.585882292856129583e-02
1.654439714355148902e-02
1.905867714160649345e-02
-2.171793280715668406e-02
1.698848171841559063e-02
1.553601622874703492e-02
-3.047962164928290363e-02
1.986413250176439355e-02
7.767500482014895978e-03
-2.184099279356326723e-02
1.691693824429726933e-02
1.113040093493431089e-02
1.195078938733123118e-02
-1.803146912327418302e-03
4.318050634800331584e-03
-1.562862308076093040e-02
-5.682315242514598963e-03
4.025610891756546683e-02
3.965000501490794846e-03
1.352770292063697373e-02
3.880653972047332784e-03
-1.184267114598795689e-02
1.925989857057945273e-02
1.246731708968406779e-02
1.303996076115025889e-02
-8.822774657015716379e-03
-8.027831516950939550e-03
5.399793078249908677e-04
-3.570423060828748635e-02
-2.579099266271429880e-02
-6.051322385604691184e-02
-2.040114360242882910e-02
-2.679955865181616464e-02
-4.002484055622920062e-02
3.695601066337689256e-02
1.654492112013377508e-02
-1.847325589257558468e-03
-3.302001394820942848e-02
-1.696809951007699491e-02
-3.073228652225008101e-02
-5.211387443482304316e-02
-2.560154388190672564e-02
-7.671324820691906299e-02
7.427294504945902015e-03
4.287297776188320197e-02
-3.223521480249279259e-02
1.458557678862588622e-02
2.679665274499053607e-03
-1.958575912639277591e-02
1.680449623472518713e-03
1.269653497201871789e-02
-1.269650300464007266e-02
2.359582786322244816e-02
3.444803520924549084e-02
-1.315559950858676518e-02
-7.434809482845838868e-02
-4.114530198483520862e-02
-5.950979427958886375e-02
-3.148097454791022598e-02
4.454418184259684860e-02
-1.458624618072757242e-02
-9.218123641177371208e-02
-3.373838824609051495e-04
-3.301471649689123600e-02
3.191843971218888409e-02
1.222856307390798002e-02
-1.931020753316614602e-02
3.534303528304188341e-02
2.523151306163132560e-02
9.965880286444683822e-03
-1.066092921394582848e-03
-6.403235393588168310e-03
-2.296338908982405169e-02
2.291916594699128576e-02
4.158585813023691485e-02
-8.784580369510273240e-03
9.190426671678767964e-03
4.327841065133539861e-02
-2.146840458299632479e-02
9.340460876399120024e-03
-7.830983850302715085e-03
-1.411031368426572154e-02
2.090516244548254812e-02
4.451152223800900615e-02
3.789954346721727176e-03
1.929249207720392517e-02
5.279803642686786008e-02
3.601090833335195140e-02
-3.785138569289272364e-02
-4.255029471543587266e-02
-5.618831633870551012e-03
8.532194709500527663e-03
1.027497073452338511e-01
-1.172191704471747531e-01
1.424589981024550756e-01
1.724222809408664306e-02
-1.840098794759254808e-01
4.315843655044820926e-02
-1.463531858932491381e-01
-1.228347821577638194e-01
-7.699875437982262039e-02
-8.205023551498225043e-02
-4.437796613202997509e-02
-7.130896677084276603e-02
2.855810927099521057e-02
1.412289484941177120e-01
1.169941215616310259e-02
8.765951913818492702e-02
-1.519797863778076519e-01
3.696195664070233561e-02
-2.169074830426381481e-02
5.146032637886046972e-03
3.381798537283083050e-02
1.155433857650327474e-02
1.982845915033065731e-02
-3.111058182253963189e-02
-1.618355949832577315e-03
2.000955461409389610e-02
-1.460380940161272456e-02
3.500881758034436742e-02
4.946842359801775736e-04
-9.078387333515855820e-03
-1.650788067326812436e-02
-4.781072586193996915e-02
5.183760259618561822e-02
-5.679365349500265642e-02
-1.795345589786182319e-02
8.585789926649607662e-02
-4.853321598716577728e-02
-4.954111959449065267e-02
-3.149393836086674531e-02
-9.483106021653964213e-02
4.815519814478450011e-02
-1.433189048216031505e-02
1.220287077079272586e-01
5.369470204882304670e-02
-7.451273009402989422e-02
-3.537945265410816220e-02
-9.929387185962694484e-03
-1.148359122916207259e-01
7.729137987262556242e-02
2.818126664484283533e-02
-1.999711875051156384e-02
1.183700084727672824e-01
-4.721787447508161289e-02
3.841976047564597818e-02
1.547397264461835946e-02
3.417550891738553327e-03
-2.266324810416863247e-02
-2.736871678706693720e-02
3.441862131163279243e-02
-2.918467027891515422e-02
-5.861830224766701597e-02
1.478764536247954928e-03
-9.348368987697482091e-03
-5.180584497245010328e-02
-2.958612883018122211e-02
-4.543593194178956185e-02
-1.279450006670080318e-02
-3.854449410924035146e-02
-3.365915707582067123e-02
-3.629822397872739526e-02
-3.874833553155363625e-02
-5.309206054158486371e-02
-1.271239664846621729e-02
-1.258102957215758051e-02
-6.654202189085350883e-02
3.025032019478681236e-03
1.993682814905210765e-02
-5.006840329072038964e-02
2.041841568832431300e-02
2.012906004215711531e-02
1.400799888055747830e-02
1.152615849846743562e-02
5.134298723256391916e-02
5.387848778677410688e-02
1.455150223484330194e-02
3.478501087491724098e-03
9.498000464372720331e-03
-2.283064108241393900e-02
-3.455878543386686069e-02
-3.849579127372567897e-03
1.945546025133151197e-02
-2.394048716415895367e-02
8.473209234212089602e-03
6.394078288810110811e-02
-8.095042732000150287e-02
3.657476340643020518e-02
-4.722310770290433918e-02
-3.797954657438112197e-02
-3.648549183883818131e-02
-2.831180604749966578e-02
2.062370219133388000e-02
1.542046648943990166e-03
5.021676178389070100e-02
5.591968770763472429e-02
5.090158137409823980e-03
-3.396902576970300264e-02
-8.024290027547933968e-02
4.982447058884896182e-03
2.938533761295207547e-02
-1.411886261891470533e-02
5.843009354493423901e-02
-1.027463558026551343e-02
-6.263757858066019979e-02
-1.751783672375059955e-02
-6.415278051193465392e-02
-1.075476096305007512e-01
-2.896005163634981713e-02
7.602940188263909542e-03
2.508399934043855153e-02
-4.012453382476764696e-02
-1.158480279274811016e-02
2.330467676925225638e-03
-3.642006343309594357e-02
1.598121706263835873e-02
1.091925373531966482e-02
4.878879705730033989e-02
-6.211410847783422479e-02
-1.079901036521413588e-01
-2.397827823417504958e-02
-7.571831109780648161e-02
2.258036355218417945e-02
-9.062454950537951470e-02
-4.609018921365681115e-02
2.756814194098726814e-02
-3.110656198036178266e-02
-3.189977969858191764e-02
1.451603916438263739e-02
-3.246602633286228140e-02
-1.457277364858648033e-02
5.234636073288678054e-02
-2.540794183459603450e-02
5.138784634092537218e-02
7.763486443812671334e-02
-1.145994090065552938e-02
6.560168186386098298e-03
-3.608149361622831758e-02
2.822636376591496077e-02
-6.598923925696166884e-03
1.335512076126905631e-03
4.147840577484340069e-02
2.059193067118039039e-02
-1.691733487829741658e-02
-1.802186144617456964e-02
-1.400275233599069559e-02
2.666687399061789740e-02
6.053532151717254568e-03
1.809181463001581849e-02
-4.352539885013861909e-02
4.090849236516853199e-02
9.459734227444003760e-03
1.078153623955819228e-02
-1.190088238697059077e-02
1.014996110802727711e-02
3.604481694707597356e-02
-5.410717021717177666e-02
-1.738947991208932876e-03
2.988957920579351016e-03
5.999650464999380789e-02
8.078426460746915283e-02
5.452520165231041632e-02
-3.562654342842583310e-02
-3.959026016940735831e-02
-5.134575004740253579e-02
-9.563520514619125445e-02
-4.295566446020336604e-02
-1.024437286379256858e-02
-1.075657600550019993e-01
-3.565560158706868044e-02
-2.559633594775764104e-02
-3.053882277189771607e-02
-1.075722373146714705e-01
2.363092501584343127e-02
-8.411812480642001655e-02
2.678294794860193451e-02
1.282215621212334511e-01
2.053170476900860811e-02
7.877021116426193015e-02
9.659215923290020989e-02
1.299788483656459659e-01
8.608293968397393026e-02
-7.582973870584038684e-03
5.565340032584645963e-02
-6.428701378837020641e-02
-9.991683246430478615e-02
-1.053109250620210269e-01
-1.397373364306316590e-01
-5.230801369684306978e-02
8.356814768592884385e-03
4.032226537485877893e-02
1.523113371071615520e-02
5.190231428058520585e-02
4.532668733282085166e-02
-3.398883423281108193e-03
-3.820888486344487661e-02
-6.872188200358880783e-02
-5.093631969702601403e-02
4.366003390021572922e-02
1.605141273604255084e-02
5.057273467451111476e-02
-3.768542911051370181e-02
-8.585765554756767670e-02
-7.415764958295986697e-02
-8.692069917314702854e-02
-9.727887081677843994e-02
-4.585094013045633299e-02
9.241754503276825017e-02
1.294318169335974267e-01
-2.512727371525440290e-02
1.528416749484915460e-01
4.058546955388157157e-02
-1.669695384844121500e-01
-2.521260306727586553e-02
-1.523060560248430950e-01
-2.184722318826253229e-01
-4.360209660266962939e-02
-4.915951623236572421e-02
-4.457690383977411241e-02
-3.164146393642635474e-02
-6.996609360565221591e-02
-5.069504787728355832e-02
-7.800993874192629907e-02
-1.003086008899167249e-02
3.706707051812244136e-02
2.873490595394759262e-02
4.435150171308492595e-02
-6.054769015372733244e-03
2.522197230946611468e-02
-5.891360610783966112e-02
-3.346751247654865258e-02
-2.540705390157583024e-02
-4.398703786639376195e-02
3.827448135780491673e-02
1.665374539997142508e-02
5.842310829583350490e-02
-5.627065631938694967e-02
3.492915575825820962e-02
-1.688936914692922139e-03
-4.603388609844512314e-02
-5.160417724741908629e-02
-5.627339857630730968e-02
3.166821762278479446e-02
4.562763172099448122e-02
4.553989170543397587e-03
-1.254525783674657544e-02
-1.576919137145373420e-02
2.514479364481643237e-03
-2.368950475013689716e-02
-9.920360968444267517e-04
-6.228349402938677427e-03
1.551880053029343690e-02
1.919707802686667839e-02
-4.586611449456644285e-02
-5.637727071158483982e-02
-6.384534767897276364e-02
-1.009920290890253119e-01
-5.502550486369059413e-02
-4.429258387560142118e-02
-1.352680638763646172e-02
4.347953887520739774e-02
5.703936301263642233e-02
-2.750665355480726160e-02
-2.385060949616733816e-02
-3.140957885398507066e-02
-5.541532848394951916e-02
-2.664709637802157444e-02
-8.423885327763387665e-02
-6.360662892483497088e-02
-2.152369790111553077e-02
1.315760095902393234e-01
9.164382985544017313e-02
9.116881318227972042e-03
2.997294951225538615e-02
-1.939194142029383684e-03
-2.377448297935089855e-02
-4.922303162225281220e-02
2.279329490911849877e-03
2.778713069752402828e-02
-1.314973738622273900e-03
-3.359314860282055192e-03
-5.128732713479410010e-02
4.518470682931505916e-02
1.374539578300654763e-01
5.767272404820767556e-03
-7.603710995394753758e-02
1.728627230770032538e-02
1.793708335236586862e-02
-8.773530754745068397e-03
-4.118814256639520555e-02
-3.822374510187892538e-02
-8.092009438983135960e-02
-8.080602555757809835e-02
2.627167406737683609e-05
-3.881635082647377083e-02
-4.624468405467321852e-02
-7.898946005739196016e-03
-9.104675689668527416e-02
2.372352731628418754e-02
-1.925225463971068623e-03
-5.662728298672510541e-02
3.026629978623783523e-02
2.656691607747916836e-02
-3.021373549327198774e-02
3.500505187763795767e-02
-2.043444374899558783e-02
3.577547478505120875e-03
3.831174761351738983e-02
2.358543920372221849e-03
-2.950590053211664399e-02
9.348982406015142466e-02
9.913495768962779509e-02
-6.339660495389612405e-02
6.240757416346205677e-02
9.452118005326658190e-02
-5.382562989304708057e-02
6.963013045372027851e-03
-1.622725093816897168e-02
-1.653986479184140282e-02
-7.579328505426870255e-02
-1.187087384303009557e-01
-7.023312848552248910e-02
4.151847280727587880e-02
-8.240480525741951390e-03
-8.630944131115343698e-02
-2.572269861143329159e-02
9.740959514593559160e-03
-1.176888737063811786e-02
1.535598718540433921e-02
2.216838021834669978e-02
3.496347953780499368e-02
3.202875715796892064e-02
-1.645423675362787594e-02
7.945936158175545549e-02
4.766481632263592366e-02
-2.043663117333481202e-02
8.902628844929405538e-02
3.774055959255047388e-02
1.154448213258633948e-02
1.712558547680496576e-02
2.162562132515636823e-02
1.673036242494486221e-03
-6.934619305260306121e-02
1.146567652505856537e-02
8.962915426344730818e-02
-6.950177044911742819e-02
6.121003225188158779e-04
3.546514440795121154e-02
-8.591690266644243235e-02
-7.556861226991552771e-02
-7.870199555605131292e-02
3.138756378063807528e-02
-1.830081643787622239e-02
7.063475126046714347e-03
8.899923049631214625e-03
-5.838268226925495685e-02
-3.477740458505886728e-02
4.264882326516239441e-02
-2.131493551590596044e-02
-1.686162732907019873e-02
-5.214828957720387716e-03
-2.543085537265981841e-02
-1.910008379203393877e-02
8.849675676525472351e-03
5.656176136416229266e-02
4.249743405711619432e-02
-4.286060249549045187e-02
-1.792461756132263800e-02
-2.970822853379749898e-02
-5.470078628894693706e-02
-4.320893766915442219e-02
-2.740867973951072872e-02
-3.285902955080509304e-03
1.390522903231530827e-01
3.292976988174699943e-02
-5.389918179340633803e-02
1.613850839657183026e-02
-2.246557399427277085e-02
4.119226464603889526e-02
-1.798690179586340254e-02
-5.061010444812474168e-02
5.435645264354085210e-02
-4.085447577425577160e-04
-9.779741673158263288e-03
2.832865791840417577e-02
1.788852097653334181e-02
-3.531443573192165342e-02
-2.950359994502493519e-02
1.400636892287857732e-02
3.989818440695402230e-02
-1.422608082326811685e-01
-5.452622399354529331e-02
3.018348292856622150e-02
-1.503364133501841338e-01
-7.616230840123876245e-02
-3.794049406590992851e-02
3.307688923748303839e-02
5.028571622393800122e-02
3.250212589573837213e-02
4.318027754936761692e-02
1.244184876025694261e-02
-2.004241064235408668e-02
3.861763897749165980e-02
2.666853311820496439e-02
-5.798964975273758655e-03
-2.318137817978077608e-02
2.320916838521259323e-02
2.390234857548373046e-02
1.108203729474811425e-02
-4.230416840864445645e-03
2.235897779243774253e-02
-5.711566776066074463e-02
-1.458490707850072614e-02
3.236705545657593552e-02
-6.110154767091922554e-03
4.909384800499918232e-03
-5.672235525382794859e-03
9.148875271961183497e-03
-4.365201262142167499e-02
-7.367021182253895295e-02
2.916207786903620217e-02
4.841936300141394534e-02
1.609997784041556496e-02
3.015315787729743943e-02
-4.820822910790391325e-02
-2.573913501189356925e-02
-2.022676638653547049e-02
-5.903307391223713146e-03
8.472696506182750276e-03
-2.395949078433288332e-02
4.046946603611579346e-02
4.189031367644724738e-03
-6.908980334292472159e-02
5.464745895223203746e-03
4.481347588389554548e-02
-2.749994070773669613e-02
2.721701475474858425e-02
-9.441000789160705273e-03
2.334691440707746882e-02
-1.771420877546453151e-02
-2.715306882238460381e-02
-6.314937155797581414e-02
5.271169917778126962e-03
4.172752310761609212e-02
1.748347087733866101e-02
2.085187335542409634e-02
1.978994648242952958e-02
2.188491982453329501e-03
-4.012441796080647854e-02
-1.330894026649681074e-02
-2.082595758103213471e-02
-4.554785793598682686e-02
-5.535961822351779388e-02
-3.168140902920889984e-02
-6.679941724947570381e-02
-1.480696447912469883e-02
-6.716104746300782802e-02
-9.611169839773596457e-02
-4.008155876595540304e-03
1.274925642740673271e-01
-2.667743854078405072e-02
-7.505521102260453992e-02
6.889518855111745332e-02
-1.092778363165775035e-01
-6.207168950439849453e-02
-3.682113498533326479e-02
-1.355683446526636526e-01
3.805143746161657875e-02
8.153057932518767426e-02
6.939431753001436276e-02
3.597398784316736126e-02
2.723087584753533172e-02
-2.401564134455368496e-02
-5.505663240698399630e-02
-1.614645367968790476e-02
-4.273950774346475107e-02
-3.977568337383943081e-02
-1.225475691021584851e-01
4.224237451629814233e-02
2.232073639430780937e-02
-2.468087486361650318e-02
1.181595046554143047e-01
4.197430105003324002e-02
7.558520080518074669e-02
9.817574918726075517e-02
-2.547379555492211567e-02
-1.782999137392456135e-02
-7.037899755295926041e-02
-4.438094701658684693e-02
5.532695953751051894e-03
-2.286977622416956971e-02
1.042894088108591161e-01
-5.623471271299086693e-02
-7.525303607488741109e-02
-1.372541100834471194e-02
-1.078263380235181812e-01
-3.140936248180703494e-02
8.367553140793053401e-02
-7.966649262441566348e-02
6.047213031374012830e-03
5.799574357056767882e-02
1.311608139505807645e-02
8.047711921568762028e-02
2.922729282842184695e-02
-8.701051442627217442e-03
-7.154151440701114750e-02
-3.686850764948212261e-02
-7.932526342857115775e-02
-1.142695286674341587e-01
-5.386463642352765785e-03
5.247700218583826494e-03
-4.590381816768002166e-02
2.611679264701372016e-02
9.413969781878762369e-04
-4.345905982500618964e-02
4.857800949388682045e-03
4.638155337033630227e-02
2.962474422685696870e-02
8.377252835356500948e-02
1.608928170396615662e-02
1.078538862204792871e-02
-5.251736413237039630e-02
-9.146235422830935324e-02
-5.834696858277083412e-03
2.136454615375576668e-02
-5.356414103222997825e-02
-7.033837632927926031e-04
-4.319180990483991595e-02
2.483382450006945200e-02
5.839197363717467393e-02
-6.376343877883149103e-02
1.023693455384786996e-02
-6.563097454797844725e-03
-2.776054494521811716e-02
4.989181456372043105e-02
5.503068081140712747e-02
3.641842469580024860e-02
3.755453110195435679e-02
2.264884991916570056e-02
-7.707454332720471701e-03
7.509929837236659078e-02
7.423607604703277851e-02
-2.087330465862034454e-02
9.847454221939019869e-02
3.359660607890879030e-02
-6.249704390010234201e-02
5.165343220642137217e-02
-1.197711884642769717e-02
-4.656656808458956714e-02
9.395624559050441346e-03
3.197915130658118138e-02
-1.084814904376868797e-02
5.106185727814335773e-02
1.465524709143240997e-02
-5.114818292221816332e-02
5.115025372785969582e-02
-2.763355168050001670e-02
-7.559957362918040547e-02
1.414359741437239693e-01
1.057064744163731113e-01
-6.389162062458007829e-02
1.495368941710393806e-01
6.639130819564658358e-03
-1.570807811269474830e-01
-2.170612332682505391e-02
-1.191939351868773339e-01
-1.474381548283628107e-01
-1.029685351120047943e-01
3.299623015081828287e-02
-8.014042277701527439e-02
-2.575284911752805453e-02
-6.032437207910837373e-02
8.491538263386375074e-02
7.013975890712099981e-02
-1.598770512577325775e-02
-1.618504255497463587e-02
6.043583156762011993e-02
-6.200310814300437345e-02
-2.106735122361797982e-02
1.952052547279017891e-02
8.960723641564424802e-02
-5.946669864659506755e-02
-4.851073346512772833e-02
4.751767657192231681e-02
-1.627774482882474866e-02
-3.977493840316248530e-02
3.204011391075244769e-02
-7.343322311397811400e-03
-3.025819792095653729e-02
4.915134210081045091e-02
2.304084193398788297e-02
-6.512370495036794160e-02
-1.817507853124010822e-02
2.183456759343470679e-02
7.849733290501354974e-03
-5.711274443286455671e-02
-6.383108145196944583e-02
7.368904967966170838e-02
7.507613281471443162e-03
-4.155899150135268158e-03
1.847330189035292433e-02
2.478809020045394731e-02
-5.596692170965371534e-03
2.976991438864539166e-02
-1.033638059215162136e-01
4.669222330539493648e-02
1.122614862513820685e-02
3.666199471678027039e-02
-8.655244647000404079e-02
-7.799412564819549476e-02
-6.444464499478183561e-02
-2.805480313219661098e-02
-1.586684180595353960e-02
-1.353378440995800167e-02
5.286940068359029937e-02
6.653397196948004910e-03
-1.476091232714245825e-02
2.412744652005801779e-02
-1.780452721934247182e-02
-4.226113832570142087e-02
3.444068813237331772e-02
-2.871067920372332577e-02
-4.975471903746331997e-02
-4.748098538668866532e-03
-1.550116232507250252e-02
2.737427408783103810e-02
-2.086709224805139221e-02
-1.258621161411118544e-02
6.396858816172774909e-02
-1.954017800004760261e-02
1.190023640817221458e-02
-4.205200383641434503e-02
-6.986437960134236902e-02
5.086719898911145482e-02
5.230767934349943998e-02
2.643374127629006306e-03
-2.402258961545701565e-02
2.735463819176734562e-02
2.559541546581579896e-02
9.299053124356743485e-03
1.256270480770687106e-02
2.793345917087810062e-02
-1.497992602269161873e-02
1.066372461711226002e-02
2.019160689037095488e-02
5.018694158757680372e-03
-2.437380993650933164e-02
6.062994808896915097e-03
-1.077755682259612900e-02
3.775170933607788909e-02
-5.554563694128321349e-02
-5.760378319960361010e-02
-1.685290971718056072e-02
4.136499694209100114e-04
-4.217666294901633445e-02
2.751740491293563906e-03
1.000008870777776768e-02
-1.134961722145570451e-01
-1.876832817965774433e-02
-4.865828818776447157e-02
-6.616236457678058291e-02
-4.946056034209807273e-02
-5.812312825807084554e-02
-2.425903529671410638e-02
-2.112195974822990083e-02
-7.905631009813898769e-02
4.043269657144629020e-02
-3.748894479074332819e-02
-4.569333717878720953e-03
5.603364051516657174e-02
7.537166635542800336e-03
-1.749767199349730809e-02
6.143595671816072350e-03
4.125941380869713182e-02
-9.836457441722087566e-03
1.853898845310828630e-02
-3.799047506886029518e-02
-3.002463913774438067e-02
-2.281014233016444986e-02
-4.412514588774781032e-02
-4.480733527962073998e-02
-1.599882862251289853e-02
1.677754075062224889e-02
-7.858641512236180099e-03
1.506112311390599146e-02
-7.502842623550039745e-03
6.355495097060734518e-03
1.041077247607830568e-02
-1.363904240351445155e-02
7.757229759416315457e-03
1.371075056714626643e-02
-1.414528429881507614e-02
-5.249741631716627402e-03
1.081492988677269437e-02
-6.353500185372840114e-02
1.379131595018546694e-02
-1.618174569800425941e-02
2.081732894454610058e-02
-2.226366625099260657e-02
-4.631508881264591315e-02
-5.032889159792657864e-03
-8.087690470081926319e-03
1.057658547756477885e-02
1.218605095645663994e-02
4.318197841793346148e-03
-2.355700655384085004e-02
2.006000813499862756e-02
-8.243080702457909401e-03
-8.463044316355607805e-03
-1.899642389291620811e-02
-5.591555072408786221e-03
-1.290970599221908655e-01
-7.403618139949155741e-02
-1.239848057001132799e-02
-9.308707103392205306e-02
4.588815419294038633e-02
-7.801519100959631962e-04
9.299535363502272819e-03
6.428128871271596156e-02
-1.034624493101169319e-03
4.155882319294999794e-02
7.591270338698803688e-02
-3.881293455001264686e-02
4.804756470759220799e-02
-3.886170860853554315e-02
-8.061884960858078930e-02
-3.396850869723900407e-02
-7.801545167104122214e-02
-3.175629779048311880e-04
4.045406153789487397e-02
3.383455908287606728e-02
1.184569457843200752e-02
6.868676069225172764e-02
-1.082668092211827755e-02
-3.091386429517485601e-02
1.251774532838968550e-02
-5.335355618127672617e-02
-4.520851363968710762e-02
-3.504439513786222066e-02
-3.150030294463960351e-02
-1.043509353560076805e-02
1.441777416989964075e-02
1.815354869149353803e-02
1.271687548814335851e-03
-8.509289326298484502e-03
-3.194800542579079305e-02
-3.559962679177519629e-02
-1.059017596027353111e-02
4.033099390618374858e-02
-3.632773265892729614e-02
6.722362498014862464e-02
-5.358622815453440401e-03
-3.484788677671954438e-02
3.162164464328827418e-02
-2.767595667634083906e-02
3.519085144019382105e-02
-6.856651225325553420e-03
-2.161582507775252487e-02
-1.144036198247843326e-02
-1.292336743569566862e-02
-3.180411271611646717e-02
2.629829514192728174e-02
-3.135993296051209356e-02
2.111060726917666358e-02
3.870760201933034356e-02
2.644946005284539228e-02
3.721502421741997024e-02
-1.396911584576063367e-03
2.972185394004983605e-02
-1.036044515916422111e-02
-2.826390108852135791e-02
-2.669783093102916921e-02
-4.395975551651842145e-02
-2.618571622307632948e-02
1.531941324291469578e-02
2.631981869133511939e-03
-7.595253650488097141e-03
-9.874682311014891870e-03
-2.183001893832868176e-02
-4.605889503144101893e-02
-2.796427227600706278e-02
1.755740508498892290e-03
-2.575807429733971074e-02
-4.760609785556986495e-02
-3.688746135543846671e-02
2.674088056053848181e-02
-2.427192825331529052e-02
-3.003173383329150320e-02
1.646642381601145372e-02
1.019544595839392415e-02
7.625320821624429618e-03
3.942016436614582953e-02
1.564536481225563963e-02
-1.607215085740322513e-02
1.817012726552889867e-02
-2.353747793720782286e-02
-7.032522539042472369e-03
5.929642707778016303e-02
4.680748433291492816e-02
8.406286046042402149e-02
7.208707152632018444e-02
7.178112078802392770e-02
-2.679790214963399808e-02
-8.143284721787304170e-03
1.392683225721613738e-02
-2.802112051258824274e-02
5.756848970596649233e-03
-3.040996624333222945e-02
1.086620124627730652e-02
-4.865832990274040343e-02
4.012048574782482724e-02
6.599361676615837780e-03
-3.131668087551158636e-02
1.329561222458425750e-02
-1.600756856798897163e-02
-3.693670865367203876e-02
-2.583003482406125845e-02
8.903082718461944548e-04
-8.530031903649031022e-03
1.990394090797455509e-02
-1.507140425392143254e-02
-2.245518378028823689e-02
-5.500425172181162836e-02
-2.820199677911690642e-02
-1.632578431301128993e-02
-3.284467067352587599e-03
1.067888183374131154e-02
-2.047953325756780504e-02
-2.856389103101807103e-02
-7.757179576902033420e-03
1.165780297606401963e-02
-3.021834212091466590e-02
5.879376805354366055e-03
1.758739456383050931e-02
-1.874036947569791833e-02
1.914345076658938508e-02
4.303865895238318667e-02
-7.015003053111776299e-02
3.852679408152996556e-03
-3.905597224441957616e-02
-2.056037500054942041e-02
-2.199264637301961284e-02
-3.730111335366403935e-02
-3.929773953061925507e-02
-6.561269422877838431e-02
-1.970153349995713496e-02
-5.865846198738971368e-02
-3.101612304536206441e-02
3.823385870062399883e-02
-2.805881772504904836e-02
3.883548809173194716e-03
8.585654019161649553e-02
2.949734623754403460e-03
2.419455229527359835e-02
8.564874493683961865e-02
-6.501089256144397532e-02
-9.523728119681362791e-02
4.275892393687937693e-02
-3.877253522009935921e-02
1.637552027448225533e-01
-1.100002929528117041e-01
-1.161201335613332684e-02
-6.427616832227400767e-02
-9.249892492090388413e-03
-3.350225300102102621e-02
4.809136532909965428e-02
-1.022447519851698017e-01
8.837604759801261176e-04
-6.208269767054713090e-02
9.528184172984927036e-02
-7.829283685519942710e-04
-3.066340981204150606e-02
-5.453783973563688936e-02
2.752988292130450348e-02
-4.353912000194010146e-02
4.254385882307281123e-04
2.502009520672415083e-02
-2.757105001350776061e-02
1.011000528412253803e-02
3.002373144881718622e-02
-1.783694037527394291e-02
-1.014750329753105924e-02
1.735854453413739062e-02
1.027783448907931656e-02
-2.327790718358841229e-02
2.186193668889255259e-02
5.720731745991437800e-02
6.200026504401120672e-03
-3.199443909348084064e-02
-3.574733826751386179e-02
-3.263432531022982669e-02
-8.977414522095596150e-02
9.369077784483582916e-02
-1.400409803552617460e-01
2.804197465954852073e-02
-1.721116175945913429e-01
3.417993424514612077e-02
-3.514740942982929467e-02
7.489683371481571650e-02
-1.334127395883490629e-02
2.770027921573307156e-02
-5.901411867784664075e-03
-3.311741318451730254e-02
4.324289357138314666e-02
3.529095493030313512e-03
5.635794189156862442e-03
9.588668423610755692e-03
2.464478740097962237e-02
-4.980444682720103905e-02
-2.597815397983438065e-02
4.247968017996182899e-02
-2.783593809532501802e-03
-4.139429663793553135e-03
-3.915182430682047354e-02
4.582615286609081212e-02
-1.334832129024777526e-02
2.686066629399255432e-02
2.218879690380586717e-02
3.066378670476553603e-02
4.464701866527867428e-03
-3.363417389232764565e-02
-2.535358901484359093e-02
-2.385859058497326931e-03
1.518246241888632393e-02
2.245970570625786117e-02
4.517059297476033741e-02
5.486996660447365781e-02
3.452085340245536482e-02
-4.172835297250874695e-03
-4.505545224756977302e-02
6.188015720823381721e-02
-2.233134673245653484e-02
-6.638259081791175742e-02
-1.100092765002784641e-02
-2.401843388312905562e-03
-5.080785057648669334e-02
2.705633830830529024e-02
-5.844504441615153145e-02
-3.216930437932141295e-03
-3.629660597277161588e-02
2.497362799027344135e-02
2.227611225996054337e-03
3.260259038034021839e-02
-7.484987681908699883e-03
-2.951380543742019788e-02
-7.890605538035438873e-04
-6.323541562909007485e-02
4.133804399255821410e-02
-6.168238415761624627e-02
6.290217777050710959e-03
1.884721538519244788e-02
-5.319254084564468965e-02
-2.314140451431580953e-02
-2.001521043716696525e-03
1.569250796715474308e-02
9.880712469983912727e-03
-2.830605832853688719e-02
-3.122234172177508829e-02
3.475162988011581966e-02
9.981351265196206426e-03
-3.549834155801569885e-02
3.577334105283952719e-03
5.247365453878070907e-02
2.107593956977728972e-02
-3.085949528329776786e-02
-7.759816168690583660e-02
-2.719865468847763867e-02
5.005857377795761010e-02
-1.815901208374951599e-03
4.385534987319324174e-02
2.393181718482996490e-02
5.120409702315679816e-03
-1.228412643215575327e-02
3.653373618672743801e-03
1.414387038981133535e-02
-1.984271845043486179e-02
-1.214237539106944805e-02
2.237565412858797450e-03
-8.274027225349195672e-03
-9.425199642460401275e-03
1.446708065182934246e-02
-7.142848967247676650e-02
-2.698921765184107008e-03
-6.898747362950245765e-02
-4.527948965831402224e-03
-1.275670771860288044e-01
-1.905290880827914882e-02
-1.996885094453215367e-02
-6.805851744374141754e-02
-2.985474990841985657e-02
1.101757730800662430e-02
3.813990390702468383e-03
4.684367602936618386e-02
2.002173405645137419e-02
-4.640640171579012846e-02
-1.603384170646041801e-02
1.064402149090237087e-02
-1.518876693411698627e-02
-2.483259248283633744e-02
5.402373792333008129e-02
3.941149920377681748e-02
-5.440322830676384835e-02
-3.049352086039331181e-02
1.414162865002540487e-02
1.032369757093288126e-01
-2.966848282579059339e-03
7.897248935453264271e-03
-4.818380974825422353e-02
-4.922783146989161140e-02
-5.873012403929701690e-03
7.643171409726641496e-02
5.885499683142336735e-02
4.742538989508732206e-02
-9.926047978728579080e-02
1.152306111546918220e-02
4.360320977061646341e-02
1.937529697463758263e-02
3.889299157166813126e-02
5.771580096076546484e-02
2.035754497259264356e-02
-2.456411106578277465e-02
9.138661648569516849e-03
-3.489653605679065435e-02
-5.569913006301922820e-02
-1.718321893140732637e-02
-1.604170494837595801e-02
-2.011302755077537877e-02
-2.689683201465221246e-03
-5.012465553773316936e-03
2.696957954332304674e-02
3.876134562251053878e-02
5.931564100328055172e-02
-2.000356003006453429e-02
-1.276057398921453395e-02
1.227795540265481412e-02
-4.894086206403592404e-02
-9.460094982067494829e-02
-1.493075430904027175e-02
9.111403724637195944e-02
1.534220833488611213e-01
-1.487935525509275457e-02
-5.282887509076169413e-02
-1.277017330744455448e-01
-2.216571853939533834e-02
-2.608987823486533936e-02
2.060661175199080680e-02
3.429947320548232259e-02
-1.797044145491044588e-03
2.609125073608859965e-02
-1.029154331713935319e-02
2.114681284556789789e-02
2.204156550378751078e-02
2.248485609779111993e-02
-4.436424804835938096e-02
-5.244999774132819148e-02
3.785974386053738133e-03
7.450822188564105476e-03
2.904642456793715341e-02
6.209116857194286673e-03
2.245818043206309483e-02
-2.232255596670136913e-02
-2.440423576958475685e-02
-2.224416455415767838e-02
-5.685744415596062293e-03
-1.748064714405291736e-02
2.923695900990538714e-03
2.329533172068071548e-02
2.008798746968773127e-02
-7.896548041519360628e-03
2.982164577197359695e-02
7.160878202751677635e-02
-3.882782382371309515e-03
5.145057362273014294e-03
-1.682120125794054830e-02
1.767291247635225868e-02
6.538861392946027085e-02
1.030457910045748555e-02
-1.180624559480502982e-02
1.438499272406970619e-02
-2.795755854050890193e-02
4.844736224806749786e-02
1.173274852658732076e-01
3.737035658440067409e-02
-2.607642623372597585e-02
-4.601196679087068975e-02
-6.246062455674075871e-03
-2.500618055562391431e-02
5.093835020960389703e-02
3.305489257091694111e-02
-1.757364961392270455e-02
1.920119928963346864e-02
-1.200443774974658748e-02
-4.480533718018390316e-02
-5.368540272124186497e-02
-1.554875735939157365e-02
-1.393720787108765867e-02
9.660192258056020734e-03
3.268113293852206030e-02
-2.748218269006078365e-02
7.876480237015220931e-02
-1.208149537900387802e-02
4.942060460282437367e-02
5.371128665479951020e-02
2.324936409833714551e-02
-3.484043227713099627e-02
9.410374698151464587e-03
5.529831503128482956e-02
1.140986451141665602e-02
2.596427079470628105e-02
1.018869035883376850e-02
-7.034273279334705975e-02
-1.090063602998319475e-01
-8.884020975415121701e-02
-5.445248447182139163e-03
4.701476880126774505e-02
4.623065612230847776e-02
-3.635303534768160628e-03
1.481624328066977539e-02
2.036626023126439020e-02
-3.104099645864558457e-02
-3.451762768336927214e-03
8.674051370103340666e-03
-4.886739726076559653e-02
-3.405976946562258578e-02
-1.653636878436917645e-02
2.621563459016615708e-02
-3.764727670010630661e-02
4.249383663901586811e-02
3.260227244328180868e-02
7.107930679521715089e-02
1.772599724970454552e-02
-2.386833733083703821e-02
-2.632154552090787067e-02
-1.627804072411279807e-02
-1.334616392161754039e-02
-4.389071278906347268e-02
-2.767420131960860244e-03
1.868989517931571656e-02
3.342586004440373931e-02
2.727702974500936448e-02
-3.347305125282881016e-02
-1.776160782393841966e-02
-1.492905940653509178e-02
-2.348351775759242865e-02
-2.585255294287806122e-02
-1.440139210828240701e-01
2.498865285673825595e-03
1.177716469033464469e-01
-1.403476334305897577e-01
-3.259334815423665238e-02
-8.319920780214369593e-02
-4.296160298758865126e-02
-2.826426722656853741e-02
-8.883341058437836668e-02
-6.815780611819140244e-02
-5.702651444778851497e-02
-1.836673471609735209e-01
8.878123032615480026e-02
-5.330168241132250163e-03
-9.239833966639578178e-02
-5.834532732141228806e-02
6.503264929342099376e-02
-3.534920126526776285e-02
1.047847021707178083e-02
4.234627905904425615e-02
-4.377077116120917794e-02
-1.803675435372693869e-02
4.197847417417276128e-02
-1.150135015919438036e-02
1.217087915869465020e-02
-1.339001819721087616e-02
-3.774381303243507391e-03
-6.744482030178793053e-03
-1.389101300357640373e-02
9.255517634719491807e-03
-1.062194973811943915e-02
8.330269346568946673e-03
1.974368456696442425e-02
1.602433429873956899e-02
-2.884966603969200613e-02
4.461315158137273834e-02
-1.463660638878226498e-02
5.947117937985054587e-02
-8.189577347020801645e-02
3.589257283116780578e-02
3.352705421146617848e-02
3.455594769516214665e-02
-2.851313714604504501e-02
-1.283094366500515081e-02
1.076034010260791020e-02
-2.253707487135743481e-02
1.047149819695203897e-02
5.504352097072311850e-02
8.027090574566887737e-03
2.805175087594028935e-02
4.431552576662244058e-02
-2.802755947781913198e-02
6.169758566699531932e-02
2.690592086533975108e-02
-2.984696403931465583e-02
5.683946532242928340e-02
-3.142809555152643181e-02
2.705929244249026186e-02
2.629155327109441997e-02
8.632616365040497036e-03
3.601085380113405992e-03
1.034458362962760100e-02
5.797104680967268657e-03
-3.017944244979809277e-03
-1.627157501911197885e-03
9.152728851548606534e-03
-6.669460391938749136e-03
-3.801192113875283447e-03
-1.256443366620552983e-02
-1.023200549979988959e-02
1.799212827876704723e-02
-8.308913286662255801e-03
4.289682313218728255e-03
4.064756774573571874e-02
-5.695503381955177753e-03
9.343881422979857798e-03
-1.645377664458356559e-03
-6.262664085181527882e-03
-2.167684359236045355e-02
8.404858061277642456e-02
-1.118991003116668985e-02
-5.487036656791529840e-03
7.020097575168936233e-02
3.553594376326204424e-02
-5.972321420835265127e-03
4.550665943433198496e-02
4.784724903483873748e-02
7.279587737133860152e-04
-2.701682991306344692e-02
-5.810332542606110734e-02
1.829135155776129631e-02
-3.995376007724888573e-02
-5.318921664005369677e-03
8.489081522412310343e-03
-4.776139337265374041e-03
6.185796893284076399e-03
-2.178783540803021224e-02
-1.517128732034575544e-02
-3.079956734806357441e-02
-1.326712859650700481e-02
-3.436978628818813941e-02
-5.775157452077950108e-03
-1.903634240947380332e-02
-1.363298500385034216e-02
-1.927861233573838901e-02
-1.151204566476328114e-02
-1.214557639719411088e-02
-1.489915574838054056e-02
1.715912036358376719e-02
-3.454383055362850174e-02
2.509336631629218925e-02
3.007667510910027805e-02
3.730363980094160425e-02
-2.885184459495624201e-02
2.219934519921837671e-02
5.444747811396612874e-03
2.579639081740479900e-02
1.502824029397998098e-02
7.867278536204122888e-03
3.437914592768458698e-03
8.194292546849592240e-03
1.639636570947852019e-03
-3.511226193780916938e-02
-7.829791089379751004e-03
-4.234433208248921700e-03
-4.364891787522892641e-02
-1.138605097953368159e-02
7.333793236939195603e-02
-1.083665407870007397e-01
4.204244135984466085e-02
3.468988595896643767e-02
-8.861706675230655861e-02
2.571873475692298266e-02
5.066758395089550338e-02
-6.472030965364787558e-02
2.629203143824395544e-02
6.325225716743480830e-02
-7.567775647360999725e-02
2.450857518285561032e-02
4.389051236359171188e-02
-4.520604882732990465e-02
2.041219869421414049e-02
5.141049635691768982e-02
1.295850971588504985e-01
4.114555541110642700e-02
1.782812052456463417e-02
6.673873220313306098e-02
-5.519305576413935377e-02
-1.323041229814448105e-01
6.301473691843617608e-02
3.535766591255318919e-02
-3.423882103136358882e-03
1.088225856319500751e-01
6.820386033501561751e-02
-6.291514618603319398e-02
1.892069580950304086e-01
9.518792951400605051e-02
8.280314150611934806e-03
-3.747826366076152660e-02
-8.058018268880808022e-02
1.301401011996048719e-02
-4.870857681114550836e-02
-2.978178228434274696e-02
4.214650015279434309e-02
9.390780420184157914e-03
-3.596815180010368845e-02
3.753602540187529063e-02
3.851801034800799578e-02
-6.116658212278776319e-02
-1.283459966892042808e-02
-3.466834870240993044e-02
-9.963909178923914534e-02
-8.222213518230410759e-03
-2.282326204927030699e-02
-5.598527043712617571e-03
-4.607040770563080451e-02
-3.743969986695436930e-02
-8.038336948631657694e-03
5.556838115698336036e-03
-9.244278652995501291e-03
5.454551717552712925e-02
-2.609685360735485363e-02
4.373682982991487778e-02
1.235400369067857496e-01
4.906397522070924527e-02
-4.084797839105429491e-03
-1.441398673699618646e-02
-3.232608867100758478e-03
1.441213277642314911e-02
-3.567617510184929730e-02
3.708506584056302929e-02
9.227628355036876506e-02
-3.695039743182697983e-02
-6.717201374668381464e-02
-5.029449957626521556e-02
-9.222815392090710773e-02
-5.376797159001048265e-02
4.450461340282409889e-02
1.030712340908771646e-01
2.236686785615433701e-02
6.703806553712174376e-02
8.572117205752603775e-02
-1.577463738625225738e-03
-1.207207310814133183e-02
1.771946588672901682e-02
-1.147591564943332282e-02
6.630610900115852836e-03
-2.244870678351848156e-02
1.402244846777775042e-02
3.193168286029271496e-02
-2.901638508918732637e-02
3.753023287968450250e-02
3.040592986419980367e-02
1.508797828545298605e-02
-7.184634497945649456e-02
-2.959210921599334659e-02
-9.685434226901861593e-03
-4.385449005030522818e-02
1.433345167942494738e-02
2.464122591880915647e-02
-4.518492723961255175e-02
3.553267431183224773e-02
6.898460042361688471e-02
7.392913448023039069e-02
1.956594831803783879e-02
-1.667170598953196872e-02
4.911635535081738252e-02
-2.239807059582735529e-02
-8.735467215212733283e-02
-4.018758225890646518e-02
-2.991170975005003063e-02
-8.699151061404399379e-03
1.312611420255151706e-01
8.282951935316664599e-03
-9.735171712065446292e-02
1.240770182945910571e-01
-2.341121984155447242e-02
-1.382399603894544637e-01
-7.206520599715168784e-02
-1.461878973191912123e-01
-8.571256059623706680e-02
2.961607019832792828e-02
1.361746412416496022e-01
-2.616257597946109598e-02
1.470151631581120312e-02
5.325948446277600085e-02
-4.627109142638251987e-02
-3.726370616451091244e-02
-1.212795791300288750e-01
-1.115793313339820403e-01
2.941275046023142381e-02
1.109390565947074581e-01
-1.023466209354487177e-01
-2.979643369821356053e-02
7.378633179738812442e-02
-4.532735214926845307e-02
-2.845259947875011450e-02
-3.033518686435489678e-02
-5.297303076432213070e-02
1.151125798791683003e-01
8.256149921884697873e-02
-2.032899801735803605e-02
2.509154039374471637e-02
7.374952652671746232e-03
-7.720884198737404044e-03
-1.927616491346422281e-02
-2.139979810236292135e-02
-2.156832691827600609e-02
7.880067215308038386e-02
-9.343539772770392479e-03
-1.168921169252950566e-02
3.048369811979097579e-02
3.153884734888113411e-02
9.131587365065681498e-04
-6.878001967420592500e-02
1.745212706966475097e-02
-2.047491346288786776e-02
5.471754757331374203e-02
2.407896686551681126e-02
-6.167564806040133629e-02
-5.055254296374521450e-02
-4.382714634105282919e-02
-5.215782273856578444e-02
-6.594171914791954747e-02
7.451074612482375820e-03
2.225245339228675359e-02
3.398839613234980878e-02
6.513710076262987925e-02
2.202264843721910351e-02
4.784943562541442430e-02
5.960046302864442647e-02
-1.214824175524299894e-02
2.167922692380180871e-02
4.140309798753200737e-02
-2.232093751169773876e-02
5.033943148044434795e-02
-9.240222435354724251e-04
-4.588352781334129743e-02
8.591489823140079432e-03
-4.612983411931383809e-02
-4.698297951819218471e-02
4.806192679562921316e-02
-1.824670254641681116e-02
-2.741547581157659577e-02
-2.786226163936859554e-02
-1.025357853470355157e-02
-1.092978230712071154e-02
-3.870394591457460010e-02
-2.909245918831639480e-02
-4.547946895192190447e-02
-5.048639345728622024e-02
-2.729367439099647519e-02
-2.716609064040338695e-02
-4.844403491961136315e-02
3.438386152596432238e-02
1.792253703586605545e-02
4.088594757655857059e-02
2.339529268205853968e-02
-6.246989846381054839e-02
5.720259159295042195e-02
-1.119178733352000493e-02
-6.780457660901903494e-02
2.718877180805364530e-02
6.441509232267166041e-02
3.727358895266563027e-02
3.502716509194233468e-02
5.368476693507218817e-02
3.588786971600522319e-02
3.295144597308848761e-02
-1.129549212731671692e-02
-3.996175256154203131e-02
-4.979885201112446008e-02
-6.289225300152159748e-02
-4.620244062853552658e-02
-6.179329019019973168e-02
-2.267520373121785851e-02
6.023363253018502311e-03
-2.862724789464110228e-02
3.071897594850619279e-02
2.548389239935395720e-02
-2.441071872168830773e-02
-2.754292569846530578e-02
-5.712552102019582100e-03
-4.322459014322695137e-02
-3.143700048821894411e-02
1.130153752860958878e-02
-5.185115429397008785e-02
-4.107389512758394257e-02
9.413360295555244298e-03
-4.633032993758425672e-02
-1.735515485184137632e-02
-7.486781639827974968e-03
-6.215981483294411025e-02
-7.594708087449453422e-03
1.382668104527192202e-02
-5.172279646195603736e-02
-1.605998015179719435e-02
8.354087781573005592e-03
5.747495475998793540e-02
2.240297064478002833e-03
-4.699406983509174518e-02
1.313068145004992783e-02
-2.611722195532369117e-02
-5.027467636849239363e-02
-4.720643878192427173e-02
-5.707488270889454762e-02
-5.494099049823134018e-02
-3.353549156923558289e-02
-1.193030058621176448e-02
3.066736858038845298e-02
1.898504235830898723e-02
3.105743286453942556e-02
2.852889590297114086e-02
2.643354188876576374e-03
1.817719236287896126e-02
4.010934311577837169e-03
-2.827853469078819848e-02
-3.409120054723056154e-02
1.579739252727581020e-02
-3.499088104386298415e-02
4.792458554501927842e-02
5.314904730023727736e-02
2.384774618269062951e-02
1.000429608937304926e-01
2.206957057568365368e-02
1.310239895939566829e-03
-5.739255000962197734e-02
-6.598905011841044166e-02
-4.389787219479206540e-03
-2.768570297950514320e-02
-1.081558987410219386e-02
-3.834309883894410076e-03
1.192046393200450489e-03
6.726065345717024968e-02
4.135514859064038512e-02
5.597928977082634178e-02
-2.177446221922422261e-03
3.310521870240260706e-02
3.682034682020993155e-02
-1.739511113054144353e-02
-3.072533331043187169e-02
-4.005835850489403854e-03
-9.294335964824833665e-03
-7.338789494478505093e-02
-5.866418826934816089e-02
-3.918318379640414045e-02
-3.424326680532192857e-02
2.237090941455765689e-02
4.010042662903467309e-02
1.630198303068208093e-02
6.506603950616957066e-02
5.973530743015968009e-02
7.402399780749980771e-03
-2.214946101647175328e-02
-3.891412357076808742e-02
-2.351988777994739113e-02
-3.187407130316983073e-03
-2.795258791994506900e-02
-4.084514824752898121e-02
-2.120038772300487234e-02
-2.193569232090433058e-02
-6.561479630177856348e-02
2.227341298656349000e-02
3.805142146742945559e-03
2.447743086279663416e-02
9.623051968300239123e-02
5.581469270597310545e-02
4.095162809411903582e-02
7.815473489634981730e-02
1.917308885207238273e-02
4.891554732735081679e-02
4.923296151651036789e-02
-5.349864007625181744e-02
-4.135634116353397588e-02
-3.777828708848939704e-02
-2.595174731727523457e-02
1.642172057120088943e-02
-3.725630737210935961e-02
1.483934811701754543e-02
-7.800962231588607493e-03
-7.564206415161324470e-02
1.073951894496735435e-02
3.038389429216277471e-02
4.658914350399509866e-03
-2.383114190671811392e-02
-9.614802922175291408e-03
6.878588923444334258e-02
2.362271876581769486e-02
2.592453380203206363e-03
1.161197331052707914e-02
-1.713666798865903741e-03
1.866307790549260118e-02
4.110393347268494202e-02
2.748335004305405005e-02
-1.117207137917137008e-02
-4.573669272847909889e-03
-3.925860918359407731e-02
-2.148506231509538997e-02
6.214451296710330093e-03
-2.309380568347690205e-02
-2.613200923214567539e-02
-1.071391416878479143e-02
-1.124512092661847026e-02
2.946338280493695280e-03
-3.418486717536962666e-03
-2.255313452571524810e-02
-1.525531345856428675e-02
-5.153881724689757943e-02
3.647396780982371800e-02
5.237999887960319290e-02
1.164449012917769324e-02
2.624291508697179274e-04
4.383056417686193550e-03
2.158804724624312915e-02
-1.367283244841809194e-02
3.049918546326602434e-02
1.812572179698543340e-02
1.429886650141325155e-02
-1.064212012274139661e-02
4.232720194019707997e-03
-3.183113481914343068e-02
-4.170096326782749691e-02
-4.627384443300065070e-03
-2.352188664587771122e-02
2.281084508919409629e-02
-1.413227294536553540e-02
9.108911457956569285e-03
4.217527528551928695e-02
2.638588372082610947e-02
3.261420239562438927e-02
3.713822906973764191e-03
1.803432672259390121e-02
1.618568975352551245e-02
2.165883801118539953e-02
4.249995023163866820e-02
2.245473199161053535e-02
-4.701628106338540851e-04
-8.651021545089632126e-04
1.657562621831259325e-02
-5.298118567887878660e-02
-2.249819831606981665e-02
-1.565291259584033210e-03
2.218406579089839820e-02
-1.516666157612292856e-02
-1.920662773476918342e-02
2.413201638875972499e-02
1.037602662657560737e-02
-1.229120258537454158e-02
-2.292709043274860498e-02
4.329878426939106142e-03
-5.770152848859099078e-03
1.905374367680788897e-02
1.184170443613596826e-03
-2.637187483228657647e-02
-4.717745866767533020e-02
-6.887883166208316754e-02
-6.553416644550691394e-02
-2.043956716008306362e-02
-4.137146145835985181e-03
-1.116914144511843218e-02
3.262247117223929238e-02
2.237887549712396645e-02
-1.130613583940600665e-02
-2.741801830763260575e-02
-8.598722125319677861e-03
-9.313024022498722979e-03
-3.842001652444697324e-02
-4.103907343876875280e-02
8.872661805244968364e-03
-1.969140441804665548e-02
2.728855239860213805e-02
1.809918029484563692e-02
-7.055516188678109986e-03
-9.520716779926855985e-03
3.083922840134874568e-02
-1.242708600415340370e-02
-7.416307315938639420e-03
1.698493087613860142e-02
-8.416365338832759030e-03
-4.869925603303174727e-02
-6.437085360858924021e-02
-3.574752595285448503e-02
-1.223394685357840073e-01
-1.224147469266906318e-01
-5.914465724308979461e-02
-6.617667774286360716e-02
-5.619092703384781506e-02
-2.139913725505425413e-02
-2.656266301394385326e-02
-8.976421489960924316e-03
6.248215216600858449e-03
9.474910040601790609e-03
2.384701821628528590e-02
1.257199959900883075e-02
1.639451007140112909e-02
2.845834413108053532e-02
-9.867140396270573585e-03
-8.482859312300933263e-02
-1.782773869439884321e-02
1.032682234407983866e-02
-4.632822149328186256e-02
-1.047403133753867580e-02
-2.021548094454250072e-02
-1.683911372520347990e-02
-4.875012871728992558e-02
6.346004969526372955e-03
-3.994456871274958132e-02
-7.747939751566080765e-03
2.418752854809695652e-02
3.505766788614416828e-04
-2.615103668007898261e-03
2.082170138042893637e-02
2.067881890210069087e-02
1.677435815486265011e-02
-2.814032146505968113e-02
-4.556247364146485956e-02
-1.507201779065715612e-02
-3.617306548006245671e-03
-8.102188823027127451e-02
6.028275166246990606e-03
-5.234444338929573198e-02
-1.071025239153184233e-01
-3.908333673740686798e-02
2.832469832831415596e-03
6.638838496155000969e-03
-7.292369617699098749e-02
-5.154555384073458008e-02
-2.223605300562613366e-02
-8.679266581423232541e-02
-1.138331562647921721e-02
2.090159566147637218e-02
2.830244768403000939e-03
-5.857883911926280163e-02
3.352948044587641951e-02
3.739990199652014347e-02
-1.018469162145547169e-01
-2.738287400534184651e-02
-1.087276019857827056e-02
-1.296703831790129158e-01
-7.857757465978411349e-02
-2.672817603617441001e-02
-3.224349875189093384e-02
-2.084023467506073216e-02
2.140362917218166863e-02
5.542421639479879272e-03
3.603835677030454293e-02
9.228689758866023829e-02
-3.663017551964718038e-02
-5.958119142999952073e-02
-2.356326829522527311e-02
8.256580657639706056e-03
-2.945104760319003714e-02
-8.566952707528861788e-02
1.071661111028078123e-01
6.804107377093331077e-02
-5.128696702746376318e-02
7.969588752739946436e-03
8.762174791039760435e-02
-2.568267342103669471e-02
-2.935842205024328730e-02
-4.744785973098999965e-02
-7.130011847836636302e-04
-2.151003541314641665e-02
2.158348218701056781e-02
7.943820678283700087e-02
-4.241049118173163823e-02
-1.089170905054778413e-02
4.667019946969229449e-02
-4.907936147136509469e-02
-2.200718459647765801e-02
6.023811722401974100e-02
-5.759583251209472732e-02
-6.098545178783145587e-02
3.435399777438413044e-02
-1.287387009799695857e-02
-4.002289621336410641e-02
7.132371198792256291e-03
2.507004107186670827e-02
3.975444981371852558e-03
-5.906988614093455769e-02
3.281972142824077232e-02
8.698218031439221287e-02
4.114622655823538255e-02
-8.939218668116957756e-02
-2.646998704877016537e-02
2.262347044850390732e-02
3.140840737422768286e-02
-5.301816555378047885e-02
-5.408730064917151997e-02
8.697111588396441717e-02
-2.700569286557779562e-03
-6.441599679067447348e-02
8.882670238041485977e-02
3.114559548787598428e-02
-3.480303763210414181e-02
1.896666872273197052e-02
9.707830258296092085e-02
2.879133995090609605e-02
-5.013696448796273880e-02
1.810503407849532384e-02
-2.098989027094835813e-02
3.910682632510404516e-02
4.348588107401260561e-02
6.295941502438279214e-02
-1.625940394565085489e-02
3.037044558898529048e-02
-6.979343338579347550e-03
-3.512373724148946941e-02
1.992488152287212252e-02
5.186849751276317519e-03
-5.885933071188070159e-02
-5.170940938439020501e-02
-7.277506843324024755e-02
-1.608250523442047997e-02
-2.628923608412814944e-03
-3.612499837270645442e-02
-7.671582105051230616e-02
-2.212364105547731663e-03
7.868857944301060892e-03
-1.253064704944755470e-01
-3.443362465130202915e-02
1.563901350494903073e-02
-1.213051476711838640e-02
-3.460853650649022006e-02
5.985964030857600414e-04
-7.904391750703136654e-02
-1.057492274866627391e-01
-8.979591660835578582e-02
4.876451071410787402e-02
-6.976491333060798154e-03
-4.328101211918213703e-02
1.921449117994291148e-02
-4.107072408009744720e-03
-4.184084026394174066e-02
2.465846926614982931e-03
1.731055179102415978e-02
-2.633760521438693186e-03
-1.546468491119460525e-02
3.110951024610946955e-02
2.352246597532656192e-02
3.906149885775652558e-02
2.395887607961724730e-02
9.166222978919219902e-03
1.052478532302506160e-02
6.818456063022051983e-02
4.483850201058464310e-03
-6.961796132683398253e-02
3.000160287938455350e-02
4.193152507617124020e-02
3.606486009191336994e-02
4.508519301855547917e-02
4.990431267363422234e-03
-4.699641668028008840e-02
3.659899571438233329e-02
1.932735291688781817e-02
-8.624564712880267159e-02
-1.555238878984921240e-02
3.391436284490565497e-03
