-3.897774735338290636e-02
6.003464702689621096e-02
2.535311075773009071e-01
6.429813285806612599e-02
-3.872297412752814111e-02
4.201832483379414757e-02
-1.148166569497130057e-01
1.059859126231144227e-01
1.976343447640724060e-01
8.114612450220622109e-02
-5.190848769800222862e-02
-8.174282441684371792e-02
6.586551753008772041e-03
4.094433826727016112e-02
2.403335478145973703e-02
-2.201688052288348629e-01
1.696093297335169586e-02
4.528404878966228037e-02
-2.167032164553160667e-02
3.030715573138734187e-02
6.176568222273001729e-02
9.910913583001328131e-02
5.317652065518482102e-02
-1.690178111034259800e-01
-1.362704126678970264e-02
7.597746107210942568e-02
-1.621545405408240936e-02
-5.528618157284664186e-02
-9.241010544153621664e-02
9.210403534925809543e-02
-1.153463578856244592e-02
1.015296608650989446e-01
5.352223759431574274e-02
-6.545860288215665790e-02
-1.132726369009133711e-02
-1.321948092245889550e-01
9.044296372743849954e-03
-1.550427803174876142e-02
9.564527669454418735e-02
-2.950817015680311517e-01
-2.580677928369382642e-03
-1.790816022983683642e-02
-4.676429749598478430e-02
-1.198149663746357063e-01
4.177861264277732238e-03
-1.679149613251903761e-01
-3.396947522792256868e-02
-2.594458997517324339e-01
5.908914345931747664e-02
-1.001841275083464530e-02
3.558922478720807220e-02
7.528985382044443841e-02
-1.995429432305647829e-02
2.927022722157247570e-01
5.970563850998034973e-03
3.384933317029544669e-03
8.907788486190956201e-01
-1.999004997846362888e-02
4.802003778694548947e-03
6.729148023440460757e-02
1.122412213506818017e-02
-6.134231833623958741e-01
-4.345640508781840883e-02
2.003506229670964367e-01
7.582402950994027169e-02
8.098406730482587967e-02
1.157615295108688630e-01
3.745115927876178918e-02
6.252238338768588422e-02
-1.607252958173367163e-01
-2.406490313127748748e-01
6.452149659317701902e-02
8.259939314870026750e-02
4.848312696518358722e-02
5.987450217556491983e-02
-1.572832492758471229e-02
1.098729611916148124e-01
1.890746022240505919e-01
1.494474608210322741e-01
-4.523810807252847538e-02
1.527738217452954406e-01
2.602530640033241527e-01
-9.447202806241204731e-02
2.023844299568370794e-02
6.830326086652434639e-03
-2.085358393511559938e-01
-2.538135350939297319e-01
8.520639776093850981e-02
3.258926522980796353e-02
-4.092765779597717923e-02
-2.789273556533188730e-02
2.367137076794355033e-01
-9.149668038549388371e-02
-9.593495644461690064e-02
4.870456406107614294e-02
-6.679465344107360369e-02
-5.496817866991831822e-03
-4.534353697602028915e-02
-1.024024800595569468e-01
-6.578772311890042357e-02
8.019018381480944035e-02
-1.439199794513315069e-02
-6.965616971125528079e-02
1.038118914880857557e-01
-1.035032029934061619e-02
8.865158592855219497e-03
1.041661870060645173e-01
5.206270184091510954e-03
-2.171521515454668746e-02
-1.528417670786217861e-02
-2.458728857366242540e-02
-8.387942229785864609e-03
-7.274371106730549708e-02
-4.042818506519749860e-02
-1.967395129852359537e-01
1.434589397417312395e-01
-6.395019343740195039e-02
-1.399040612152792004e-02
1.404634543052795670e-01
1.015301035899702081e-01
-9.896407435746476522e-03
-5.354712834748146660e-02
-5.309300479616865104e-02
-6.937465556127361821e-02
-3.132785182698030052e-02
-3.606880882973761970e-02
3.043586154946625322e-01
-7.205153158033260341e-02
-6.938222391339492201e-02
-6.760139540095311261e-02
2.078821712266294697e-02
1.263834588360982121e-02
1.512846901605766070e-02
-2.679743229500943652e-02
-5.098321210388185448e-02
-1.364128261166437477e-03
3.073370158205030941e-02
6.742306854233270919e-02
1.434407310437095170e-02
-1.002377824309024779e-01
4.368469777318947228e-02
-7.283477407224535349e-03
2.640957249680995350e-02
1.097042985683030665e-02
-2.291322967045505976e-02
-2.368173405523296693e-02
1.116431360587049476e-01
-1.160402631832089249e-01
1.604660449860727534e-01
-1.384548753408242419e-02
-8.107294925786470707e-02
4.810952010391278399e-02
-4.717260863199861098e-02
3.197446747713608012e-02
1.113694935590646001e-01
-4.695463008962449253e-02
1.022946587172237493e-02
1.603970390862112794e-01
-2.122259043090670705e-01
4.808138916103961435e-02
9.862707935511501323e-02
-6.366100262829552103e-02
1.769910514329978701e-01
-5.065695314540568511e-02
-8.019029736186128118e-03
-1.466102096373696761e-01
1.736999098886299886e-01
-3.156256395677963650e-02
-4.942421319299268589e-02
5.997360849110293379e-02
1.209646952436215818e-02
1.169771360826149798e-01
-7.063516063900156239e-02
-3.934728714199530186e-01
-1.045924263895165601e-01
1.900107959561254389e-01
7.704951510798281090e-03
1.321983972910325753e-02
-2.841293488919756837e-04
-7.989377607809522441e-02
-9.726568551494890746e-02
1.115457742315399403e-01
2.028653551881825778e-01
-2.107369696943258430e-01
-5.766118271463097078e-02
-1.191610678816560492e-01
-1.367375252283095366e-01
-6.354234722914345324e-02
-6.915845522050298455e-02
-5.519878792494675029e-02
-2.235212496710659580e-01
4.232964427455572498e-02
-4.349369898568047205e-02
-3.787731987237134140e-02
1.479906602125815596e-01
-1.261721960753998673e-01
-3.348786898752225544e-02
-9.190255748487109744e-02
5.166752303758420650e-02
1.380720642137202303e-02
1.637379979924495910e-01
-1.721772944440648490e-02
-4.362108742792682181e-02
-1.104640090175920270e-01
7.433113922860819234e-02
2.272859450199989639e-01
-1.843869198206161686e-01
9.244772932697688239e-02
7.637460190748844580e-02
9.128095722511669896e-02
-1.092055028371108766e-01
-8.841748416517169681e-03
-9.195333314361481053e-04
-4.185336947451045314e-02
6.159942519339207251e-02
7.123909742499041908e-02
-3.483734024090594239e-02
-9.260485333556993381e-02
-4.308009202306860297e-02
9.332259500790127116e-02
-3.270417224674729284e-02
-2.274523871528504396e-02
-1.248033135320752648e-02
-2.250700791102800205e-02
-5.142772864546239081e-02
-1.294594440177307404e-01
9.734945031724548392e-02
-6.447763536214954835e-03
-1.411056054675863952e-02
1.606176791549446259e-01
2.851247477081801998e-02
-1.028844880924297683e-02
-7.081719602084556031e-02
-3.679356961807422714e-03
-3.402088065457180982e-02
-9.593262622872299195e-02
-5.028174716701307514e-03
1.562972343889747762e-01
3.211868074072282263e-03
1.001477454579459136e-01
3.557970467959361421e-02
2.487115269593719036e-02
-1.246243299518682845e-01
-9.196869328422328793e-02
-4.185101202533318687e-02
-4.196987830895330257e-02
-1.189710518246287207e-01
-6.936507408379355422e-02
-2.012020258059220995e-02
-1.856851485235015697e-01
-5.986327510646221456e-02
6.599005779359483348e-02
-9.560925779362110244e-02
1.198510950686636628e-01
-5.268989384961339506e-02
1.227834342546529206e-01
9.034062137247060587e-02
6.607904819950775888e-02
-1.339188378822245840e-01
-6.316760518654655071e-03
1.737606953527803463e-02
1.357225385845357291e-01
-1.968138005566877624e-01
-4.735592379733796764e-02
-4.862119847846137211e-02
-1.611761272596638067e-02
8.424254879560308384e-02
7.487286509321187944e-02
8.806222510752263755e-02
-2.851693137371760778e-01
1.677858106217529621e-01
-3.820899202456225496e-01
4.778011592772779537e-02
-2.383674581885993071e-02
7.306627670239311534e-02
2.594413408417136149e-02
-2.140515006250572061e-03
2.898368616123746938e-02
-1.646516347010669803e-02
1.152695636759040222e-02
-2.664343799190242376e-02
-2.288951240560765585e-02
1.156952667270332857e-01
2.709238917475381356e-02
7.935162492113919872e-03
-2.909079720570553751e-02
-7.281108017703206980e-02
1.088490612878441691e-02
-1.931114240354133912e-02
-4.075526151566272876e-02
-6.991274518744367006e-02
1.072213784157241279e-01
-2.433123360499655011e-02
3.552147845683016614e-02
1.161060701144056018e-01
-2.707685479502197970e-02
3.324798097907014777e-02
-3.118810983336931658e-02
-3.737417923866268726e-02
-2.449017388598601422e-02
6.768090801724006844e-02
-8.048694513868863420e-02
6.855339487226477790e-02
-1.677069719362098491e-02
-1.570342779499799002e-01
-1.485901146139543827e-01
6.579250115848457592e-02
-2.038061741684640132e-02
-5.531964698550355386e-02
5.919522462890512357e-03
1.142288255424359078e-01
-1.102832388679280545e-01
3.413070097507497208e-02
2.794934523459780690e-02
7.587868316157476284e-03
-1.886030018762185345e-01
5.385924220019292635e-02
8.894312771415080476e-02
-1.030077453685420003e-01
2.270109931194186359e-02
-1.052122695824296295e-01
-2.971892247834463652e-02
3.115858550868890950e-02
2.024719922592021354e-02
-4.699821431796086246e-02
-5.245320982019604020e-03
2.069961317764244108e-02
-6.259794884169272988e-02
2.333180861191887917e-02
-2.151116214523406817e-02
-1.575447654091839400e-01
-1.117105166829522045e-01
-1.103343934045529218e-01
3.386731523949101930e-02
2.235927169340736279e-02
7.831927793739179230e-03
1.472715130328334510e-01
1.183274653585219367e-03
-1.365217305808157644e-01
-9.489543925552489101e-02
7.301033628617324689e-02
-9.163920526386050425e-02
-8.770863885484786460e-03
-8.921097858520829482e-02
-4.904823371910938534e-01
2.656307166659153257e-02
-2.409092103342351868e-02
-1.055942648608462764e-01
1.154763011503737308e-01
3.889548142960779220e-01
1.360044746849983499e-01
3.198951226076987564e-01
4.819099172771974110e-02
2.859235469670003485e-02
-1.408803497492799039e-01
-3.719081601217433253e-02
-1.978086388943995494e-02
-6.707577229163687316e-02
-6.282564907868218307e-02
-1.024457192724315818e-01
-3.331570828993714317e-02
-9.082359244418011790e-02
-1.689780539790285974e-01
8.954052583465922643e-02
-2.778966265343879583e-01
4.020728191113967509e-02
-8.603999018046300240e-02
4.064709254046767334e-02
-4.984003663680779822e-02
-1.781752513290597861e-02
-7.327649317931723971e-02
-1.296391016899928195e-02
2.798780716904941332e-02
2.323911383514447593e-01
2.458440597674950989e-01
-5.688336190304909418e-02
3.486637591724508350e-02
-2.781664026736963002e-02
2.486438624737550770e-02
4.131836178388999248e-02
8.085874488831880369e-02
-4.706841803885657149e-02
-5.606276405614945418e-02
-1.908202051029681823e-01
9.996850593229290177e-03
-1.425236977320246470e-02
-3.619774616503253911e-02
1.571018610423926751e-02
1.250545694633543349e-02
-6.545661031962214660e-02
-5.316476097316003013e-02
-3.822763250177298872e-02
4.805431170408529934e-03
9.512129601007456720e-03
-2.082797846027756652e-02
-1.067435265381812444e-02
1.035854820826177108e-02
2.300004028568884695e-02
4.362865383271961536e-03
-1.893969945797030485e-02
-3.390370446083017242e-02
-6.259352469744794423e-02
-4.815831100335902365e-02
6.272225338481419998e-02
-8.955632144849489870e-03
2.584451976438736052e-03
7.052065259899747973e-02
1.020432341260638226e-01
-3.867078769394945853e-02
8.639614900059619518e-02
2.301689374823401302e-02
-9.481362878693118390e-02
1.704571902794411453e-01
-2.779526903552300907e-02
-2.383678888217187833e-02
1.780177079334596679e-02
7.573791350257443045e-02
1.150064150571115940e-01
1.386593055831650545e-01
1.236408764539155131e-01
1.774987459275473647e-02
-4.337129590199573226e-02
1.630504600550811423e-01
1.246191155230394476e-01
7.685556263194914806e-02
1.700704874680478151e-02
-5.805866558145573314e-02
3.214716733950518518e-02
6.405877720603128656e-02
3.671108651431530534e-01
1.594357033686460146e-01
1.180361363335857058e-03
5.103038780366134924e-02
5.600566825050675573e-02
-1.121008979357788864e-02
1.192079698786660015e-02
1.830075654074291361e-02
5.340328204268587203e-02
3.968376271170018232e-02
4.287303851527271559e-02
-1.984508506946820738e-01
2.156408368007927540e-02
4.099077115707130264e-02
1.068633796329939850e-01
2.393559704925199150e-01
-3.306957928191942009e-02
2.129903590529773696e-02
7.865457371834043421e-02
3.726986186435971016e-02
6.854406638936060003e-02
1.639813467837201721e-01
9.740852108514974628e-02
8.523096379414102364e-02
1.909027598222753919e-02
8.584748772001778161e-02
1.006127835312847774e-01
-3.093769879180574903e-02
1.047670894617325071e-01
8.896797696638515662e-02
4.849043402635959399e-02
3.555450018826637748e-02
1.314809167537939194e-01
1.197325521833250694e-01
-5.799659889521040224e-02
-1.659335638552454917e-01
-4.858153303526445421e-02
-1.768825157985131902e-01
2.845170385970528099e-02
-1.076551484383820728e-01
-2.912860822707538655e-01
9.911210163886306768e-02
1.222416883317538755e-01
-3.345472955996251496e-01
-1.218172953994133556e-01
-6.338870901043133776e-02
-7.925701006452191832e-02
-2.384032060547373322e-01
-5.970859378766895514e-02
-2.355291280188243352e-01
-1.777170501617663656e-01
-7.296065514940013041e-02
4.871309120620764127e-02
-2.202304965421509608e-01
5.569465695512796494e-02
2.631604360025489170e-02
9.144825635585163148e-02
4.680897952235954507e-02
4.873775041181671042e-01
-3.537616319389499248e-02
-2.691084168286696568e-02
-2.906090722385305802e-02
5.655329517233405323e-02
-1.220569597665689537e-01
2.715211229575270613e-01
-8.955462984642104107e-02
4.317858310893368246e-01
-5.776415627415413916e-03
-6.517484620347316349e-02
-3.443333349691057865e-02
2.686212256762046113e-01
1.763970271815838708e-02
1.212250060068145729e-01
-4.958976869127950521e-02
-1.387003834173478889e-01
-3.583682851053351381e-01
-6.200407109433998115e-02
9.354325663373963540e-03
-9.296459127883704987e-02
4.791564268262839960e-02
-1.210633292678093553e-01
-1.918917466843359995e-02
3.151572606461941484e-01
