-4.715387497748193407e-02
-4.629792351878236206e-02
-2.459359718707448961e-02
-5.315386714299209260e-03
-1.124182584867692257e-02
-5.929670526677664061e-02
5.934917217762544078e-02
-7.135645423179373670e-02
-1.289174954037719013e-02
-8.976107088395347128e-03
6.685915390295925527e-03
-2.055906169375892184e-02
-4.413295168585091438e-03
1.697357439589733050e-02
-2.787087334028960639e-02
-3.298902339873450995e-02
4.180933862364370063e-02
-1.056643784014266174e-02
-5.181907232617713466e-02
2.658133777065699657e-02
-3.892073595152709814e-02
-1.956128717818639978e-02
8.729753153375995750e-03
-8.593514946415317874e-04
1.054413359274279129e-02
-1.105791160477003453e-02
3.041152975296823428e-03
7.441946144759727100e-02
2.853573310491932385e-02
-7.635352076990270520e-02
-1.073521802395122592e-02
1.120406071241513563e-02
-2.604362131154623963e-02
1.747658079539338716e-01
-6.425405565298387967e-02
-2.925672678812423280e-02
-5.991649476816857806e-02
3.000153493937154220e-02
-4.699943354328586786e-02
-4.210279380850102254e-02
-9.042853615492156549e-02
1.899920983181553960e-02
6.448760179521864817e-03
5.146506008251596626e-02
-9.704275943071634294e-04
-2.379995858532013564e-02
2.975481343593698591e-02
1.453683424965768189e-02
-5.880613364743916827e-02
-6.838358387399441629e-02
-2.582003428843290468e-02
-1.124006237057911667e-01
2.800442218366914690e-02
4.758474059214726389e-03
-1.004378572415857984e-01
1.267759923928220289e-02
-2.053855679245816801e-02
5.970657728440295804e-03
8.484795794753843823e-02
-7.904508125593181014e-03
-1.278094373395043948e-01
-5.032586918041352664e-02
4.445507362434543419e-02
8.347909673016300214e-02
-2.937972812933583797e-02
-5.871035199448912389e-02
1.244107117370310406e-01
-1.172472405548469904e-01
-2.889668614923353741e-03
-5.198445696302875230e-02
-7.421175255136533422e-02
-3.371908581430603513e-02
-4.105116810231461411e-02
-3.924996436061952559e-02
5.267689557236874577e-03
4.703297887358744156e-02
4.491544552045106248e-02
3.038181019873791369e-02
-5.416118872150755409e-02
1.672560046994106325e-03
-5.289651617094843356e-02
-1.298789611682895848e-02
-5.491566572767386106e-02
5.642480799087053883e-02
3.811898108231723953e-02
-2.013471910664924036e-02
-3.092183376797292757e-02
1.515170088321401293e-02
-2.187821779166674706e-03
-1.246769568815147763e-02
5.564922741370053466e-02
1.119449926829523510e-02
-5.208281479380328337e-03
-7.766179043451426622e-02
-6.691759956676326948e-02
-1.588438915014547814e-01
5.536284786307479021e-04
3.660848418296893531e-02
3.614317474206317580e-03
-1.312565011578162300e-02
-4.802891499993127734e-03
-8.008905129058250388e-03
-2.203956022551825655e-02
-3.263266483744044211e-02
1.671969448140488493e-02
1.858923589976205215e-02
-1.249284578837599885e-02
1.907838110001170567e-02
4.428131669355016807e-03
-1.125042810957661496e-02
2.978516750789643452e-02
-9.100671028812153465e-03
4.387792385615085279e-04
-8.630540994153808668e-03
-2.056560208317618002e-02
2.068142834615215378e-02
-2.095548927786639384e-02
-6.211445308580179105e-03
-9.607209248831294346e-03
-1.666983307646961385e-02
-2.979824145564262394e-02
-1.409932940282745961e-02
-4.159252562871670889e-02
1.845521222964714367e-02
-1.053907652286104925e-02
3.053725696396666217e-03
3.656052868794861660e-02
-8.428302303757853218e-04
6.595604075784183840e-02
5.509163765923238282e-02
-8.348482153277810014e-02
-7.054724237766677071e-03
-2.271491081966226649e-02
1.166138268668446762e-02
-9.541278807671144113e-02
-4.189723699219392167e-02
6.594112624498910114e-03
-5.315877817548863432e-02
-3.774214774337716211e-02
-5.456347845233446882e-03
8.468331103844332908e-02
2.172799647760693606e-02
-7.898577449379123872e-02
1.612879123783296856e-02
5.499250251173947758e-03
-3.498713553362176043e-02
1.791946820221278214e-02
-1.111746072034031502e-01
-5.222473068809867919e-02
-1.296936522087894193e-02
-2.083330201635840567e-02
-2.576734479688854232e-02
-2.599944374066312860e-02
5.138783322915293356e-02
-5.545001041749459542e-02
5.487156370469523092e-02
-7.569585432537204173e-02
-5.953789293851785569e-02
2.838186249147109375e-02
4.608369308097919753e-03
5.445786578761054736e-02
-7.923176005003118236e-03
-9.779194471048196710e-03
3.659180955281068209e-02
-7.529705512676759804e-03
1.642820738273214135e-02
-1.204035398481165808e-01
-1.300586724743706514e-03
-6.362422727065869532e-02
3.811145070911219068e-02
7.721730094571988532e-05
7.001705488370505055e-03
-1.432696441285502380e-02
-3.530173852746382179e-02
-5.593144768505418224e-02
-2.120236908129295370e-02
3.566984216959515064e-02
-6.627099865170897608e-02
-7.355431438197888513e-03
-3.817994380174059843e-02
3.523553976924927167e-02
-5.902195441359958661e-02
-8.453180240113257471e-02
4.899977953971664663e-02
-2.638633567566274832e-02
4.103950188502907687e-02
-6.170346544858384963e-02
-5.098424553537375670e-02
3.998561676577125357e-02
3.204348430963022826e-02
-2.006310355661791722e-02
7.046030840046983712e-02
-3.830882197435307984e-03
-6.290879482706086823e-02
-1.843601401645109800e-02
-5.016141505896586084e-02
5.766401529444886709e-02
-2.547182399732042871e-02
-6.996787185206747306e-02
-1.315389002996202594e-01
-8.779030045571473151e-02
-6.348733704929945820e-02
-1.643408068782878720e-02
-9.701824683990251108e-02
-3.705530958598584473e-02
-2.078046552613807638e-03
-1.208505036038904218e-01
-2.760119411838450262e-02
-9.820152790995237413e-02
1.453232208356399283e-02
-6.450666949091214339e-03
-1.605734036994324321e-01
-1.677276882663785232e-02
-7.397121812313606215e-02
1.115984961048078622e-01
3.053143085493794859e-02
-3.015459416924203342e-02
-8.135096867395122389e-02
2.102451353667516253e-03
-8.622314399509905039e-03
-3.952849923902591184e-02
6.184421191640783466e-02
-1.616318460532083223e-02
9.733480353285177411e-02
4.977577779723262909e-03
-1.891587321777781286e-02
1.054463060868003274e-02
-4.795435137523239993e-02
-2.807824179469989301e-02
-6.262082041579514202e-02
2.198415117444772228e-04
-3.207159077711077555e-02
-2.789933150485812349e-02
1.914255933434685919e-02
4.526831278133462699e-03
-2.520315909914500746e-02
-2.246205451652570975e-02
-6.214948339201031846e-02
1.249029554350748403e-02
-1.414898139514697284e-01
-1.357790177000098644e-02
-1.857443905158814162e-02
4.692726766410023481e-03
1.741832752266692097e-02
-8.271097226209923881e-03
3.523095734755262668e-03
-5.727394155861747355e-02
2.133169835650395793e-02
5.521945888941355574e-02
2.861040127753615436e-02
2.644414979532322754e-02
-1.395153489132233519e-02
8.148508403678228484e-02
-4.688895444866546247e-02
-2.171974438426434173e-02
-1.516018676066849605e-02
-5.910292390853340294e-02
-3.515697024363485107e-03
1.225217222976448909e-02
5.833347118808699001e-03
-7.337359928481823612e-02
-4.753765870506308777e-02
1.875058952622522465e-02
7.088557559428093624e-02
9.598317274517920855e-03
-8.778403783870328270e-02
5.672479472756295632e-02
2.822824135488221850e-02
-3.571141428115157113e-02
3.379465838309830134e-02
2.247264385197058484e-02
-9.435982619221162937e-03
1.043851214922817024e-02
1.024959516648427826e-04
-2.362855268421473059e-02
-1.339929362416144958e-03
-4.270078230061628843e-02
7.393676741716673217e-02
1.684315142321913747e-02
4.708736482768068748e-02
-3.452853444272079020e-02
-4.761394018728357103e-02
-2.820933590105359837e-02
-6.779225504398957332e-03
2.796653725046590114e-02
9.425898711017252282e-03
9.922250456814063653e-04
4.359046493684137075e-02
7.255797791887652615e-02
-1.334872714186924325e-01
-2.954025951881691578e-02
-3.232491873715404723e-02
7.805758146098061567e-02
2.649442891044107365e-02
-1.120283571269934698e-02
-1.864470610961651773e-02
2.171838699943800036e-02
-2.705042100576229847e-02
-2.169629602127372443e-03
-1.995047224720023632e-02
-1.454141293121568312e-01
1.065227453577579156e-02
-1.186760955758880826e-01
4.726304777058516760e-02
1.325530569658964486e-01
6.108467225355494745e-02
-2.413858480858135230e-02
-5.731762330374207820e-02
3.680393854791347980e-02
6.173017558155906304e-03
-1.006488479143804182e-01
1.932941940356183372e-02
2.703166658018183247e-02
5.105895202175321501e-02
-9.499492374760699909e-02
-1.914425492463046538e-02
-4.930162464141413931e-02
-6.278584379171335550e-02
1.598006386341812579e-01
6.696310221915444116e-02
-2.218522473109653739e-02
1.913880697915814819e-02
-4.143248861594640842e-02
1.071972328041519542e-03
9.401869436900651272e-03
3.034744265462702151e-02
2.334700576877615005e-03
3.225945490768825780e-02
-4.811670899903176118e-02
-2.664300536669994904e-02
-1.573341502629664948e-02
-1.951067412432808124e-02
-5.509072542442507159e-02
-2.384401240679716143e-03
6.562436546037594964e-02
5.279859567054911301e-02
1.171921430187788764e-02
1.714555325936947816e-02
-7.988258101293924107e-02
-1.078290934987672853e-02
5.294757439734822102e-02
5.623141836905381705e-03
5.081599533750101594e-02
-4.008960675117978663e-03
3.162258879284532420e-02
2.720296221829063971e-02
2.435088021339405079e-02
-5.786444591945313909e-02
2.323490153113914880e-02
-4.319232014544529402e-02
-4.104228666555547606e-02
-5.905530348003951591e-04
-3.600939757529338092e-02
-3.314193187100554494e-02
2.315361646914628271e-02
-3.405370956652046394e-02
-4.085586007597846736e-02
-1.646504178537313776e-02
-4.616787663776066725e-02
4.199295450536600499e-02
2.865007239605883368e-02
-4.113691097898547824e-03
-3.971552496423511741e-02
4.770984990440951118e-02
-1.664682620350546940e-02
-2.685354109462975356e-02
-3.007018719110196928e-02
3.040343929314465177e-02
7.641909433019780304e-03
-4.200505429002449227e-03
4.778239757799267011e-03
1.331367537258501196e-02
-1.258737095209734938e-02
2.870502249172417544e-03
6.290522157154971108e-03
-2.745383470176732468e-02
-1.286344670016626411e-02
4.834802307512942217e-03
-5.326348636083501342e-02
3.637085776426997319e-02
7.960141192718954081e-03
1.610957256722841263e-02
-4.149409124029816709e-02
-3.604672689560098646e-04
-3.388660888042237945e-02
1.322870285024677073e-02
-2.478877368520344612e-02
5.585277360185712109e-02
3.140534187322906873e-02
-3.555726668795655080e-03
1.656794785342677670e-02
-5.687988395393376619e-03
5.714007729993490076e-02
3.001098186151325911e-03
-9.333109097393125705e-03
-2.867801084329258884e-02
-1.569667067194106119e-02
-6.968770417656666716e-02
1.078889345723030128e-02
-6.798513673099793042e-02
1.253023991686971587e-02
-3.094418670737391144e-02
3.860827628050294766e-03
1.182315991971319251e-02
4.684400840216576024e-03
-3.316682348845759187e-02
-1.233146924869264055e-02
9.786776877210532147e-03
-8.400202677983708080e-03
1.183796070248643861e-02
-1.118901902189306519e-02
5.432060153552131093e-02
3.418348334708326552e-02
-3.932554648311426676e-02
4.276080796991671429e-02
-5.099520663756700045e-02
1.475700649514715551e-02
2.668565292918120835e-02
2.840737901632235662e-02
-1.257019602840928896e-01
-2.289300220460654609e-02
-6.448571231296389150e-02
-1.781626992844026827e-02
-2.439525111541215874e-02
-3.240741825354696154e-02
4.643650109908343745e-03
-7.398295161533950670e-02
5.688702750156813398e-02
1.320505119283209121e-02
-1.954559652836424053e-03
-5.943380402624191816e-02
8.742840991376300830e-02
9.857735540746618771e-03
-2.473113914743233291e-02
1.226679022402978395e-02
-9.234710993666737922e-02
-2.745022774954259791e-03
2.781371437049718134e-02
-2.404439880074258490e-02
-4.760630660448044588e-02
-1.144915440970422083e-01
-6.094713415482538865e-02
2.584144109038966422e-02
2.259470269409980317e-02
-4.317558561611096329e-02
8.642199138094110514e-03
-9.613078401583285970e-02
-3.900247115773873563e-02
6.615092748997711269e-02
-1.103447501109593339e-02
-7.143482185844572674e-02
-4.811491785374282654e-02
-8.560730970824799446e-02
-2.153623767437555861e-02
-2.649858721396634170e-02
-5.067703063378339173e-02
-1.193277039070023311e-02
3.312183771430961439e-03
-6.144929335009350485e-02
1.141578960397232334e-01
-7.264407848852620642e-02
-5.545648007629906673e-02
1.140906773888122894e-02
4.621116291600090714e-02
-1.022309904853936774e-01
-3.212945111248826507e-02
-1.092973811220976192e-02
5.990447366119210776e-02
9.697208431448951782e-02
1.117486430475159859e-01
6.990212404186960105e-02
-4.042163249691705512e-02
1.380615019696298379e-03
-2.179721817194965258e-02
-1.286429161172239488e-01
-3.442804571838765926e-02
5.903089629721668813e-02
-1.296224926817093337e-01
6.060538152686856944e-02
2.034400541141937260e-02
6.976123467983090520e-02
-7.720561498608674578e-02
-1.383998841741098940e-01
-2.879890364343746113e-03
1.165083646159659550e-02
-2.748379313208947766e-02
-3.943940818476774496e-02
-3.923797681594148185e-02
-5.474080611853294337e-02
-3.519114160704720634e-02
-4.271779511930601063e-03
-7.208480834834611606e-02
2.380404589499893891e-02
6.440135874780369973e-02
-1.041240757610922413e-01
-4.136300140954071725e-02
-8.334004699390318294e-02
-2.456908304630680759e-02
1.049118910893047200e-02
-2.092174357948142077e-02
-7.201023993772910636e-02
9.012624165213527216e-03
3.495037375559598841e-02
2.890065772413783624e-02
-5.165901754480613228e-02
-9.837379084249992661e-03
9.211662144418545500e-03
8.874797983606033669e-02
1.127013621765374091e-01
1.496453482360659767e-02
8.979812943844522888e-02
-2.035563443893532998e-02
3.627781724175694472e-02
-5.805903446599786077e-02
9.497488229629012790e-02
1.070951732518940214e-01
-2.300071399453826240e-03
2.946943449546577179e-02
-1.982862556303106524e-02
1.548138696785516730e-02
-9.519705172931278159e-02
4.163361471062466262e-02
-2.404640142085280943e-02
4.174915245150578186e-02
5.075819365735496219e-02
1.702244935331561140e-02
-1.243443393249760442e-01
1.899882341147525466e-02
-8.020875473083477480e-02
-6.786847634160541286e-03
-5.685688895490700195e-02
1.076957397835793251e-01
5.163911394518868464e-02
-7.713381833872799687e-02
2.705882440302977490e-02
-3.009824482734832496e-03
2.551937495152373225e-02
-4.876471202568151767e-03
2.796250905417453289e-02
-8.549103313393315029e-02
-3.438373179222394688e-02
6.360234283858312576e-02
-8.018264754444724696e-02
-2.147513682239981375e-02
8.457211630416211490e-02
1.504012370161436803e-02
3.442241991217490776e-02
-5.657551152506399422e-02
1.395934722172352017e-02
-4.038491096036440908e-02
-5.287354008258360327e-02
2.452708650757123160e-02
2.839344268554680473e-02
-2.862483927495325375e-02
-3.332152732266655676e-02
5.756517275373636278e-02
7.660323443473676663e-02
-2.562466289559032009e-02
6.852709384648032406e-03
2.811641432675176036e-02
-1.619093270790868469e-02
-3.721921480493346063e-02
3.105355934011088878e-02
3.114347861424652392e-02
4.322685117655176990e-03
-1.597457854445319403e-02
-5.444978975623170764e-02
-2.439290065109542965e-02
1.335707037148464726e-02
3.879306363239296701e-02
-1.519096379396056400e-02
4.708312275441486894e-02
-1.066544012615934511e-02
1.339662418167682049e-02
1.060668477706007418e-02
-1.027645073758864935e-02
3.004232963268637160e-02
9.378640963789214302e-02
-4.720762917751062521e-02
1.816852380040327860e-03
-3.303432798560759082e-02
-1.310876595549445231e-02
-4.108635404470550173e-02
-9.725773107710652954e-03
5.043369769803120184e-02
-4.259940620445124698e-02
-1.071768807724518373e-02
9.055899480949078373e-02
-2.490385925285852620e-02
3.730964560094148647e-02
7.783761470401584504e-02
4.602325604818973542e-02
4.560123500366906196e-02
-7.315956962558432461e-03
1.289550778871865859e-02
-9.740654457404115951e-02
6.034004697390413230e-02
-2.095391786587668097e-03
-1.948839577154820590e-02
-3.164990220073093247e-02
-2.658809940710340006e-02
2.772471308892933070e-02
2.272438169366280611e-02
-2.093446986383924388e-02
-2.342493854658057525e-02
-5.548290696582505732e-02
2.506388398624365826e-02
-2.086723242972153211e-02
-4.213240269673321908e-02
6.752381989610418966e-02
-5.392590972028860237e-03
3.478476505233962096e-02
1.783358335689881960e-02
-2.986201122640530850e-02
-3.632413852630130696e-02
-4.419123795083008260e-02
5.892828856262817550e-02
-7.764624256510367639e-02
-6.478135361577045531e-03
2.152605525143473642e-02
2.708347720928062571e-02
-4.048909972100189075e-02
-9.363480597828406984e-03
-1.028926030419864690e-01
3.564498966641897748e-02
-6.262909227320708795e-03
-6.844129051546975033e-03
7.829040948682512713e-02
-7.899770468894716513e-02
4.784898636884076829e-03
2.062286496213819667e-02
1.242320431478877163e-02
5.909845437843688071e-02
-7.930044573820691292e-03
-9.552344619352298727e-02
3.099369329081697391e-02
-5.052388895929820455e-03
-1.720775552208726744e-01
6.406057035291476409e-02
4.689263610594489318e-02
-3.782331224740583669e-02
-4.064625862749490087e-02
-2.186952244303607545e-02
6.798102601203813433e-02
5.459945225832692900e-02
-2.710264441837735572e-02
-2.446031384951309964e-02
4.846837904047617690e-02
1.867775067389789226e-02
7.242276277756992675e-02
-4.051864549153999517e-02
-9.616890496629470955e-05
-1.732316658049437227e-02
-1.419162427129990779e-02
3.001451631351656751e-03
-2.303854585071058933e-02
-8.666315701531242255e-02
-2.843363405729428320e-02
-4.005872884222652641e-02
8.798659869138895917e-02
-5.619270014988796656e-03
5.249596152690384071e-02
-2.607401615472272269e-02
-3.478631331191369552e-02
1.389455323021924517e-02
1.277591009464025887e-02
-7.789625956980654464e-02
-3.998294569493682921e-02
4.057712530306950560e-02
-5.078536495625728814e-02
3.869872693670928926e-02
4.511597155652096250e-03
3.504568688395792719e-02
3.052654351043236278e-03
6.330118335351109238e-02
-2.266340377051213537e-02
-2.671191940379953958e-02
2.989886943318281060e-02
-1.014126074731315080e-01
5.076539118356124258e-02
2.079740031676064957e-02
-4.272611568190856635e-02
-3.625131692604902783e-02
2.130670509821656552e-02
-4.083319203724401769e-02
-4.762100742045100032e-02
-3.567224627197198433e-02
2.079336306097489141e-03
-4.423522061149122268e-03
-2.022528859326823067e-02
-4.414413415217526004e-03
-5.742578421087953487e-03
8.100104836360165483e-02
7.666584952146629495e-03
-1.981932025995074634e-02
-1.010877186622997914e-02
2.503629476495604356e-02
1.373481909026031062e-04
3.379746976806140280e-02
-1.386017733893531688e-02
-1.559715209529713605e-02
1.441980275948734000e-02
1.846784814254259430e-02
9.520049489625802622e-03
6.644914423362951496e-03
1.901196808457808257e-03
2.088268405663692203e-03
-1.299052535299914310e-02
1.958669059120549810e-02
6.060708492248896573e-02
-7.085775962396007044e-02
2.610792163316572045e-02
5.758446414158518989e-02
3.921298198806517921e-02
1.615052381426403463e-02
-1.210360305974341778e-02
-2.640354327081688435e-02
-2.583383972125891104e-02
1.175584539958468566e-01
-5.622596729260134589e-03
-2.798127206085657126e-02
-6.060700095131497760e-03
-3.201563744544204393e-02
3.978515596956196804e-02
1.528544718172991299e-02
-4.424005347195726634e-02
-9.614413919984342652e-03
-1.347281435062460016e-02
-1.114084807867985090e-02
6.988263876791067641e-02
-1.126955293628724951e-02
-2.146371783670150690e-02
9.208054177016818109e-03
2.725602254782887035e-02
7.662727903692888136e-03
2.835036063844034032e-02
-6.818153531556096422e-03
8.848198654028013865e-03
-2.126217953623375442e-02
-3.747841297596720550e-02
-5.510467273938641358e-02
2.076210196827127721e-02
-3.135043969068732062e-02
9.419082448946188013e-03
1.918097394186897434e-03
5.713610751398750555e-03
4.653834131111819761e-02
-3.283313128573808054e-02
-5.252886542194657241e-03
3.510265461285226596e-02
-3.470624371931188556e-02
3.040481891438745476e-02
2.849613903521990704e-02
-3.330543194554306304e-03
3.311839510694066652e-02
-1.123719083182909834e-01
-9.163349108970566398e-03
-3.997292668960038264e-02
4.125905556146860359e-02
1.080623493724152534e-02
-8.623400386691792985e-03
-1.524457110241998412e-02
7.131934353009052041e-02
-2.362252772987672583e-02
-2.935500141789530813e-03
5.196332989043672690e-02
-9.947324748859679572e-03
-3.832981468058081764e-02
4.655317865160783775e-02
5.847004594649385378e-02
-1.145118793330962559e-02
1.926723286408969088e-02
1.217519941441284718e-02
-2.797134399056399462e-02
-9.182532013347223521e-02
-3.785536812374643012e-02
1.507271812475130361e-02
1.722760289665486999e-02
1.825552742640414909e-03
6.564474679440858440e-02
-5.446180189767844959e-02
-8.795517076497770537e-02
3.895733218124323993e-02
-9.446289492792201217e-03
-3.529515033122363615e-02
4.478488355002947785e-02
5.106005840588128016e-03
-2.748386535495584565e-02
3.730318375354682581e-02
-1.539301562858670994e-02
-2.638975769296891469e-02
-2.567028315674441813e-02
3.988447743877895912e-02
-4.646675171282679817e-02
-6.855594156228933013e-03
5.909121177513054768e-02
-4.569936469329360235e-02
-4.494588530556029721e-02
-1.363603110127364383e-02
1.056693760703201167e-02
5.022596888823863126e-02
-8.782561913752397198e-02
-1.698355356099585586e-02
-8.766697041921156161e-03
2.201693295406234943e-02
1.356519117437372524e-01
-2.014797583673019060e-02
-3.642200482772282866e-02
-2.605981324173174685e-02
-2.196198853224604758e-02
-1.230878191109228276e-02
4.700173545947126941e-02
2.565706003655295053e-02
-5.803305459238486397e-02
1.238713984905237672e-03
-1.508081695458386162e-01
6.288374164026140981e-03
-2.337049514489430643e-02
-1.112105677473447934e-01
1.239265863174657117e-01
6.327186654021214191e-03
2.487202365443926672e-02
1.218838379404121181e-01
-5.639961421769686643e-03
-2.271035644641519746e-02
5.143749904588600791e-02
-4.709260442089030149e-03
2.816050575165731078e-03
4.223987756949590389e-02
-3.882103317216014510e-02
1.378824214634286893e-01
-4.535159269362529222e-02
-2.776186386118834754e-02
3.427751746209684795e-04
5.297953660987622659e-02
2.002518425854058620e-03
-3.398083820169859465e-02
-1.608198723580873957e-02
1.163960673526757278e-02
9.418644294856219623e-02
-1.049124317832074438e-01
-6.861162569587483939e-02
-2.721838869294252589e-02
-3.210580967204778279e-03
1.538637636384912744e-01
2.691553981890027272e-02
1.117987848587918276e-01
7.567821556931318694e-02
6.851555166928967322e-02
5.076855386986508373e-02
1.663127297572590535e-01
-8.252009743347472892e-02
-7.248350705994796236e-03
-2.841179800421568188e-02
9.827710509947329073e-03
-4.340760260192787906e-02
-7.283212999814081545e-02
2.513086147476638853e-03
-2.573606421456159019e-02
2.192225599588371043e-02
1.664430339668487857e-02
-1.424091127548532572e-02
1.959654987720366170e-02
6.098592263409486833e-03
-5.536306018561586682e-03
-1.206642662610995760e-03
-4.358619718730522355e-03
4.030079824670462774e-02
1.352377655888173380e-02
-1.040346919049086050e-01
-4.132114214751073100e-02
-6.257872475369876536e-03
1.811891980169101982e-02
-2.814918313634735825e-03
-3.425693127229383766e-03
-5.401102455180822187e-02
8.651649735007278796e-02
4.200938938829264224e-02
-1.245570274849639586e-01
-3.165591707091406498e-02
-5.367976913552102713e-02
2.253489350946952068e-03
2.428338879660430980e-02
-9.651662218616057637e-03
-6.845254278189298602e-02
-1.202408067644748432e-02
-2.020492427338619126e-02
5.423370302457818093e-02
-2.024960781338798824e-02
-9.352884146824408385e-02
-2.313762110475691205e-02
-5.955159705726280339e-02
-2.955697627948419143e-02
9.982748130568189562e-03
-4.292365182606997648e-02
3.156178566350744535e-02
2.329384425072926826e-02
2.450984723449331146e-02
7.447303978841523196e-03
-2.859659619378144332e-03
5.487400153140128273e-02
-5.477672653966561729e-03
1.215194924313475582e-02
-2.493115446746156996e-02
-5.232071302814970265e-02
-8.689462817705146877e-03
3.538393953449620044e-02
-4.703344231021813694e-04
5.439174651141577554e-02
2.819771706111759424e-02
-6.990423926290420531e-02
-1.595150581585001726e-02
5.401579608239329144e-02
-4.569119894377860792e-03
5.631160314097084785e-03
-5.700709912035576560e-02
8.896719827162986524e-03
3.317225364649702135e-02
6.638062890233129010e-02
7.906183767717213373e-02
2.498053751428843533e-02
2.436767990233572670e-02
3.279166393628241832e-02
5.979769769852799795e-03
3.554916540591996493e-03
5.021618195367939103e-03
-1.919000785240520049e-02
-8.677688466598808660e-04
-4.389666824859356220e-02
6.049788595416222270e-02
1.784328702348402795e-01
-1.172127295894361682e-01
-1.914859255350985132e-04
-9.139299976101276923e-02
1.592035524249304709e-02
3.052175344281709765e-02
3.467689333851537922e-03
-3.242866123619995294e-02
-2.308172663274824649e-02
9.126685886500095213e-02
-4.426759653658512983e-02
-5.378047255630757223e-02
-3.752515871900045236e-02
-2.414072942612616873e-02
-1.426796016522860755e-01
5.931313451106932748e-03
-2.471011832266599428e-02
4.762673161465906524e-02
3.007730300064976117e-02
-1.595658084564767487e-02
-5.166234627838347387e-02
-6.147009801492791560e-03
1.461544121375685408e-02
-7.181998404919461010e-02
-6.151632571240028824e-02
-6.752658944022582599e-02
-4.892758125655301965e-02
-1.229246067539555981e-01
-1.039938207837581285e-01
-5.439771475605521822e-02
4.536202816425054934e-02
2.090017225675301279e-02
-2.028256018159842189e-02
4.144418624411399382e-02
-5.797314037091358396e-02
5.898306718359929562e-02
-1.631279790741603161e-02
-6.507540769614700293e-02
-8.094544448161926364e-03
-1.113310081925698164e-02
-4.520506815279407009e-02
-6.162660421865589350e-02
-2.592482124682953665e-02
1.284082936442413336e-01
6.963968312410939721e-02
-5.945442763320109986e-02
-3.437198664614008609e-02
3.275290376264310827e-02
5.235915417899516394e-02
6.761304798516827586e-02
-3.878539985482704761e-02
3.788564617999854323e-03
4.222099678720623445e-02
1.216397791359694492e-03
3.022382391605916638e-02
7.561342373712288956e-02
-9.761983909810831306e-02
-3.986231117223559828e-02
1.710249680756051327e-01
1.414713756277221658e-02
2.107525018875475858e-02
4.841068056589154650e-02
-3.685502755769989348e-03
-2.475841458156175304e-02
-1.215396564908480942e-02
8.075731166048047763e-03
3.413495665737737404e-03
-2.485991953744199484e-02
1.974401809849747266e-02
1.232827038944337740e-02
-7.424082204869225654e-02
-1.474181879022275557e-02
4.270730458963568031e-03
-1.623189736537147473e-02
-1.339034635268562465e-02
-4.610092818376001350e-02
-6.401490630205506835e-03
-5.629739385667361512e-02
1.425601752514090229e-02
1.849924883359043912e-02
-1.725132166342169303e-03
5.151238884211029045e-02
-1.028034407724364406e-03
-8.197160576995288564e-03
4.029514507124960787e-02
5.726546170517549106e-02
1.252168187435261613e-02
-2.732560869782710983e-02
-2.448195730088524157e-03
2.123946477618359960e-02
-9.936405854956554054e-03
-1.249711956131450974e-02
-6.196527632615836736e-03
7.013463931112882271e-03
-4.270615940685665995e-02
-2.703054510758139475e-02
6.666715157688467286e-02
-6.635532995404083353e-03
1.191087209539876818e-02
-2.981562840219377161e-02
7.108927123557294558e-02
1.123147546700299787e-01
-7.929602385620894422e-02
2.657826133708865793e-02
2.626781561086210387e-02
-2.278220028646118361e-02
-3.861217298748822330e-02
-3.260176775780626590e-02
1.140592346802570406e-01
-3.527072356752943005e-02
-8.846646834725082134e-03
1.420489698210667361e-02
-5.152540930365347160e-02
7.057723251637686157e-02
-1.913651477895647948e-02
2.351404301624440349e-02
9.713697356084073989e-03
6.248766042431305040e-02
1.168330543299739635e-02
-3.277254489079258620e-02
2.426887921131716183e-02
-3.054556569620108311e-02
3.229573938387730880e-02
1.359618945627767868e-03
-3.579910709369007321e-02
-3.622341128231418295e-02
-6.801444433592200578e-02
-2.430617385381993178e-02
2.435422524710689762e-02
-1.928967084514944530e-02
-3.448978348333892052e-02
-2.287204272829313975e-02
7.139560961436036690e-02
8.982496181357177423e-02
-5.742631166399513043e-02
1.503182347332936326e-02
9.928181807080721163e-03
7.256423213113015469e-02
-9.359451236033225485e-02
-1.221205367214120950e-02
1.763983111784423255e-02
2.889087714968853124e-02
8.584584019973734437e-02
5.306707592330600631e-02
4.585156416746075797e-02
1.166236801640822690e-01
-7.521972982419576625e-02
1.421534365133030574e-02
6.156510072688633345e-02
-1.335454243343190892e-02
-6.001341542665117323e-02
-6.644465903885057867e-02
-6.342292471111349306e-02
-3.380225327612657732e-02
-2.890160373083655587e-02
3.756382009560191998e-02
2.769746072429426012e-02
9.629729855718869962e-05
7.790219437524190105e-02
-4.709899534847163116e-03
6.691074462858295768e-02
5.910817803062404230e-02
-4.566180307995720139e-02
-4.645781764867196878e-02
-4.209409564270948784e-02
-1.572332719123389899e-02
1.012173935231560490e-01
2.896830595734081401e-03
-3.541205043298489147e-02
7.792911473374524930e-03
2.120779677379576456e-02
1.040884802266531933e-02
-5.475725663720689383e-03
-4.143365787816435247e-02
-1.076589370533778851e-02
-2.581713783659780881e-02
3.494902026672715156e-02
-5.732723680085290846e-02
2.990334034012434236e-02
-4.125974949455133572e-02
6.185938131604045570e-02
9.224317477881476685e-03
2.797948283427470484e-02
2.758894872746829249e-03
-4.661869098679076321e-04
-4.037461240848296690e-02
4.967729178798019340e-02
6.107446467408020330e-02
4.139387955348901998e-02
-3.749895533786308521e-02
1.782298226374863168e-02
-5.723692233833089886e-03
1.061391973241129945e-02
-1.293952838796018530e-02
-1.961731371424017129e-02
3.282133754167959605e-02
1.688986735216671184e-02
5.578185875257107851e-02
-7.988829141015960436e-03
-1.450744997607433849e-03
-1.442240735596343228e-02
3.377697629469803703e-02
7.872135647659541172e-03
-4.808581076464845533e-02
1.536121230092389947e-02
2.332291416024885600e-02
-4.129078902391412897e-03
-1.365777570441580047e-02
5.471769585422434079e-03
3.893606838340754606e-02
2.811042944755722320e-02
7.094274142857041540e-03
-1.228481760821683103e-02
-2.054611929911766624e-02
5.680270060231562210e-03
2.891714161429933313e-03
-7.496228243254612379e-03
-4.655669314162649841e-02
-2.707346016289364013e-02
-3.755273095744986883e-02
7.191699318889260232e-04
8.618164304279599119e-03
1.403615379933761086e-02
-7.582039178904335930e-02
3.403584590214740746e-02
-1.867412693782385252e-02
-9.847463695090215297e-02
-2.319397378411559851e-02
2.874250906432078336e-03
-1.233993072513505512e-01
-5.603895946020224367e-02
1.655191647518715059e-01
1.857476606687617424e-02
-2.741920826907574826e-02
-2.921610762035682998e-02
-1.580809013565406471e-02
3.980002388101323840e-02
7.018939914501194643e-02
2.365490426998777609e-02
1.201894712545347951e-02
2.991207329950790542e-02
-1.911775851507039464e-02
-1.130843104221716799e-01
2.353417872339812200e-02
-5.728574765113757933e-02
2.475167378881166710e-02
-3.222473771427766809e-02
1.044752873054156511e-01
-2.384528211197214573e-02
1.456759012807693106e-02
1.090229912086674996e-01
-3.285347437091465372e-02
5.628903884536033686e-02
-5.870039027781007168e-02
-2.417579628194901561e-02
1.033911417609729988e-01
1.162281680625743170e-02
1.179654117857303810e-03
-7.979195878248216897e-03
5.806452965021106916e-02
-9.306975648108135879e-02
-1.139561531120554388e-01
7.837132963243441386e-02
7.909494323092503693e-03
2.290137249520567825e-02
-1.456338551706461322e-02
-7.029298737103410744e-02
-1.644071554789039435e-02
-1.046191288189024376e-01
-2.941681916194396548e-02
-1.134101595404206908e-01
-8.543534954277100246e-02
-8.191635269147017062e-02
-2.048751997947146075e-01
3.010681990185863632e-02
-8.199941985926245680e-02
-1.252123939049094858e-02
-7.311909569446749246e-02
-2.327537301294050134e-02
-2.527847907549178597e-02
-8.619847647746282926e-02
-4.896364484926760824e-02
-7.565994278611416768e-02
5.303176910149536710e-02
5.826818340900184051e-02
-1.748048361466048028e-02
1.120557438553058775e-02
5.398711453895532753e-03
2.936498895358661404e-03
1.591932998381964323e-02
-1.005914709928981601e-03
9.735141286251669177e-03
3.149529269419071992e-03
4.080898267452338912e-02
1.260536579207441376e-03
-3.184440647570722233e-02
-2.999834558878515522e-02
-1.381180061852218394e-02
5.057513127683363474e-02
2.996876298598943542e-02
2.122230937880511745e-02
-1.307890360167794121e-02
2.624321293538481661e-02
-1.240870770678281255e-02
2.316451962802476561e-02
-3.479446451122690520e-02
-1.882538226088115163e-02
2.600168679343148673e-02
5.456958549101965754e-03
-1.385501341467917404e-02
1.218720375560348318e-02
4.602194346068232654e-03
2.162350236549010277e-02
1.593741742385713922e-02
1.246753760996101995e-02
-3.090509390161666134e-02
2.171118652249598435e-02
9.234780142238867978e-03
-1.165149702301848493e-02
7.414459005088544150e-03
-9.244084149136834461e-03
4.647192625335933719e-02
2.570356777443240197e-03
4.065473649200532225e-02
-2.226531053074045502e-02
-1.738851337256117763e-02
5.118845401220448871e-02
-9.137325593038038429e-02
-4.152841628866039275e-02
-4.558947450923282046e-02
-7.274289063264148536e-02
-5.260383733187656147e-02
-4.891633166683356793e-02
-5.794645828300113571e-02
5.491995967599697798e-02
2.856026593997611912e-02
-3.870828426807681327e-02
1.054816219941886145e-02
-2.050208344664761900e-02
-5.887616689540525056e-02
-4.359704460092404983e-03
-8.231102348152629896e-04
4.968118264924019367e-02
-1.737605535570133954e-04
-4.483861319808942619e-02
-3.783084546610938209e-02
-1.775317896627752121e-02
-6.785216944553056594e-03
-5.028814979807212329e-05
6.387587679475179026e-02
-3.998173841909239551e-02
3.690682116142100094e-02
1.713484998913727617e-02
-4.099220538411440379e-02
-5.021149563617859773e-03
2.214163744130990055e-02
2.376738580106753027e-02
-2.321082234923161486e-02
-7.281951596942132059e-03
-1.345065183878205693e-02
-1.354732816191245998e-02
-1.650491524810356048e-02
5.961252198816446857e-02
6.188782029990352526e-03
1.138231625575249900e-02
-7.339458335958130852e-02
7.769313113820089552e-03
-1.249922551135373983e-02
3.472043622568991156e-02
9.770354246082862612e-04
-5.821900369863973468e-02
-4.480348417480053969e-02
4.134554335130977837e-02
-9.236214258660682686e-03
-1.379774641544628984e-02
1.244455917961198371e-03
-2.696357750780152204e-02
4.925786226210123603e-02
4.336565840019485085e-03
-1.343410118647667996e-02
4.621388205702839369e-02
1.660695616811457692e-02
-3.104541442308720103e-02
-5.309339871838323482e-02
-4.500820709299514950e-03
-2.272390315050700372e-03
6.086328752073873194e-02
-4.351938631701452592e-02
-3.372156280105418312e-03
-4.230246388319136575e-02
3.623663678147279882e-02
3.421123113282660555e-02
-4.707863327911897787e-03
-6.579464288749967138e-02
-2.821331658297860506e-02
-1.001146301759754803e-01
-9.451497496101733675e-02
-1.637819158754647009e-01
-4.774401595427582579e-02
-2.502654203682720679e-02
-2.625911731495540052e-02
1.088596309899700493e-01
2.754121518430898211e-02
-5.943134048479661348e-03
-5.535135427588696276e-03
-3.307671486087599734e-03
1.395754144031394715e-02
6.616075287588380968e-03
5.612438286308224500e-02
-2.207944013719673540e-02
3.325304317852083302e-02
-3.767870962089084341e-02
4.414258609738948985e-02
1.516250410091444026e-02
2.744760841238116922e-02
-2.997087416508335909e-03
1.878948545894937316e-02
-5.021294745496294315e-02
2.038188494814257776e-02
-7.269880550852497562e-03
-6.274961467601020138e-02
-1.355895379069730873e-03
5.397446669806458402e-02
2.395320189800692959e-02
-1.532875614421361568e-02
7.614636701727156565e-02
-8.443854753330411189e-02
-1.468612652302007104e-01
2.867266311962833603e-02
-4.868925782523849527e-02
-4.466191349873061683e-02
-7.497432093389290453e-02
-9.945380222840327633e-02
7.572321059680470201e-02
4.398458275707427950e-02
-8.592144944862240008e-02
2.748000047836036269e-02
-4.291716413519521683e-02
4.326029691527810001e-02
-2.241899049807846364e-02
-2.894882871497329174e-02
-8.562556730755994591e-03
2.361085108198774166e-02
-3.189386779966993379e-02
-1.473126108691095448e-01
-8.150282503972187953e-02
3.734669652108874634e-03
-3.100709561659462099e-02
-2.407048805847470871e-02
2.680154434682394116e-02
1.187383841654059309e-02
-5.185810596039287269e-03
3.745283485884773333e-02
4.025697846025143301e-02
-4.140340844635630874e-02
-5.329045679078871917e-02
2.709154497815845913e-02
-9.013466472741411828e-02
-5.172779517101772778e-02
3.171308057214380222e-02
1.213030159332236825e-02
1.090131348863990768e-01
-1.408280578182146510e-03
5.718815201439193807e-02
-1.594224201896157073e-02
-9.418870538304376094e-02
1.545064913553633422e-02
-4.173943484063664944e-02
-1.796492869903764051e-03
2.675647178984334393e-02
1.782372253618655714e-02
-1.351110232448259584e-02
2.205791977436616022e-02
1.164113103227265231e-02
-2.163662730490534605e-02
4.316642675364730508e-02
4.605546628495976735e-02
-3.987091857966295477e-02
-4.978678283831718815e-02
-1.196906063202670192e-02
-6.078960862819746125e-02
4.822135805216114235e-02
1.361888775962443419e-02
-7.137743372539950837e-02
1.214879651553828349e-01
6.388375969273471511e-02
-5.053227492077682487e-02
1.032841073225912870e-01
2.342505284742728289e-02
-1.074504673229125830e-02
-2.972086912002716054e-03
4.745150216590412334e-02
-5.943341540342217573e-03
7.344689404954934941e-02
-1.634972652318791853e-02
-2.789911397003336929e-02
2.544807434405622903e-02
-8.427130878245227275e-02
4.813410806517019747e-02
4.811126577994464561e-03
4.325409733472333068e-02
6.558117621499558181e-02
3.595506714157664652e-02
-4.225313643206171643e-02
3.797750181320087154e-02
-4.711615362068193730e-02
6.186964948329667056e-03
1.121939835325923146e-01
3.553177937445492680e-04
-4.964642925228351933e-02
5.034683180689566301e-02
4.219532238058424332e-03
6.000809053887906641e-02
-4.867185777564134175e-02
7.665744589776052331e-02
1.548889370619367569e-03
-7.875227452722391441e-02
-2.788961192335507114e-02
8.285182421633628669e-02
3.176990212513233335e-03
-5.462402000648956465e-03
2.651072041907392898e-03
-6.896180561223655414e-02
6.260940806617115544e-03
-4.884848958805151214e-02
-2.475778069731597586e-02
5.192103892187589775e-02
1.231792976313201768e-02
-4.749331860938734579e-02
-1.466502333399724231e-02
-3.247132790801914026e-02
-8.030090309506640600e-02
-1.679478471023372957e-02
-2.043253318497163101e-02
8.128499092195587417e-02
1.112070161943503992e-02
2.616123433974964010e-02
-3.846548013044808270e-03
4.154653622482397390e-02
-2.158021430391303397e-02
1.619599066278148980e-03
-6.644616100409084236e-02
1.920667532472524960e-02
6.733477697554554608e-02
-1.264615785632044187e-01
1.044656271062097998e-02
-6.693766885533693548e-03
-3.304739697246380538e-03
2.166574163152555632e-02
-3.149959228451514048e-02
4.618274625268533468e-02
7.083881428405874869e-02
8.173915630269885935e-02
-3.505650958787438765e-02
-8.553514890960910643e-04
-4.290598709382877768e-02
-2.287658584938982373e-02
7.538195122842521190e-02
-5.789899469909394469e-02
-6.143482963867127195e-03
2.111508593427772335e-02
8.457900047090856355e-02
-1.530900144065069912e-02
-4.464369042114018499e-02
-2.352731277981644567e-02
2.352795994471716320e-02
-4.778884954818472287e-03
-1.974675672779489452e-02
-6.191970826912304889e-03
-5.369894367010316638e-02
5.016136787661357871e-02
2.000172953550022684e-02
3.312203731336871293e-02
-2.206113020770971225e-02
-6.955270359810894476e-02
-8.266181584383504310e-02
6.452788524292087276e-03
-3.477244922705544083e-02
-7.981356723273738685e-02
2.601350013542724771e-02
4.064685286665090796e-02
-2.394953342693231877e-03
-3.286354677478059427e-02
1.010031206316955484e-02
3.809142947518291689e-02
-5.948222223852617924e-02
3.854727944179810184e-02
3.931605691216654569e-03
4.601349941069998728e-02
-7.502774231803249760e-02
6.585169402974866415e-02
-2.122395445943116993e-02
6.420658894760651082e-04
6.922028213717515421e-02
-5.110208211489557402e-03
-2.656198420427925005e-02
1.712298401720731278e-02
9.557296406741738748e-02
9.237512680284065691e-02
4.528692677005246442e-02
-3.518557883264204073e-02
8.041454957308670493e-02
5.229721772420532072e-02
6.497609159868106277e-02
4.618971832228636887e-02
6.214394818563490075e-02
-1.283511134854747049e-01
1.343210549702814234e-02
7.468522746675414214e-02
-9.045777159746867802e-02
-3.401732704952933201e-02
-5.835540695067043676e-02
-1.327465017938460334e-01
-4.381067437489371413e-02
-1.002019596352984321e-01
3.111129175338128369e-03
1.698438019758391135e-02
7.228787995223696916e-02
-1.419637767508562243e-02
1.389935614769951255e-01
-9.086179743414000975e-02
7.058356937672033427e-02
8.024396201045207871e-03
-3.008228302042463900e-02
2.821983962316776395e-02
-1.238987994684170452e-01
9.037087035655592959e-02
-2.189966876089268974e-02
-1.831613448956868548e-02
-4.394684282111030460e-02
-1.071109100917931991e-03
1.835404069744971459e-02
-1.279881073757810350e-01
3.462220651161924262e-02
-2.367929862283967013e-02
4.344715611307513325e-02
-5.607406189245060790e-02
-1.504961945699469401e-02
-4.523963767802641894e-02
1.126657296278669729e-01
1.832632519595350090e-02
1.481642392585057200e-01
6.151837013268517812e-02
-6.256664379789235453e-02
-1.734380756933459611e-02
-1.514998643344652590e-02
1.063995831920148405e-01
8.554519296571271025e-03
-2.397491199562400144e-02
-3.128121029302909084e-02
-3.448495454868925197e-02
-6.947908662030230498e-02
-3.202389045892480718e-02
-4.344081732696972176e-03
3.442173558885211482e-02
-6.309305139476946434e-02
2.092756209880516916e-02
2.543120465372392808e-03
-2.212058792545409242e-02
-4.030268098231856028e-02
-1.027852860163614226e-02
-2.130339013223949904e-02
1.090012644776042683e-03
-2.786657333596296096e-02
-6.879571106417055326e-02
-5.436658781035040577e-02
-3.715001552829758774e-02
-1.909184379808531173e-01
-9.914958282967982484e-02
-3.993910341485396726e-02
-5.429284590232229951e-02
-1.898471280193642693e-03
5.825135796528575077e-02
-1.256050384708251241e-02
9.570596539437561945e-02
-4.981838477707810353e-02
5.488201277990444049e-02
-9.693792934406704476e-02
2.312377379803621288e-03
5.122889058581984144e-04
1.224853465562197700e-02
-4.936454563307723226e-02
1.361506378215065483e-01
5.050231662580549619e-02
-1.217237753771622105e-01
-6.447942132463703457e-02
-2.429485688694705062e-02
1.974458185230633031e-02
1.895397824803765705e-03
3.758604314725682433e-02
-7.145288486752109612e-03
-3.742327419278028422e-02
8.961198525126358450e-02
4.174372436447029017e-02
1.121155990519487507e-02
-1.222174004265005332e-01
1.086112198699985681e-01
-1.563379458963433388e-02
2.932058276627598145e-02
5.058257253452242731e-03
-1.157347211868480635e-01
-9.243394378411597112e-02
2.855758400747747394e-02
-4.548575807808843963e-02
-8.004739020147753903e-02
1.528899734632421792e-01
-2.313532426938440245e-02
-4.147140241557596696e-02
-3.429154874757543714e-02
-9.572461796889157604e-02
1.280518739535832229e-01
3.415574122051518585e-02
1.292128052929688057e-04
7.149367881881331377e-02
-3.988989838251098818e-03
4.493567005340826787e-02
-5.939992020650791682e-02
-1.449882451970423702e-01
-1.600320393189441290e-02
3.415963199128958794e-02
-1.202116244837445579e-02
-1.203186803308289648e-03
-3.541321447448698284e-02
2.712897649022025931e-02
9.109652881476808239e-02
-1.448249328839042865e-02
-2.673322814558168684e-02
-1.852066154560487454e-02
-3.427642438640490785e-02
-4.802959865821227955e-03
-4.731234218556125415e-03
-7.365107080462138245e-02
3.403460201472757046e-02
-7.582947526167399532e-02
9.089423050412150096e-02
-1.424713194202176063e-02
6.645425577076195800e-02
3.776735414542733722e-03
-4.593239617377111589e-02
-4.758294503536340120e-02
3.412826593673373016e-02
6.147044952966985304e-02
9.786187365345200284e-03
-4.016836199447134672e-04
-2.567973145861906017e-02
5.272442656428312502e-02
-7.003683215119671512e-02
7.503643284343147930e-03
2.221697537420053853e-02
2.945499116887435181e-02
7.815110578806079566e-03
3.064887757733238127e-02
3.294749071754810021e-02
-9.073948077940326151e-02
1.806203895532832726e-01
-4.799332077252967815e-02
2.157695657361029598e-02
-2.790389170993705370e-02
1.227147727740485889e-02
6.004051325406072753e-02
-7.912371732048208151e-02
-2.737380121240535688e-02
-4.081184588226341448e-02
-3.360961205768851073e-02
-1.324628926404215756e-02
3.926727778783840883e-03
3.082963608028883862e-02
1.963899615622286682e-02
-1.320262474145944206e-02
-7.775011798887939383e-03
1.638051783624583022e-02
-1.056163708526056989e-02
-7.842514392408587998e-02
-5.600897686637918566e-02
3.967331643862154200e-02
-4.210279186419093635e-03
4.455672314599806033e-02
8.175037513800286620e-03
1.391627401381343625e-03
-2.450900378160751972e-02
4.478602592604052218e-02
-3.178544694767310858e-02
-6.733885349365396900e-02
-2.018582633995031142e-02
-2.682560425418977282e-02
1.972836748075897095e-02
3.250008958635564136e-03
1.833016913228521436e-02
-1.459921408388758536e-02
-2.301389108365290911e-02
2.020588238598571354e-02
3.233652216862727830e-02
-1.027449667989135083e-02
-7.623231292602615158e-03
-9.306578423192634827e-03
-3.880702792888153507e-02
-1.568231997006203429e-02
-4.486207469202622804e-03
1.666661913619444865e-02
1.047895955840305940e-02
2.143977080465950258e-02
-2.010974887931765362e-02
-3.460214624620493867e-02
-6.572288976013335171e-03
-2.711063042817596011e-02
-5.126464079883649716e-02
3.387287684493099030e-03
-3.011695854157524568e-02
5.300287043612834925e-02
-6.218694751042388308e-03
-2.242142742266165639e-02
8.604142810153211918e-02
-3.234992723693338318e-02
3.062034474376175430e-02
-7.460133456732427615e-02
-7.695954620610558246e-03
2.300513569639138847e-02
-4.911925829699486518e-02
5.201641621587635433e-03
2.950192260234008046e-02
-4.343106271225425155e-03
1.213067113284216824e-03
-1.435835881933941348e-03
-3.670212082316948177e-02
-4.187821534300482929e-02
1.515528795605571586e-03
-1.513408969060991635e-02
-1.467288488253659651e-02
3.204190919151125860e-02
-8.014072113635263214e-03
1.223152028161691475e-02
2.591809796222149451e-03
-4.285942596520504744e-02
-3.246006119879151636e-02
-4.980665014431954335e-03
8.067127580056282846e-03
1.725648119951979018e-02
-9.728002930045507105e-03
-3.007213230345204616e-02
-2.011773497089135859e-02
7.100299109339870685e-02
-2.897581506841705526e-02
-4.766630995520195618e-02
-5.301748073957513602e-02
-6.548277777067285088e-02
-1.298332890242846413e-02
1.618445511947875365e-02
5.229843134035091351e-02
1.133226055179504220e-02
3.861023024172350465e-02
1.466868364739184506e-02
-5.446864703600424497e-03
1.257906988235927941e-02
-1.640529856786798399e-02
6.271197634591843539e-02
6.907069858820950176e-03
1.200588460766710899e-02
1.158822077571723848e-02
-2.467527689033463187e-02
-3.242384291576148186e-02
3.527091371546323129e-02
-4.882686711961058135e-02
3.133544332957589190e-02
3.599068938172061277e-02
-7.019647852465950300e-02
-2.018512424393181792e-02
-6.663268020702145522e-02
1.460582727141914242e-02
-7.428830829628248200e-02
-2.327545302542668310e-03
9.409990911847333772e-02
3.851515121221679716e-02
2.201002513519719275e-02
4.745123638443800827e-03
-6.428372286514669187e-02
-3.333626270622287030e-02
4.961226140391351846e-02
8.722420016716924763e-04
-1.094123866667476470e-02
2.863578600114365796e-02
-1.480477476278927763e-02
-5.357572997315770968e-02
-9.318349477282652712e-03
1.794807070219222450e-02
5.874882728309256674e-02
-5.111212883879705064e-03
-1.494851475516290398e-02
-4.402205839261043308e-02
1.379592176123037826e-02
-2.816582068585331972e-02
-2.221129100842433868e-02
-5.068094724758265973e-03
5.155168870927301361e-02
-6.213367113910768513e-02
5.224259485362998945e-02
-3.222518440678222296e-02
4.019322077908674129e-02
3.196274841004394848e-03
8.009000166983210739e-03
4.141483394103457477e-02
-4.802206919762259940e-02
-4.448949674948110555e-02
4.471223675131254932e-02
6.618134580321458071e-02
-8.671834189392071263e-03
-3.967367412223732348e-02
2.131238993978469554e-02
5.811809593528744627e-03
-1.221928898961631149e-01
-2.597152348934763863e-02
6.526693871992587936e-02
-2.169670654625345529e-02
-1.203496332087222384e-02
-7.722486082322656264e-02
1.406288847394312688e-02
-1.441070919695653339e-02
-2.168550427902101244e-02
-5.350465342743408043e-02
2.030601683432087592e-02
-5.197885207011092475e-03
5.727716348023486476e-02
-1.386186048178092607e-02
3.479496689355334599e-02
-7.777002627683263225e-02
-6.390775051120844985e-02
5.455264444294863346e-02
3.080500331036941167e-02
-2.722748995505728470e-05
1.029956760963653267e-01
-7.000491491154098300e-02
-5.704015708772297577e-02
-3.708474841426356861e-02
-1.992933973470566514e-02
-3.662175814639782867e-02
-6.214337429702977700e-02
5.010780713274156500e-02
4.621728427828245694e-02
-2.968584761742178862e-02
1.675060716228932156e-02
9.518001992605845674e-02
-6.771454765348419724e-02
6.078174912225148274e-03
4.260854791317929269e-02
-4.628359295992838518e-02
5.593900752586232657e-03
-1.666334436250496709e-01
3.554867263625857698e-02
-7.170605623651518656e-02
-9.748538294801581752e-03
-7.039025592940785503e-02
1.128551122530915413e-01
2.519067201223804814e-03
1.514530275160266143e-02
-4.006522219891593857e-03
-8.722346525432064790e-02
-1.091847702479771115e-01
-5.533008278724454608e-04
-3.849767248877935394e-02
-2.941516122944203004e-02
4.958702796122455014e-02
-2.085940747757950020e-02
7.822598293558338800e-02
-1.267485541760621226e-02
-9.632702434767337341e-02
-1.847518938977278646e-02
-5.943749444704971713e-02
-6.041532556886984595e-02
-2.991438222924975091e-02
-2.033102815836156443e-02
2.504294234566252220e-01
-3.799585546476302866e-02
2.939164660169474308e-02
-5.048754340331985946e-02
1.270515089201553760e-01
-1.000880932370806220e-01
1.123506107313991184e-02
-7.236258912575010971e-03
-2.528505364094130875e-02
-3.952152560081974991e-02
1.640741036035244654e-02
5.399033194753652572e-03
3.520648620086155173e-02
-2.986504789314814445e-02
-2.075752553930040531e-02
-5.414077307408058509e-02
4.507727667380576064e-02
-2.316679588027700104e-02
-2.300712085603620269e-02
-2.815345540353563630e-02
1.290365027941348976e-02
-4.345886098752451548e-02
-1.361521348225676158e-02
-8.159951471702226247e-03
-2.641880122344452894e-02
-6.785552045629096585e-02
7.027207810560215026e-03
6.223276031593548765e-03
-2.389768088394818649e-02
2.121440577474862504e-02
-5.240556086628000987e-02
-1.999990476831612837e-02
-2.921307094107054858e-02
3.465184559405277693e-04
1.703806856233781170e-02
-4.351500562650437859e-02
6.837307754891168432e-02
2.606457704980231702e-02
4.740620223156834928e-02
3.239116097786937792e-02
-4.034086174244296691e-02
-2.922286641075928088e-02
9.135184601690771178e-03
1.853595460423002744e-02
-1.767217569035224936e-02
-1.605949259561436152e-02
-2.976637903818302872e-02
-1.936454051618488256e-02
-5.742217485653111630e-02
-1.153393640197696458e-03
-2.001373183893146931e-02
-3.194039847580922020e-02
1.210537246189431412e-02
2.534893514678591281e-03
-5.510873088052153576e-03
-2.157651671388596815e-02
-7.956441352743393383e-03
5.444049537877592576e-02
3.777725192717809599e-02
-2.969414206431431405e-02
-3.964428195642291652e-02
-8.744717001623409031e-04
6.317166054071229886e-02
-2.588142154387088403e-02
-9.798832751267879879e-03
6.644260995722159335e-02
-1.712459879180706565e-02
5.402991561893429051e-02
3.717727869502148591e-02
-5.463151502058494202e-02
7.717439617394176998e-02
-4.728888712442305686e-02
6.343045700446825474e-02
3.035429125801031996e-02
1.182602044895836035e-01
-5.325344291651992745e-02
-4.771686289250740703e-02
-4.461351627709287011e-03
-3.823295268353285592e-02
9.065868654254521930e-02
9.437186754601378097e-03
-5.694109546213809575e-02
-3.755085228444589220e-03
3.368185700711134878e-02
-5.362291182984212784e-02
7.754349839583324355e-02
-4.935737285867630719e-02
4.016218855898642109e-02
7.513339146970672566e-03
1.543322353779236558e-03
-4.601413913566627933e-02
-1.902476113884270584e-02
-4.446957937169964542e-02
-4.304004720210133361e-02
2.119864455943144821e-02
2.957737579914521131e-03
-4.026630112615191270e-03
1.228063193698860668e-02
-6.654667002446095804e-03
1.929218340767765993e-02
3.079792389679069514e-02
2.320393661948475308e-02
5.102561347335549113e-02
-2.997888662002580473e-02
-3.348310919978313843e-02
5.018697235920900786e-03
1.907150075670701120e-02
6.243966335810815886e-03
-1.914783757436811992e-02
2.309598150327892702e-02
-2.547811303144558240e-02
-3.768949867934388159e-02
2.234034929408096684e-02
-5.291513568437175574e-02
1.181904361396270489e-02
1.780998506948877624e-02
3.847824682399366564e-02
3.413865206809304359e-02
-7.966030462684611790e-02
2.858851914662759175e-02
2.636572465639642690e-02
-6.171431124815256186e-02
-6.339861603459702455e-02
-1.403457281654877688e-02
-4.958834156306039798e-02
-3.578773048746088092e-02
-7.149110175862238847e-02
1.614484788759634401e-02
-2.321559873479728600e-02
1.510555911187125636e-02
5.064960433088472325e-02
1.869309640621675053e-03
-6.100707939791204931e-02
1.564446324350591763e-02
-2.603323495305700022e-02
-9.801332374302751393e-03
-3.202404357234098914e-02
1.791339529721946641e-02
-3.069120521944023426e-03
-7.327955271495173450e-02
5.405292364757930540e-02
1.007077230088475328e-02
4.082588297201917432e-02
4.905721049434517284e-02
1.138494559139058698e-01
1.020979703463871097e-01
-4.635418672528593409e-02
-2.601010716898595476e-02
-9.171475727738531009e-03
