8.358596313199281314e-01
-1.055942041779984741e-01
-1.744006055820642720e-01
-6.550477312387570361e-02
3.668921067828054827e-01
6.555965306689025551e-01
4.035846273520513616e-01
-2.738689406270876647e-01
-1.739195827805497530e-01
3.660574460972825794e-01
4.791472913854921689e-02
1.784779801721092518e-02
1.375934283449723461e+00
-1.219510811118131310e-01
-9.700035438280785183e-02
5.623591877411797668e-01
-7.342242592616565755e-01
-1.295445886979651462e-02
1.201122369491728903e-01
3.597374216568183236e-02
-5.378344674365338474e-01
-4.622950296211758570e-02
-4.522431220743485802e-01
8.658076904690211739e-01
-8.590007484193513676e-01
-3.325475138512293816e-01
5.536028670228294590e-01
-6.598062793684300598e-01
3.255029060250230755e-02
-1.816741272002984076e-01
4.533419426864931934e-02
-2.133273389170836087e-01
