4.465051735054372806e-01
7.054843911846380156e-01
2.175795907552390829e-01
-1.045989251626972955e-01
2.456517448604788323e-01
-3.931973812742988184e-01
-2.034837940619075858e-01
2.197988576741631006e-01
3.048336925480759629e-01
7.330103197061986764e-01
6.364510375171990031e-01
9.915504598738236197e-01
-5.827873324155707913e-01
-7.373787531262220030e-02
2.195192547342204870e-01
2.009999387826370554e-01
3.396060736020406479e-02
4.897131834985389842e-01
-3.581790070691620587e-02
1.810926074518188766e-01
-4.607661247880275035e-02
-4.433001293922170793e-01
-8.234427094194779473e-01
1.496439789120363462e-01
2.707906428164910673e-01
2.212479149995652539e-02
1.677745804030940924e-01
1.818110018162846231e-01
-2.527914366061655982e-01
-7.158008882741503376e-01
2.117359483838361089e-01
1.216522498243058220e-01
