1.661246434816511242e-01
2.516495009443350250e-01
-6.038441540845168598e-01
-4.903784548228533602e-01
8.654228334790478039e-01
3.666011031042637480e-03
3.356618797869193038e-02
9.329970715246538315e-02
-5.178508298456908632e-01
-1.169300825885450923e-01
-9.784438742672715850e-02
1.785468261322537553e-01
-6.974282624055205826e-02
-2.503137280598290437e-01
-2.184162072602948146e-01
-4.846226814293183027e-01
-8.755362728897292390e-02
-7.302818099380520289e-02
-6.500933327539571982e-01
1.323898529489630826e+00
7.477251184803357376e-02
-2.199829503664881836e-01
-5.476647984117912760e-01
1.068598756263586136e+00
-3.895213519325509965e-01
-3.321068579777090024e-01
-2.877318359958230820e-02
3.322834723114154176e-02
-2.972406157700072105e-02
1.501008752689636516e-02
-3.495314761874364073e-01
3.374822103509765303e-01
-3.531512688261748689e-01
5.097987154235966711e-01
1.842751883241460220e-01
-1.814987913429068900e-01
8.415031928304786968e-01
-1.331066330177948231e-01
1.963425695809677407e-01
-9.663146784390380661e-02
-4.532391320725749351e-01
-1.952274150269572850e-02
-1.896739858253304600e-02
-2.032712145166214457e-01
1.080407613037431269e-01
-5.318320903430101554e-02
-2.492121064914059603e-01
1.167307801445942039e-01
1.067451931172562207e-01
-9.146674011317491582e-01
3.871873988378325415e-01
1.413882948961452390e-01
2.992873205139212622e-02
2.394059878044226264e-01
-2.404284700448346968e-01
-9.986746481476959092e-01
-8.233836664004967609e-02
-3.172650619272299188e-01
-1.406674336623243704e-01
1.026064494496765067e-01
-2.238422660913075291e-02
3.481281637500959758e-01
1.137689817659351954e-01
-5.048372502857035871e-01
