2.561723149140198719e-01
2.254028412630508349e+00
8.843071670895128467e-01
4.116693822229539057e-01
5.648550272246892767e-01
-1.574388930468151315e-01
6.618481375558977753e-01
2.700324901465976368e-01
1.442859053801519131e+00
1.496394096231762116e+00
1.011898618396828153e+00
2.804180723236523454e-01
-5.364329473227720246e-01
-1.768246582802385780e-01
8.128926430538098158e-01
1.164338054716998361e+00
1.392059337968527544e+00
4.120152164513700144e-01
-1.373366853025371759e-01
-7.758737655395211430e-01
1.185794748246954633e+00
1.226794148674870577e+00
-1.031827912767921407e-02
4.352059791711241354e-01
6.734782062819191228e-01
9.220946553745029695e-02
2.546340113447819742e-01
2.025793223777885288e+00
-5.040981866001508216e-01
5.451865788206339269e-02
1.428534969785400843e+00
4.043318729673746059e-01
