1.433848952443360636e-01
4.353173418350342327e-03
1.010581700454853959e-01
-5.535898989373406742e-01
4.424366783709642315e-01
2.947091908528188808e-01
-3.747119064352693041e-01
4.943960697388044556e-01
-3.043994468147369625e-01
-2.819512896355602649e-02
5.099326579281149296e-01
1.917149810901545015e-01
-2.130972837553223309e-01
-4.457687591804777583e-01
1.192366001743696557e-01
-1.318231952746720115e-01
7.449055293019635204e-02
-2.130496687948330026e-01
6.056098397210060158e-01
-2.886057537241617510e-01
3.060919754892144073e-02
-4.936788394229455479e-01
-1.513029650762998335e+00
1.029297683260886886e-01
9.246929147240967595e-02
4.158489425304961462e-01
2.232849118946252376e-01
4.771041566168787718e-02
-1.336907773721161874e+00
-2.528456649588786131e-01
4.114314302339808216e-01
-7.224605372456217589e-01
5.468304562456943740e-02
6.292290971424652213e-02
1.568386846490835707e-01
-3.725798633337359944e-01
5.486062529952504541e-01
3.550098244905599554e-01
3.883151491880446060e-01
-1.224192769834905326e-01
-5.018635439672043397e-01
1.427919382565872586e-01
-5.806088423284023747e-01
-9.041781137370629162e-01
-9.306662060083951138e-01
2.207920251859860628e-01
-5.693847278701551495e-01
-5.318209946074048400e-02
-5.595201731258722111e-01
2.387165238287331792e-01
4.164025014870416097e-01
-8.637356022317682624e-02
1.672436125177866328e-01
9.840433441668461345e-02
2.747767234643508916e-01
8.198189444460635134e-02
-1.162695538718467425e+00
-1.562287551475771141e-01
-1.997991522480005999e-01
2.085707187074289370e-01
1.948453078495347990e-01
-8.312846716525553736e-01
2.603072597228377472e-01
4.461901988899403260e-01
