2.468844200638845576e-01
-3.469174782948114544e-01
3.521843486029481163e-01
-2.578870993189813499e-01
-5.259634838832832893e-02
6.008257431160037854e-01
4.588641643570090523e-03
7.954188076274473218e-01
-7.160827898787409662e-01
2.066076936663234220e-01
5.895645575448409392e-01
-2.278363548952139217e-01
-5.623327745225475960e-01
-3.989957658916881700e-02
-7.695080374958660485e-01
3.664581841734469436e-01
-4.410610695534693537e-01
2.144473031495439663e-01
-4.708642342041602369e-01
1.639175389327270915e-01
6.142241663002362406e-02
2.649281265883310366e-01
3.030728637703694606e-02
-3.276839556048706248e-01
6.151125840525573096e-04
8.701126134480652308e-02
-5.986243351570487148e-01
-5.067134547539702272e-01
-5.941812247893174526e-02
-1.196467898192571377e-01
-1.494050567289764153e-01
3.139080145386703435e-01
6.759756585920917438e-02
-1.553329993092500416e-02
-1.565230287253893682e-01
-5.795761448328778931e-02
2.450739990353556497e-02
-4.519655336911865273e-01
4.958538400919268452e-01
-6.912777607579193573e-01
-1.217904640705277375e-01
-8.691068154940362334e-01
2.217696867749990863e-01
-3.407092924591733629e-01
-2.184063885993897669e-02
-8.704158144028942834e-01
-3.985532690841993020e-01
-8.338522090085420668e-02
3.151451294594679320e-01
-5.683520831037114363e-01
2.589223794472976792e-01
-7.624738771905870127e-02
-4.550330910402205498e-01
-6.668504643106996088e-01
-7.734396681787547578e-03
1.103946515371957982e-01
1.361529474613187296e-01
-7.153223076633419275e-02
-4.198956981984152126e-01
2.559680798499011645e-01
7.157107863399536640e-02
-9.368556243086789692e-02
2.220329762265643714e-01
-3.038624201610082842e-01
