1.556123459390689190e-01
6.988343242535447475e-01
-2.292587886467306879e-01
4.876158665377509083e-01
6.364933818308085578e-02
2.174906210421087005e-01
8.304227653540828813e-01
9.965169210797203414e-02
9.828705567324719228e-02
3.715721050709623330e-01
-1.192407468329301778e-01
-5.665487445849897163e-01
-1.580440435411395173e-01
-6.578340383943301894e-01
1.609803977591921231e-01
2.569483325214459990e-01
5.525455460553907461e-01
-2.096568134735597444e-01
-7.282059264390133846e-02
8.670359046643049128e-01
-1.481358470306725628e-01
-4.354898372888424962e-01
4.480037389143899929e-01
2.665715278651986098e-01
4.710969439616072840e-01
3.995159408155196101e-01
-3.130304161739561053e-02
-1.108238010669610335e-01
3.379526509179352489e-01
2.811567088568031059e-01
9.194302416201025618e-01
5.853228653404879411e-02
-4.040627654508399114e-01
1.906216672678562873e-01
5.466031065220422480e-01
-6.104181275496979586e-02
-7.136434036011629622e-02
-2.089329228799685634e-01
6.175135575539203447e-02
-3.645237587776594679e-01
3.929101534434171206e-01
-2.339046688034514265e-02
8.911686314673818998e-01
3.457821187335464730e-01
-1.788264515152599432e-01
4.932096851917651681e-01
-2.639371435633263152e-01
2.538914743360733972e-01
2.875746259591241416e-01
6.369037759060194315e-01
1.151083072145697161e-01
6.282345994616911344e-01
4.017787435067524671e-01
1.848076075350754133e-01
5.867969915099736644e-01
3.511406570713445641e-01
7.859464837197448484e-01
9.336131207921053443e-01
5.001901003695747860e-01
9.264511035695658370e-01
-3.795027883007620617e-02
2.072287843808977847e-01
3.302102673147100931e-01
-1.714621720177570419e-01
