1.950639896681176655e-01
-5.588726128957351991e-01
-6.650669970090794525e-01
-5.919084487079144807e-01
6.112020963070489143e-01
1.020280701539338697e+00
-3.557853641494606034e-01
1.022969948605454427e-01
-1.963072901358824951e-01
-1.870107424394381601e-01
6.081684277880171630e-01
-7.136110627849996391e-01
-8.834099764772647134e-01
1.285459445918151422e+00
4.114811663283812759e-01
-4.184800328639874389e-01
-3.864576296219008333e-01
-8.007524783463352280e-01
6.937190433944179224e-01
-4.792398686342183023e-01
8.759557761557457134e-01
-4.123361540551878091e-01
5.008422385116724218e-01
1.547189189930570086e-01
-1.539949531005274874e+00
6.002750557533200748e-01
-2.193165565625335711e-01
-2.611731292249228620e-01
6.089183855119443267e-01
5.494471718893876311e-01
8.028005982242851779e-01
-6.059112116445388718e-01
