1.664301187950184002e-01
8.503241899076021681e-01
7.234514388399699847e-01
-5.009171100451879077e-01
-1.184847009705419785e-01
-6.740442230647651287e-03
2.471151378099284424e-02
3.581091419970303669e-01
4.777776032576447340e-01
-3.222621347181781615e-01
-1.828697526025184206e-01
4.992443675900755662e-01
-3.725076585309482491e-01
-8.345781621529793637e-02
4.707239408642068801e-01
3.008340133784939141e-01
4.350839122316612628e-01
-4.892230494783234573e-01
1.000291635024692233e-01
2.115130615797989333e-01
-1.630687964374908372e-01
4.453351592073986898e-01
-6.223126220014305598e-01
-6.286811584935108055e-01
2.899178838951943504e-01
2.670694271100823580e-01
2.357832574237942458e-01
6.819107465498492893e-01
-7.597076923395779113e-02
-3.764942457887283100e-01
-6.033379910861982331e-01
-2.038415556086661806e-01
