-1.820741109213200870e-01
-1.910580619442432126e-01
1.173195641289155100e+00
-8.229699996285069208e-01
-6.101966918853365396e-01
5.237703349745053139e-01
3.709268169004154014e-01
2.751586041259727611e-01
3.348125774084617090e-01
-5.786958006328668525e-03
1.410986276828709030e-01
4.738527125868903789e-01
-4.622181603592617760e-01
3.493919167820784821e-01
-4.076749624279152329e-02
7.515318863817933570e-01
1.250334612165410642e+00
-1.703332698121466371e-01
-9.377814795742946130e-02
5.386943914121145038e-01
5.010254715212025811e-01
-3.196797205467584169e-01
9.425521068170573669e-01
-4.490466740082665886e-02
3.576601897393427154e-01
3.819322562666038756e-03
-1.130182960381254542e+00
-6.935355718448803497e-01
-1.039445099654392024e+00
2.337547731156230046e+00
-8.961437716588958047e-01
2.534028875797338376e-01
