4.371655316560063564e-02
1.982208811608680565e-01
9.545158553397209422e-02
-1.106944761214180006e-01
3.153955881527250593e-01
2.626584678547316809e-03
8.906472961277903666e-01
1.137753567089369033e-01
-4.202494567671696823e-01
-1.611886190936310526e-01
-3.518526278526342699e-01
-2.293525046922479937e-01
-1.981842731973590954e-01
1.536538973310217493e-01
1.186205025451148865e-01
4.339891872344909807e-01
-1.466176723239598356e-01
-3.982867070422382860e-01
-3.893637257711179411e-01
1.706020659811663953e-01
-1.674703403876624808e-01
-5.768469595817816709e-01
-3.072225297620649886e-01
-1.124205834573298174e-01
-4.840391931113505186e-02
-2.131826949753177769e-01
-6.562062587389141388e-01
3.115677057282123519e-01
-2.807219289328362066e-01
3.372764597022765987e-01
-4.621828950126067870e-01
-1.639934911992629862e-01
-5.515706663220301120e-01
-6.424604626011292119e-01
-2.299507192113627863e-01
-2.465735435008195864e-01
-1.260063612355362683e-01
7.167155124923083598e-01
-3.905922671307828775e-01
1.230116232371930574e-02
-2.938420754424629355e-01
2.403961952281233883e-01
1.905664668859186339e-01
-7.616263524361591153e-02
-4.760902423126803784e-01
-2.457285090419025764e-01
-4.176882990836752740e-01
-4.938328537550957797e-01
4.714620262796541672e-01
3.031108912310993553e-01
-1.191274289275181253e-01
6.963793904189471973e-02
-3.786939678695196432e-01
-1.042242519578889803e-01
8.699033360659723380e-02
-6.354889872976374199e-03
5.375917012343697093e-02
1.471140128117400803e-01
2.718831523893590063e-01
1.042278429421233943e-02
5.689580760047774355e-02
-3.310979370789378651e-01
-9.459168776576544480e-02
-3.079073075757618461e-02
