1.575520255818149695e-02
4.382287975710571493e-01
-1.706095238636581024e-01
9.012669938637869749e-02
7.898802017915930174e-01
1.601401155035512280e+00
8.108175260798202721e-01
3.743218765376427060e-02
1.550459161563078614e-01
4.368830422874778741e-01
4.107164077072896213e-01
1.385154862181043001e+00
1.209922123930244064e-01
8.100028294299996823e-01
7.263513918980252226e-02
6.769529435072008106e-01
6.812649714753565844e-01
2.090060354578826551e-01
5.139896160259233016e-01
-1.574813265783396588e-01
-4.188741283342317656e-01
8.971773490982803967e-02
4.445439603744965051e-01
1.283780510188609281e+00
-2.431904007640200982e-02
5.910242083105258226e-01
5.072323506568523488e-01
2.056768989255660651e-01
3.801440709771017890e-01
1.907216846625281736e-01
1.085491050646334665e+00
-8.464926548195278455e-02
-1.727987217251661933e-01
1.956832042573508623e-01
1.205341322104538593e+00
5.041909462856108970e-01
5.891774087566989948e-01
1.291046789661044469e+00
-1.794641337034728057e-01
6.147592650626626520e-01
6.528479899038336365e-02
5.157636094604789445e-01
1.315986528242995890e+00
7.145205298387700132e-01
7.861803910929530126e-01
2.207697937404058675e-01
6.496661020682822363e-01
3.118475682542374283e-01
1.599404474956947486e-02
6.600226858577047384e-01
-5.518485419662310099e-01
-2.812274271490837196e-01
-1.134667239042559672e-02
6.752487718318084253e-01
6.190528218709528963e-01
3.563632403792991732e-01
2.601528550835282005e-01
7.576875790804643573e-02
3.771322781942619828e-01
-7.079686834236187387e-02
-2.023394611155000244e-01
2.127171848767322460e-01
9.555470360456702617e-02
3.482361734849991342e-01
