-1.505241307515420845e-01
-7.886426634259099400e-01
-9.961080416143854865e-01
1.281480815987833255e-01
9.398624706756949498e-01
-5.891760792487099607e-01
2.612995374613197308e-01
1.132596961119594070e+00
2.056746045505438936e+00
-3.117067525112953152e-01
2.304177974513711424e-01
1.663423768801836622e-01
5.208459129378735231e-01
8.386688892591782629e-01
-4.323005784374861493e-01
1.354286732395282300e+00
2.490838596625949697e-01
-2.339127362008956101e+00
5.816849288543388674e-01
-1.759470176817483356e-01
2.505079150950164646e-01
8.137592049982249609e-01
-8.381586543220762575e-01
5.862754226846923766e-02
4.150952246587460981e-02
1.747566293239487534e+00
-3.682835717239846263e-02
7.931669042272193604e-01
-1.430755781482689337e-01
6.984490031346961558e-01
1.812637798090358077e+00
-4.736064497051496458e-01
