1.045596934798109112e+00
1.885951078070177811e+00
-4.677331121662209323e-01
1.830646642509458633e-01
3.152823444325922875e-01
2.253318664874965349e-01
1.047158959848959237e+00
3.591165477411417672e-01
1.119165693205379064e+00
-5.407633778559101101e-01
6.754983585812002200e-01
1.738589156452673701e-01
2.621128806806183320e-02
9.184640875414951111e-02
-3.890074698944685494e-01
1.288143447678122833e-01
-2.311919216319089643e-01
-4.997625418117483398e-01
4.141421099727362609e-01
5.185691485213310692e-01
-8.753764890238957541e-01
5.260337720290497732e-01
1.528005202634710846e+00
6.380756799917848276e-01
-8.970554107802323207e-01
5.039933592353700309e-01
-9.451128243514796967e-01
2.786807119070722760e-01
1.177248361565575108e+00
-1.268316023775380164e-01
1.982579632535785175e+00
8.423458860317049046e-01
-2.435805919053807000e-01
4.278215845919261517e-01
-4.034716010441016243e-01
-3.632805581104303072e-01
3.587395678762304030e-01
1.235296319100087636e+00
5.304070781519776290e-01
8.379397047527922249e-01
1.438153358343811306e+00
1.016132545512319213e-01
6.484649737482385268e-01
1.599094613682599197e+00
4.498192435796295463e-01
-1.616851237795024376e+00
1.378181250230148480e+00
-1.484257101644424481e-01
3.633929570554415012e-01
-9.098123511885991554e-02
2.140228406179001119e+00
7.556930926546097105e-01
1.435176434209036733e-01
-1.592058688140196576e-01
7.522864439104433032e-01
-1.078488759127452123e+00
1.253037449399479475e-01
1.514106627640838532e-01
5.072499013668725354e-01
7.667924824545951923e-01
1.871869359483907758e+00
6.556519278062299116e-02
1.928222430531295051e-01
9.880173434480171712e-01
