7.223994999999999722e-01
2.446014900000000047e-01
-2.557755700000000076e-01
5.216478599999999771e-02
-4.962780999999999998e-01
-7.928384000000000542e-01
6.130563999999999458e-01
-4.133376999999999746e-01
-3.271604499999999915e-01
4.947109499999999827e-01
9.964887500000000342e-01
7.692545699999999709e-01
-5.101743300000000092e-01
-7.215953499999999687e-01
7.399624999999999675e-01
8.173137999999999931e-03
5.889051600000000386e-01
-3.396145400000000203e-01
8.480150699999999819e-01
2.225012299999999943e-01
9.682599299999999909e-01
-3.981866800000000151e-01
2.140507500000000118e-01
-4.189184000000000241e-01
7.602354000000000056e-01
5.285501999999999700e-01
-7.436599999999999877e-01
-5.154888600000000487e-01
-3.132829400000000097e-01
5.277557400000000287e-01
4.930077500000000224e-01
-2.658316499999999749e-01
-6.492636999999999714e-02
-3.194060300000000074e-01
-8.725456999999999796e-01
-2.112781999999999993e-01
6.741727600000000376e-01
-6.468253000000000474e-01
-3.004079100000000072e-02
-2.059309500000000015e-01
-3.890571600000000130e-01
1.525529999999999942e-01
3.605585499999999777e-02
2.038360800000000028e-01
4.867533399999999788e-01
-4.733329700000000195e-01
3.910285000000000150e-02
6.366924600000000156e-01
-5.253765000000000240e-01
-1.120109400000000033e+00
-3.172443799999999925e-01
8.392838000000000243e-01
-5.229630499999999849e-01
-7.598240400000000339e-01
-7.281071999999999544e-01
2.946100500000000122e-01
-1.588843199999999956e-01
7.950416000000000150e-01
-8.372786599999999524e-01
4.634103500000000264e-01
-1.340914699999999904e-01
-4.091297499999999726e-02
-6.613251999999999464e-01
-2.429591299999999954e-01
7.140463000000000227e-01
-4.488451800000000103e-01
-1.311511499999999941e-01
6.045043500000000236e-01
9.692736999999999881e-02
-5.466678999999999844e-01
-2.050896700000000017e-01
-1.371471900000000022e-01
-3.201496999999999815e-01
-3.964485999999999843e-01
-7.428003499999999981e-01
-9.247895499999999602e-01
-1.839244499999999893e-01
-4.456628300000000098e-01
-3.913988199999999806e-01
1.827101700000000051e-01
-3.411619000000000179e-01
-4.513327200000000206e-01
-6.374511000000000482e-01
-1.576798899999999892e-01
1.202282700000000037e+00
-3.997800599999999926e-01
2.699295600000000128e-01
1.575668199999999963e-01
3.249661300000000197e-01
9.984634500000000301e-01
1.159235800000000038e+00
-1.469990200000000080e-01
6.981051999999999813e-01
-4.028534599999999966e-01
-7.130347000000000213e-01
-1.630775299999999983e-01
8.276970399999999950e-01
5.923896400000000506e-01
-5.207737000000000060e-01
-4.523941300000000054e-01
7.580441000000000262e-02
-5.791131999999999946e-01
8.473529000000000477e-02
-3.476065999999999878e-01
1.082523200000000019e+00
-1.457671500000000120e-01
-5.783627999999999547e-01
-4.222192200000000062e-01
-5.740495300000000300e-01
8.446103999999999834e-01
-1.849383300000000119e-01
5.715579400000000421e-01
3.302104799999999729e-01
1.541179900000000103e-01
1.031220699999999990e+00
-8.331744000000000649e-02
2.488675300000000035e-01
-4.465059299999999953e-01
-1.487785100000000027e-01
-5.089131000000000071e-01
-9.004930999999999353e-02
1.141993550000000024e-01
-1.533954100000000098e-01
8.322722500000000190e-02
5.896814000000000222e-01
8.020569699999999802e-01
-3.854183999999999943e-01
-3.316138399999999931e-01
3.963622199999999873e-01
-2.499582499999999929e-01
-4.131354999999999889e-01
-3.268307999999999769e-01
-1.366176799999999913e-01
9.090390999999999888e-01
-5.359232999999999913e-01
5.239795999999999898e-01
1.424573499999999937e+00
-7.952603999999999784e-01
1.099825599999999959e+00
-3.735510999999999693e-02
-1.082043699999999942e-01
-7.339850999999999459e-01
4.368933999999999873e-01
-2.611723799999999818e-01
-7.975892399999999771e-01
-4.668560600000000171e-01
-3.498272599999999732e-01
6.481023000000000200e-01
-3.983297599999999772e-01
1.018618199999999918e+00
2.714334999999999942e-01
-5.865173299999999479e-01
-3.648679000000000228e-01
-8.465084000000000497e-01
1.189685149999999969e-02
4.660955700000000146e-01
7.753814999999999458e-01
3.511009199999999830e-01
7.578118000000000354e-01
-3.549777599999999755e-01
6.064521999999999968e-02
-1.723157899999999965e-01
6.157529400000000264e-01
-8.345690000000000053e-01
9.198716999999999588e-01
1.547961499999999935e-01
-2.142904800000000054e-01
-4.393181999999999920e-01
-4.507521400000000233e-01
-3.515863000000000183e-01
-4.314562699999999751e-01
1.240321999999999952e-01
6.230312000000000072e-01
-4.392502300000000193e-01
6.988928300000000204e-01
2.473331199999999896e-01
-7.580721000000000265e-01
6.770814699999999631e-01
-2.870726599999999795e-01
-3.579414200000000101e-01
-3.366874499999999992e-01
7.272858599999999507e-01
5.965484399999999576e-01
-2.582723499999999839e-01
-6.054110000000000047e-02
-1.735797000000000034e-01
-8.570618000000000680e-02
2.359923999999999911e-01
-4.412963999999999776e-01
-2.894882599999999973e-01
-2.693897199999999992e-01
-2.922415199999999977e-02
-5.335014999999999619e-01
5.189444399999999513e-01
2.489253700000000069e-01
-8.077515999999999863e-02
-5.418598300000000006e-02
6.347637000000000418e-01
7.658407999999999882e-01
-7.068520000000000358e-01
-6.798364500000000366e-01
-5.212632000000000376e-01
-1.024156600000000056e-01
1.900258700000000134e-02
-2.913326299999999813e-01
7.280981499999999995e-01
-6.243488000000000371e-01
-4.152603699999999898e-01
1.041683200000000031e+00
-3.762869500000000089e-01
-3.529510599999999970e-02
-5.560576299999999694e-01
-8.222220999999999558e-01
-2.663111000000000228e-01
-1.521674699999999991e-01
6.776181000000000010e-01
-2.051565300000000036e-01
2.359059599999999979e-01
1.377770899999999910e-01
-3.022760500000000183e-01
-2.451642500000000002e-01
4.811322399999999888e-01
-2.839574999999999738e-01
-3.267730200000000251e-01
-9.685974999999999446e-02
4.189011200000000157e-01
8.907780600000000382e-01
9.022556000000000465e-01
6.194184000000000356e-01
7.030750999999999529e-01
1.573472999999999955e-01
-6.269841000000000442e-01
-5.050829999999999487e-01
1.178643199999999946e-01
-2.158324000000000076e-01
2.064991700000000097e-01
-3.089957999999999871e-01
3.723578000000000304e-02
-5.437558999999999587e-01
1.988333200000000078e-01
-4.715533000000000086e-01
9.703928000000000553e-02
2.516186000000000256e-01
-7.663988999999999940e-01
3.249044400000000166e-01
5.412116000000000149e-01
1.592522599999999899e+00
4.087753000000000081e-01
5.455423600000000040e-01
-2.040122199999999941e-01
-8.388407999999999975e-02
3.371932200000000157e-01
1.576260999999999982e-02
-5.681277500000000424e-01
-3.195857999999999755e-01
-2.192031100000000066e-01
9.036239999999999828e-01
1.709166199999999913e-01
-7.010442000000000062e-02
6.427901999999999783e-01
4.600294500000000064e-01
-3.494466999999999990e-01
-3.214173300000000011e-01
-3.138435800000000109e-01
-7.525148000000000392e-01
6.870123000000000202e-01
-3.258188699999999827e-01
7.037288999999999906e-01
-4.674511800000000217e-01
-2.993065999999999782e-01
-3.560476300000000038e-01
-4.918700500000000031e-01
-3.225101200000000112e-01
1.011204699999999956e+00
-4.123682699999999812e-01
4.848012300000000274e-01
-6.221463999999999883e-01
7.560639000000000109e-01
-4.852883000000000058e-01
9.952201500000000534e-03
1.885011799999999904e-01
-7.437345400000000550e-01
-4.202736999999999723e-01
3.080477999999999827e-01
-4.413759999999999906e-01
2.981898499999999785e-01
4.385078499999999768e-01
-3.231956699999999905e-01
-7.504003999999999674e-01
-4.464954999999999896e-01
7.712084700000000348e-01
6.523712999999999873e-01
-9.646491000000000371e-01
-2.862853000000000203e-01
-1.799643999999999966e-01
-3.666312700000000091e-01
-1.840850300000000106e-01
-5.455826999999999760e-01
5.844937599999999733e-01
-8.631138999999999895e-01
-4.631461000000000050e-01
-3.284857600000000155e-01
7.401210700000000475e-01
-8.283528000000000002e-01
1.198169599999999946e+00
6.158749999999999503e-01
-3.476773799999999803e-01
1.363933099999999898e-01
-2.418473200000000045e-01
7.984997999999999818e-01
-1.152380100000000018e-01
9.795137999999999900e-01
-1.278071600000000030e-01
-1.801230799999999910e-01
3.073507999999999796e-01
3.944241700000000184e-01
3.312555600000000045e-01
-2.165997199999999956e-01
3.769246600000000225e-01
-2.592287999999999815e-01
-2.852182999999999802e-01
5.877203300000000130e-01
1.565962800000000099e+00
4.490370999999999946e-02
-4.832962499999999828e-01
2.343206700000000087e-01
1.088613000000000053e+00
9.092582999999999915e-02
9.487985399999999681e-01
-1.329459500000000072e-01
-4.290900799999999848e-01
5.085623999999999700e-01
4.188431000000000237e-01
9.682306999999999997e-01
2.001078900000000105e-01
-2.189281600000000105e-01
2.367920599999999987e-01
1.020041799999999999e+00
-2.039014000000000104e-02
-4.698371000000000075e-01
-4.701734799999999770e-01
-2.923021299999999933e-01
2.618065800000000110e-01
6.836967999999999934e-01
-2.943627799999999906e-01
-8.571858399999999767e-01
-3.145193800000000151e-01
1.445259499999999864e-01
-3.934130399999999916e-01
-6.582074999999999454e-01
-6.356490999999999669e-01
8.058998600000000234e-01
-1.856709400000000065e-01
-5.266492000000000395e-01
-1.928385599999999922e-01
3.685491000000000184e-01
3.490898599999999741e-01
-4.442330600000000129e-01
2.185140999999999889e-01
-2.961851699999999976e-01
5.168448700000000118e-01
3.125248299999999757e-01
-5.421244499999999800e-01
-4.758448599999999806e-01
-3.362220000000000208e-01
-2.643948500000000146e-01
-3.454995000000000288e-02
-2.763206000000000273e-01
2.151667000000000163e-02
1.037530150000000040e-01
5.975359999999999561e-01
4.872398399999999796e-01
3.604924700000000093e-01
8.920690399999999798e-01
1.435909700000000122e-01
-8.330115999999999632e-01
-6.364425000000000221e-01
-5.569829299999999872e-01
7.857003999999999377e-02
-5.808186499999999919e-01
-3.531174999999999731e-01
-4.780973800000000162e-01
-1.648643999999999943e-01
9.311293999999999960e-01
-3.206837499999999896e-01
1.508085600000000082e-01
-4.102628999999999859e-01
-5.629821999999999882e-01
-1.369807700000000017e-01
-3.587054299999999918e-01
-6.931448000000000054e-01
-1.364856400000000018e-02
4.498236199999999796e-01
-3.454541300000000259e-01
1.039077000000000028e+00
-6.822633000000000170e-01
1.536609399999999903e+00
1.404048200000000135e-01
-3.670691500000000107e-01
-4.192405000000000159e-01
-1.903490399999999971e-01
2.632501700000000056e-01
-3.826522000000000256e-02
-4.879349499999999784e-01
3.446135499999999907e-01
9.377628599999999759e-01
-3.399036200000000174e-01
-6.916814999999999491e-01
-1.470615999999999868e-01
-7.870477399999999957e-01
1.442585100000000065e-01
-3.362855299999999992e-01
-3.374121500000000218e-01
9.603889000000000176e-02
-6.014827000000000368e-01
6.778777999999999748e-01
3.045856399999999908e-01
4.493434000000000039e-01
-6.471351400000000531e-01
8.148478000000000110e-01
-5.900734599999999698e-03
-1.973105800000000132e-01
4.757648700000000064e-01
8.233622999999999914e-01
-5.502586400000000211e-01
-2.767442500000000249e-01
-5.783844599999999891e-01
6.156374000000000013e-01
-3.074343199999999832e-01
-5.250376500000000224e-01
-6.787782999999999456e-01
-5.061126400000000025e-01
-1.210435799999999978e-01
5.489990000000000148e-01
-2.474063200000000129e-01
-2.113053199999999909e-01
6.042678400000000005e-01
-4.261747000000000174e-01
1.029862539999999993e-01
8.241210599999999609e-01
6.172294999999999865e-01
-4.602392999999999762e-02
-1.786588100000000012e-01
-2.617579700000000065e-01
5.722586499999999798e-01
3.977233800000000152e-01
7.421231999999999829e-01
-2.180073999999999901e-01
-7.135945000000000205e-01
-7.023178300000000318e-01
1.138671899999999931e-01
-5.759469000000000394e-01
-5.962515000000000176e-02
5.750730600000000248e-01
-3.067116999999999760e-01
1.016595399999999927e+00
-1.800019599999999886e-01
8.453665000000000207e-01
-3.334788399999999986e-01
-5.124959000000000042e-01
-1.487272099999999986e-01
1.213310700000000075e+00
-3.079290900000000025e-02
9.519025700000000034e-01
5.510489299999999924e-01
7.603998500000000438e-02
-4.948732299999999973e-02
-1.243759599999999937e-01
-4.161614499999999883e-01
-6.843900699999999615e-01
-2.822784000000000057e-02
4.246798999999999991e-01
-5.572943700000000389e-01
-2.764222000000000068e-01
-5.208437999999999679e-01
2.486363000000000045e-01
-8.519617499999999899e-02
-4.104502800000000007e-01
2.693793500000000174e-01
-2.999261300000000130e-01
-5.379441999999999835e-01
5.497719599999999485e-01
7.346363700000000385e-01
-4.397424799999999911e-01
-2.878124400000000027e-01
9.797069999999999737e-03
-2.305459499999999995e-01
-3.211226500000000095e-01
-5.266243999999999925e-01
-1.766112599999999921e-01
6.236442300000000216e-01
9.525656999999999597e-01
-3.425344499999999903e-01
5.781218400000000257e-02
1.196192499999999992e+00
-4.723989699999999736e-01
9.986884999999999790e-01
-5.429595000000000254e-02
2.308740800000000093e-01
7.962666999999999939e-01
-3.757928300000000221e-01
-5.968728699999999998e-01
-7.407055999999999640e-01
-5.986534399999999811e-01
-2.192188200000000087e-01
-1.834669300000000003e-01
-3.874612700000000243e-01
-1.008831040000000012e-01
-5.402706200000000070e-02
1.806770000000000043e-01
5.596705699999999784e-01
9.832613999999999521e-01
-4.553240800000000199e-01
7.064889699999999939e-01
-2.130156300000000114e-01
4.149027200000000026e-01
-3.046830600000000056e-01
-2.591219000000000161e-01
-3.437732800000000144e-01
3.046274399999999993e-02
-2.018667799999999957e-01
3.568713000000000024e-01
-8.703497000000000039e-01
-5.714264500000000302e-01
2.251472800000000052e-01
-3.404677999999999871e-01
9.119945000000000412e-01
-6.928879999999999761e-02
-6.248571000000000542e-01
-4.520305700000000204e-01
5.409714599999999596e-01
7.820042000000000382e-01
2.815900399999999859e-01
-5.569768499999999678e-01
-4.343407200000000135e-01
-6.433918499999999874e-01
5.645703699999999881e-01
9.275058999999999942e-01
-6.786961000000000244e-01
1.989231999999999945e-01
-1.003275200000000068e-02
2.303314999999999946e-01
-3.029545799999999733e-01
-1.057883599999999980e-01
9.070911999999999864e-01
-2.057252999999999998e-01
-4.612856200000000073e-01
-4.741702400000000206e-01
-7.176848599999999800e-01
4.531627300000000136e-01
-5.290760399999999697e-01
8.654026000000000218e-01
-1.163355699999999993e-01
3.274750399999999950e-01
5.561810999999999838e-01
-2.713710999999999762e-01
8.252857999999999583e-01
1.143818299999999955e+00
-5.276555400000000340e-01
-4.717188700000000262e-02
-3.790377699999999961e-01
-7.512885299999999544e-01
-2.266761200000000087e-01
-6.185028999999999666e-01
-5.197753000000000512e-01
-3.564152400000000220e-01
-9.836227000000000165e-02
-9.276278000000000301e-02
3.749230800000000197e-01
-2.106141900000000067e-01
1.016102800000000084e+00
-1.153386500000000009e-01
-3.720850299999999833e-01
-4.908605799999999908e-01
5.340259699999999610e-01
-2.457206100000000060e-01
-4.323773699999999831e-01
-9.767145499999999592e-01
-4.339367700000000272e-01
-2.152279900000000079e-01
1.108093599999999901e+00
-4.263097999999999888e-02
-6.067727500000000274e-02
-7.383020999999999334e-02
-3.562941299999999867e-01
-1.974244099999999946e-01
-3.345931200000000216e-01
7.316394000000000508e-01
-4.726962699999999740e-01
-5.132010599999999867e-01
-5.172750000000000403e-01
7.388214499999999907e-01
-1.512124999999999997e-01
-2.887426300000000001e-01
1.540954999999999964e-01
-3.489666000000000157e-01
-6.828723999999999905e-02
-1.083773400000000026e-01
4.250402200000000241e-01
3.986926399999999870e-01
-2.775959000000000065e-01
8.231716000000000033e-01
1.215466300000000111e+00
-6.580187999999999315e-02
3.591264800000000257e-01
-5.090204000000000395e-01
5.787340399999999496e-01
3.494221299999999975e-01
-4.696857600000000077e-01
-3.432426199999999983e-01
-3.119254699999999825e-01
-3.251188999999999885e-01
-6.609656999999999893e-01
8.392163999999999735e-01
2.497775000000000134e-01
9.185295700000000174e-01
1.120173800000000108e+00
5.855788600000000343e-01
5.514198500000000447e-01
-7.041701000000000210e-02
3.911561700000000252e-01
-5.079072700000000079e-02
-6.987889400000000251e-01
4.709847999999999812e-01
-2.932914500000000091e-01
-2.679392700000000072e-01
-6.848823400000000339e-01
-2.164484899999999934e-01
4.566435799999999934e-01
-3.749726700000000079e-01
-6.050520000000000342e-01
-2.089487200000000044e-01
-2.404424000000000006e-01
6.437684000000000184e-01
3.290028999999999870e-01
-4.536996500000000099e-01
-1.537637599999999993e-01
7.027709500000000054e-01
-4.083532999999999746e-01
-3.678897999999999890e-01
