1.184836307261393981e-02
-1.001070980533241795e-03
-7.956151194188729181e-02
6.323463738892724784e-02
6.827520053281260770e-02
-5.842289603216258009e-02
2.102187007779530298e-02
7.702899204418639512e-02
-1.220566976000923712e-03
-1.160538796258497700e-02
-6.829416579536812248e-02
-1.251687309474021521e-02
-1.791640367674078235e-02
-8.916068641499705349e-02
8.350825044412901743e-02
3.150847759048649999e-02
-5.305095145946236990e-02
-8.769392354822850774e-03
1.418061908750199197e-02
3.294196840038845879e-03
-7.210941869187190330e-03
-2.194801865550388351e-02
-1.380161616147364788e-02
-6.718949493582357163e-04
-7.970688059788608171e-03
1.468260476029126238e-02
5.706425308959336973e-02
5.720443088097693085e-02
-1.397995183294902834e-02
-2.666481146563031909e-02
-6.911354010786761870e-02
-3.010077432234865499e-02
1.825319870742804496e-01
5.017068709346874517e-02
-6.499155356147032214e-02
3.470458202899142416e-03
-3.879415487185464920e-03
1.210713432863818988e-03
2.243372033337850610e-02
4.125915414309124646e-02
-4.934981881156140504e-02
-1.565667172767928605e-01
7.208812555334817834e-04
-6.665816335777152149e-04
-3.846727572357341862e-02
1.133882796496065576e-02
-2.022496017583527445e-03
-1.511310698485423577e-02
-2.469016690789676421e-02
5.446410798756962969e-03
6.098801162603451759e-02
-1.085539712058594675e-02
-3.187857347090530119e-02
-3.332539429075640717e-03
-1.431952347368846586e-02
7.740922898894561123e-03
-4.254339469284203895e-02
-3.240910482461636238e-02
-3.832198584050703488e-02
-6.729835097949476985e-02
-2.464839823956158776e-02
-2.857631544357255859e-02
-2.223234004797180335e-02
-5.557746831645176550e-02
-1.479175307870479739e-02
1.675676913942023005e-02
-1.964996367482329739e-02
-2.075177018756680508e-02
-1.779083418985788001e-03
-2.038956518192940569e-03
-9.624705867028137546e-03
-1.427454440091124703e-02
-2.215720968460556991e-03
-1.631193350072764406e-02
1.691863040278916361e-02
-3.466595748718274972e-02
-2.809040868444286076e-02
2.912089173950211524e-02
-4.979410901560472891e-02
-2.320769834818980221e-02
3.749429962548390949e-02
4.999869047000622679e-02
3.130454261739239186e-02
-3.917483593297419603e-02
1.066727241828880068e-01
1.216147678677134275e-01
-6.931537265855869379e-02
-6.420748582054007503e-02
7.330523526683470348e-02
-7.203792274862874309e-03
-2.066348202817953200e-02
-1.198017056085157357e-03
8.197308007632951588e-02
-1.682782422587267637e-02
2.611135447227896575e-02
6.663660673737040185e-02
-1.708106833834952681e-02
1.736627524723009103e-02
1.545634048042768618e-02
3.462237432509405327e-02
2.632080192085719736e-02
-3.542570068984535192e-02
4.376423389723214930e-02
-8.898859200444602172e-03
-5.652452540346925708e-02
-2.533453221134594410e-02
-2.097975535181911128e-02
2.617610147662990938e-02
-2.786163579086641667e-02
-8.373897364685968861e-03
1.088243932502184624e-01
-6.746854125812781766e-02
-7.894507571744065200e-02
9.968637182130450636e-02
-1.414375389839414923e-02
-5.873241118146270423e-02
-1.550221158875678650e-02
2.407785947163180312e-02
1.427129026391017047e-02
9.303347614785874992e-03
-1.268241441220685842e-02
-1.661715199401081478e-02
2.046823109180699249e-02
-3.895648822955645463e-02
-2.053745755970424330e-02
3.741910135441732510e-02
-5.287362272336786247e-03
2.668815541670481201e-03
3.681701674336400852e-03
-5.655276685789345503e-02
-1.346221863607792793e-02
2.668954209194608629e-02
-4.494005844521006127e-02
1.923798531276351906e-02
6.034839986161028708e-02
2.592983284313366780e-03
-1.084773631709334829e-02
-1.109257725909730367e-02
1.043630719251405561e-02
1.727561683746957691e-02
-6.870686262089766537e-03
-1.004391422612945124e-02
1.036760714510996662e-02
-2.580444263257970425e-02
-4.295238270318711693e-02
7.316635354338289765e-02
-1.494031363645473461e-02
-5.682443023083103006e-02
1.660184796522854722e-01
-1.323664134843029749e-01
-4.547962313337673701e-02
4.872418884797908439e-02
-1.813103246393271348e-02
1.120507727745989196e-01
-1.297440750553123245e-01
-1.313206741505030563e-02
1.254326782740355362e-01
-1.890774796195234253e-01
1.606802446084149294e-01
9.540949078275870465e-02
-7.122990916617209269e-03
-5.337927081288188630e-02
2.848281738943079719e-02
-7.960395150884826132e-02
-9.101971170367198494e-02
6.706520734487533830e-02
-3.118197343348902764e-02
-6.751061542684048955e-02
9.303435317782704495e-02
7.278996188687747448e-02
4.282889341167702563e-02
5.113460457209651443e-03
6.984565969007865138e-02
-6.521966484399453756e-02
1.791350081855597465e-01
-3.458340798534133009e-01
1.979140320212471604e-01
-1.772703899955136997e-01
1.216315416264323879e-01
-1.131587501821745834e-01
7.592248107774222932e-02
-1.450658167535283927e-01
-3.537900603448055487e-02
-6.163584818363594675e-02
2.411024505820192898e-01
-2.613976345332454931e-01
9.737716002592348985e-02
1.025434545860949009e-01
-1.427336192921684066e-01
-7.694902831040418764e-03
-5.950713355912740782e-02
7.645525634522952474e-02
-1.479463357721863374e-02
-5.606323033219291069e-02
8.797771340449926647e-02
6.995788612322861866e-02
3.978211428444307363e-02
1.545286391111889979e-01
5.209509859314967462e-02
1.846731120036742835e-01
1.853509312977104015e-02
9.018546646702757519e-02
1.544092374673571577e-01
1.192562241120883465e-02
3.343435990464668078e-02
3.496867499647557387e-02
-1.478000059224843579e-02
-2.804601109395858313e-02
-8.124719645841799176e-03
-1.043721385167453303e-01
5.414778032511580880e-02
5.913318867063029755e-02
-2.721733987422586196e-02
6.691096677248208058e-02
-3.879910512957628066e-02
3.733584737674692459e-03
-2.281661066166936966e-02
-1.281116352533918368e-01
-7.897116248243940539e-02
-3.131627580982829229e-02
-5.796419604413769605e-02
-3.886477206509381110e-02
-4.521855870165811947e-02
-6.476658944619015541e-03
2.994142924625819296e-02
-7.080070880568076208e-02
-2.556415069645968235e-02
5.066005328190765350e-02
-1.184488277095145370e-01
3.638815496867502386e-01
-1.330552866242936672e-01
-7.381898022823295269e-02
5.289416624822113056e-02
-9.640033128851717426e-02
1.371885677958641359e-01
-6.446943730293007435e-02
-5.707047222661618818e-02
2.712862918870952850e-02
9.546121473881702402e-02
-4.186451810962450032e-02
-2.182057500705584380e-02
3.635620517361823345e-02
-3.694025832765022391e-03
-3.297277796650886078e-02
5.421464842053361037e-03
-5.606836357104428431e-02
-5.091429491373454692e-03
1.987755917398530137e-02
-7.811751348652481997e-02
3.211239612540874727e-02
3.340542094652054761e-02
-1.240368987211900621e-02
5.542796278905589430e-02
9.430678366267499901e-04
9.399419635012365437e-02
8.187526021702530576e-02
-7.676708697995821007e-02
1.318683448590445006e-01
4.175573641257621094e-02
2.269877740459720974e-02
9.533846360504300010e-02
3.556733414906590451e-02
-6.848101504848097543e-02
3.182045765109028229e-02
8.742934422412154682e-02
-9.891133753996644851e-02
1.097627536568840378e-01
4.264194901213098909e-02
-1.288891931507776256e-01
5.597822366399021754e-02
-3.985200909115144824e-02
3.905689944315228479e-02
6.401764772827885780e-03
-9.438973777614061492e-03
8.476303381816469029e-02
-1.020363851987642761e-02
3.176266281065490138e-02
2.400463770399143340e-02
5.337315918431437961e-02
8.128884548738321558e-02
1.256449449233735804e-01
-8.540320971338760669e-02
-1.212302272248594742e-01
1.404156293829328939e-01
-1.983667952233065385e-02
-1.892779145792710671e-01
-2.139450771606652563e-02
-6.279562891906952105e-02
-3.859240978667079908e-02
1.303660458179506376e-01
2.016298453298739912e-02
-7.438575510181061334e-02
1.874613262176430262e-01
6.886895463538353357e-02
8.635167411280067484e-02
7.570545020556831983e-02
1.234430501895198845e-01
3.073909143918882592e-01
7.284574254890953220e-03
-8.929156871026944220e-02
2.148975343308526242e-01
-4.266349394100758807e-02
-1.752915349109616938e-01
7.966882533188604162e-03
4.731196650160492817e-02
8.657390619592054970e-02
-5.287420071482547973e-02
1.061769637845129954e-01
6.755019614986840226e-02
1.882147812595697661e-02
3.899101639929903468e-02
-9.191419810846092678e-03
-3.132059165128105171e-02
-4.659614695403227480e-02
-5.801009251365944752e-02
-7.879263190269340800e-02
-2.295221813525206295e-02
1.045277963962062684e-01
6.394156647658937043e-02
-3.387153404858087025e-01
-1.467397523746339638e-01
-1.099789818387903774e-02
1.816148827020149514e-01
1.384314880160938954e-01
1.069876301595318463e-01
-6.511178558833383145e-02
3.002579351631007656e-02
6.261948584239068749e-02
2.039951582709979561e-01
5.688633691130663000e-02
1.147946795658316699e-02
-8.692194008066868316e-02
-9.338230839351516210e-02
3.400490072429084021e-02
4.354061881375634324e-02
2.926041703180214809e-02
1.114502952547404141e-01
-5.633397328858744113e-02
-2.512629795227287396e-02
-7.073675252505975952e-02
-4.725978237637271789e-02
5.285998067653522627e-03
-1.318790568570967769e-01
-1.994000729502261662e-02
9.803859473061113383e-02
-3.146044790123403434e-02
-1.083367174821718744e-02
2.871753291714116210e-02
-9.112756815187665702e-04
-1.014588037218578376e-01
-1.126108946244246262e-01
4.667672199632397906e-02
8.498739908550929922e-02
8.861108709627909738e-03
2.823512950245429809e-02
9.922967300332649621e-02
-3.225802749428925004e-03
-7.304024866217526113e-02
-5.664913963505159578e-02
-2.288992215528077787e-02
-3.041676022190347231e-02
-8.698717217771634314e-02
-3.515258459413200809e-02
8.522478265047555082e-03
-8.670034965866525722e-02
-4.849444962017176314e-02
-1.511782827323658943e-02
-8.462465874194714799e-02
-2.676001631426388680e-02
-1.461847206835950874e-01
-2.267268002227854854e-03
3.030984913053082208e-02
-1.895450223742574103e-01
1.692949633928310937e-01
1.024412231139407020e-01
-3.959412868923669476e-02
-1.060058834766839514e-01
-2.916767992401058870e-02
6.838556647787039089e-02
-6.535867505225904928e-02
5.619284613564898279e-02
3.068357222855703018e-02
2.271475694998946124e-02
1.325266481641828864e-01
1.255822396833339849e-01
6.023853499889652435e-02
-4.127565856643252568e-02
-8.983667535274908467e-02
-3.183686494101203163e-02
1.017666716905910457e-01
-9.193707539713676102e-02
-3.945095546528660374e-02
-3.174348772450995976e-02
-5.419762676749412256e-02
-7.996617316312140678e-02
-1.570245658327148464e-01
7.485131128991029392e-02
-1.543281091833272056e-01
-1.350235068088646503e-02
-1.628498655796187591e-02
-1.371309496014739560e-01
4.347241644670190447e-02
-9.829102110900890532e-02
-1.156950750034244080e-01
3.651851241626687811e-02
2.056547423030741228e-02
-4.505659494822283201e-02
1.078462762270642472e-01
7.121492459865857994e-02
-8.512704317331892812e-02
-3.250175263746683113e-02
7.450288930368044460e-02
-3.809354207219203814e-02
5.400254108934902930e-03
-1.540270304031808764e-02
-4.845803017712706912e-02
-5.380887844997024605e-02
-1.002258208384894517e-01
-5.803922341087742326e-02
-5.237136091104847152e-02
-1.809565694446604867e-02
-4.180717337755365803e-02
-1.161267421701401995e-03
-1.933012910258695427e-02
1.786532337228241216e-02
7.030173216154189664e-02
-6.052295128876094416e-02
-5.527496543263310524e-02
3.267664772412687182e-03
-8.937867938151332348e-02
-3.820272278102979785e-02
-2.523251925794534750e-02
3.907148137628160649e-03
1.079380574052963421e-02
4.027615999149885412e-02
-9.575066919285538450e-03
-8.801753367308739681e-03
1.610138585241553677e-02
1.056687471101292949e-02
1.763916611426891157e-02
3.137166445907724199e-02
-4.297566440623744322e-02
-9.125173633926375247e-03
1.568214434911491262e-02
2.145471529597214530e-02
7.569036868621283054e-02
5.709053544235932753e-02
-5.398390050142657520e-02
-8.376758918580459734e-03
-9.075568774081644707e-04
-5.120605499612172068e-02
-1.889561864775169547e-02
-1.395366828706403467e-02
-5.114673803934177004e-02
-7.450080982560778817e-03
2.750570585636107415e-02
1.669534369771649013e-02
4.625366643499745356e-02
6.759681270825654287e-02
3.219555507981729930e-02
2.192312681120000412e-02
-5.742375107466233392e-02
7.518810638858698658e-02
3.204943137620491073e-02
-2.690178684804110307e-02
-6.345350403284405472e-02
-5.782743057376658197e-02
-4.564172031916215178e-02
-8.206493568838636385e-03
-1.365639329774632864e-02
6.739233796536603892e-04
-5.154526967926951336e-02
-2.174679394519659498e-02
-1.187135332883743240e-02
3.022937449231247534e-02
4.399945183902590623e-02
4.550652517640397382e-02
-7.376057654252748952e-02
-5.144838926408449448e-02
-8.250804386589923739e-03
-4.412281171676148833e-02
9.540556648386299896e-03
1.347941759699168920e-02
4.110727648933604206e-02
4.895505642432297633e-02
4.144187253247502006e-02
-3.971634640467977539e-02
-8.454703279812642025e-02
-8.409121595892261880e-02
-4.706481878737985014e-02
-9.050019701032854802e-02
-6.768708343509559355e-02
-2.728807243044546055e-02
-5.414666685257074619e-02
-5.021040499922031775e-03
-3.207696039509081581e-02
-2.461305457950363484e-02
2.060706162435337746e-02
-2.562278994809859961e-02
6.135403608216801787e-03
5.578591027153453896e-02
-6.871824292789813216e-02
-5.205520010357666399e-02
-2.832940921493410161e-02
-5.281646152169711811e-02
-3.501517189103526412e-02
-1.678713250639177895e-02
-1.209767261060296605e-02
-5.547011076093146670e-03
-9.768399933321413736e-03
2.530761217749670153e-02
2.349240523569686226e-02
-1.923113434797576364e-03
-1.165684229601111378e-02
2.668455755312625771e-02
3.683833044335028950e-02
-3.945054663283883989e-02
1.754425861333766242e-03
3.330450238860171996e-02
3.268397996158337732e-02
-1.964478204168237582e-02
2.264777662525053678e-02
-1.344766555718105404e-02
-3.572391108238874569e-02
-3.923888857243464090e-02
1.007915816874820243e-02
-2.771498206042739831e-02
-6.944071591177784775e-02
-2.810622675950789299e-03
-1.452677896807517445e-02
-2.378599234459085818e-02
-6.979092947161331939e-02
-9.218564533354724200e-02
-7.835416561046655570e-02
-6.950878904024117289e-02
-1.063885776990039639e-01
-1.228945201480254323e-01
-7.598166127843578033e-02
-1.580187963067690438e-01
-1.317701843383086435e-01
2.871653118567338986e-02
5.375739099682733807e-02
-4.314200206155510003e-02
1.913401004787361817e-02
2.749560776250845398e-02
-6.251382543938287240e-02
-1.556721719022876871e-01
-1.590843846521373395e-01
-1.173439362874254543e-01
-3.220702766317253690e-02
-2.194372379915600704e-03
-8.121704516343381669e-03
-2.273879455034101896e-03
3.814109187450483857e-02
3.879486628908668938e-02
1.604541222847531007e-02
3.867419691718958219e-02
1.377654936405912391e-02
-3.032057042748663098e-02
-2.063240974215178533e-02
9.667463034711987896e-03
-3.269639033610707846e-02
-4.402947855033324809e-02
-3.086304598018926870e-02
3.017507771595877991e-02
7.306342836119614909e-03
1.336702994994373034e-02
-2.134316662784245186e-02
-1.390971793048010295e-02
1.278638178166819836e-02
-4.045503940092379930e-02
-1.641640078635045810e-02
1.294309356946747071e-02
-2.448986864093505647e-02
1.507879896996270133e-02
3.459525165490000276e-02
1.020344671866444189e-02
7.040623667958503806e-02
2.517697338113809510e-02
-2.075706893372406339e-02
5.433644316182323353e-02
5.338180987448799819e-02
-7.336753459098686869e-02
-4.258677239467467332e-03
5.258089948590675272e-02
4.489346648425493469e-02
-3.049264416295562746e-02
1.153445132075256799e-02
1.138059572710839185e-01
5.257716653075428237e-02
-1.614298957458609046e-02
1.109466788853268882e-01
1.020365378102055659e-01
-2.823327791754151866e-03
7.173818715806985769e-02
-3.400890807369141844e-02
-1.124915487654444962e-01
1.177829738091219908e-01
1.402033454857944637e-02
-1.264732788222173443e-01
9.348165935499840040e-02
9.863257363363991947e-02
-6.898212401015489659e-02
1.547320117998284873e-02
-3.588199123072383784e-02
4.403762818812680287e-03
1.390307552516180933e-01
3.942194579694548867e-02
-5.962368612918146626e-02
-6.123192583938347894e-02
5.179185872816188113e-02
1.639516576305340839e-02
-9.518798440607904518e-03
3.338966525282586334e-02
2.139557827494555781e-02
6.857258286135058979e-03
1.063964690278744463e-01
1.118145180489959617e-01
-6.799504414882903691e-03
-3.485048531458862647e-02
2.001661103189061527e-02
5.135888648090965874e-02
-4.526270095258806692e-02
-6.216559722256435883e-02
9.934088729196514922e-02
-2.962331278934930007e-02
-4.658007686593659130e-02
5.293875767620036255e-02
-6.706546054596486048e-03
-3.757839332875270028e-02
-1.025849516955479462e-01
-5.044707816058790345e-02
-4.376309072338481661e-03
-5.280188751456180163e-02
-6.153330850113989531e-02
-6.148685556833760613e-02
-1.614455080530871264e-02
-3.142999017386471916e-02
-6.197941122371618955e-02
-5.802633323271709498e-03
6.660700699130207153e-03
-4.880843236412054156e-03
-2.360528843984191147e-02
9.677936554642321484e-03
6.721927968496887226e-04
-4.085505061094863583e-02
-3.284341920341838500e-02
-2.932246965626725266e-02
1.101424603596664990e-02
1.128772145552527952e-02
-9.655634577915654312e-03
1.203033552780877549e-02
-6.722167110936342824e-03
-3.352907751803831105e-02
3.558845846814871067e-02
3.352868866854326335e-02
1.111629764169479000e-02
2.019224948818556728e-02
2.247657209419192184e-02
5.774465551912227185e-02
-7.763456966428854134e-02
-3.930459782420585996e-02
7.432478969604246199e-02
-4.594879429258057896e-02
-7.954466643263093106e-02
4.055577016677482105e-02
6.881138505749756495e-03
1.417255308584946527e-01
6.654672073771340790e-02
-3.600829149096323317e-02
1.709846277683062798e-01
1.901308186480044626e-01
-4.013166903469026631e-02
1.350801367336751900e-02
1.165146391080271737e-01
-1.025987704344782508e-01
-8.073790943561309774e-03
6.516287829411428201e-02
-1.177583158905171901e-01
-5.891553967613911980e-02
-3.801716866865666872e-02
-1.046969634248132303e-01
-9.362320543181493204e-02
-8.120885478030434590e-02
9.815746273873297845e-02
-1.416126478500819366e-02
-5.641001711850291561e-02
1.023242232484988939e-01
-3.854963486408334583e-02
-9.553493536803651931e-02
-3.086808807166282684e-02
-5.514398149004758054e-02
-5.734347463446152343e-02
1.745094658104079377e-02
-3.501584599266756997e-02
-1.085627009586056374e-01
4.718025147968868405e-02
-4.921246157133253585e-02
-1.179458239776485090e-01
5.902803091868558116e-02
-1.811571055410612918e-02
-9.462887229900412978e-02
-2.856612093375675981e-02
1.496869569355953854e-02
3.277182229014248549e-02
7.095242926218693624e-03
-6.192660546228853646e-02
-6.562490926413153125e-02
9.539848808022383109e-02
-4.712112205334779286e-02
-9.766400300827840497e-02
7.504608120626495016e-02
8.255822085554867518e-02
2.040016877137388121e-02
-4.969809570569924673e-02
4.010752634166640795e-02
1.347806983193939878e-01
-5.228037715365812382e-02
-3.992831047001700606e-02
1.322476597993643976e-01
-7.304334068558344939e-02
2.495311187068018424e-02
5.728968934821697390e-02
-2.396627327572626795e-02
7.958122497830454056e-02
1.984080367459450239e-02
-5.278900108891057194e-03
1.400511639968481103e-02
3.332451269145321211e-03
-3.710571380604851116e-02
4.434538441607208115e-02
1.010045239362999392e-01
-4.288268002135543072e-02
6.939177572852966817e-03
-2.247750640995502258e-02
-1.622559543330484230e-02
-1.950336824815293926e-02
-9.850468836063702716e-02
-1.460641171449799380e-01
-2.157916466150269497e-01
-1.428707809525190664e-01
-7.235019244496181112e-02
-1.131615080947023649e-01
-1.315069955670071858e-02
1.064216028948276925e-03
4.085074168350942558e-02
1.020500969568495370e-01
1.047425668673830656e-04
2.461994323369771573e-02
-4.312663004821998269e-02
-2.873617389601351366e-02
-1.584153091801437929e-01
1.198434413381215154e-02
-9.759604386184335401e-02
2.795860118390727789e-01
-2.729206342004892455e-02
6.770370550497842310e-02
6.226143164984397627e-02
-1.151732054589445914e-01
1.583244690320696757e-01
1.356563040240119367e-01
-2.800775948313895536e-01
-1.894376146517863166e-02
-4.121541518083519234e-02
-1.724689520321234515e-01
-1.663201396416673084e-01
-1.858079759985313273e-01
4.841640764514687501e-02
-1.724515640904575597e-01
-3.140203029205811125e-02
1.720005954901870637e-01
-5.481883367533051804e-02
1.749816979418324370e-01
9.114345890559631680e-02
3.439857471831293118e-02
1.179017757011967260e-01
-7.354980245817263618e-02
-2.523225820210752909e-02
3.028889521515097660e-02
-4.727173793818499614e-02
-9.140508606560938942e-02
-1.341566396212155211e-02
-1.890155044452659569e-02
-7.038411564465005266e-02
-2.807219997261043917e-02
-2.424757213955480717e-02
-3.144367690328291054e-02
3.971310734917125884e-03
5.751338442793972432e-03
-3.144570731911265626e-02
-2.883860904292386007e-03
3.522104987600411380e-02
-2.010658279803678727e-01
-2.346639000182184076e-01
-1.461443981586671437e-01
-1.435109877103746823e-01
-1.019704052619399420e-01
-1.756181196935183153e-02
-2.353797522204072526e-02
6.394468707822743847e-02
1.280607687135253969e-01
-8.464988895477278119e-02
1.300594706874030893e-01
3.682727161942866284e-02
-4.862604716825048856e-02
1.985082027117889003e-01
-5.076724885274067761e-02
-1.523309634035997957e-02
-1.808413370760096339e-01
-1.511454423619903453e-01
5.561369104643025182e-03
-7.853824617546682763e-02
-1.473278778486344920e-01
-8.018369710803760486e-03
-1.985979006750156716e-04
3.843124787604689646e-02
-5.785261028988405302e-02
3.642720679555286334e-02
2.231656345178308909e-01
6.390291531270553271e-02
7.450711739745734252e-02
-5.820204594776462459e-02
6.988022075024180602e-02
8.332822920007851297e-02
-7.638523988906999185e-02
-4.071138055104667197e-02
-5.269652421425198574e-02
-1.160247164135643355e-01
-1.103239989349063220e-02
2.995896175599418662e-02
-2.116804494641263273e-02
-1.079328592587347063e-01
9.631941535230189796e-03
-1.954782536315643332e-02
-2.051616238621829513e-01
-7.331643829768076659e-02
-1.221256542476518298e-01
-6.290509533949828480e-02
-8.398235481689864113e-02
-9.621910965107775826e-02
-5.555967420878131502e-02
-7.415264519043596181e-02
-1.857545545551113619e-01
1.522782102598245469e-04
-3.093726130412372335e-02
-1.229301776617950370e-01
-1.346411082600414422e-01
-9.812676491153660141e-02
-8.850102641209986465e-02
-3.303363466353501782e-02
-2.631056818452726705e-03
-4.884194197602884785e-02
-7.637077423948702981e-02
-7.702331416351375359e-02
-7.075791993775836473e-03
-3.565115233873044492e-02
8.034586913001072472e-02
1.356914505098739433e-02
6.360339556283571560e-02
1.482773919084296732e-01
-3.389850492805310950e-02
1.716416456755459063e-01
6.273074203763694123e-02
4.185500102756632181e-03
7.360821086057001139e-02
8.312494257716289414e-02
2.922765771069878518e-02
5.017749144794511618e-02
3.788434202521907823e-02
-4.635503647009567296e-02
-6.508480454772858081e-02
-1.315050171543698243e-01
-1.516501722137049146e-01
-6.217637169116031759e-02
1.226991286048221136e-01
1.677078225723092619e-01
-1.913840130423881958e-01
-5.105733908572613299e-03
1.276327535747508735e-01
-2.244257159961393633e-01
-1.201217446008487205e-01
-1.085335195372536150e-02
-7.879852947237303562e-02
-1.668555370851982494e-02
-5.069447055486139136e-02
-1.275747130905624249e-01
-4.303536718451503318e-02
-4.346919285273009859e-02
-1.536414680484025908e-01
-1.540034075738283825e-01
-1.460901690525224783e-01
9.208782807794946290e-02
7.627175887702003498e-02
-1.843533296880838224e-01
2.207266001521550614e-01
5.133049649243826701e-02
-2.671858094300011421e-01
1.840730681221326437e-01
-3.764447282088245750e-02
-3.022217641448465830e-01
8.539310190444143744e-02
1.055150864751815687e-01
-8.012142824949280984e-02
5.573076304565280359e-02
1.083135737736248133e-01
-6.561190832354633906e-02
-4.216461088338255281e-02
3.975616676687919460e-02
-5.610219631115256900e-02
-6.230957716086372999e-02
-7.270112895639156692e-02
-1.484229166135538347e-01
7.412442490418361118e-02
5.596570703077993064e-02
-5.330575083749760495e-02
2.559796490310466965e-01
2.489280009550718931e-01
1.179951070807324226e-01
-7.986326906427899941e-02
-1.113443422394664178e-01
-9.592337358698410643e-02
1.883844283580454401e-02
-3.227288388578333778e-02
-3.510106458266827600e-02
-1.811353542064351660e-03
-3.861197982214077673e-03
2.681669584041757731e-02
-7.788542145270024863e-02
-7.816232468882931828e-02
-7.404277178442658647e-02
-2.598347483657909712e-02
-3.179534031455891890e-02
-7.177739450552138301e-02
-7.536942135890681987e-03
-2.631045245945621766e-03
-1.781539422595024291e-02
9.019239864943040877e-03
-5.128247436315989255e-02
-1.300037344291412982e-02
-1.678957549078707520e-02
-8.546005984725510429e-02
-8.796459392739562622e-02
-4.326387271483532818e-03
-9.247055347907880141e-02
-6.826742814326192121e-02
-4.982796681338527538e-03
1.775651068174580183e-02
-2.159125088713522572e-02
6.356485229073764731e-02
1.588139765826728222e-01
-3.440870365591466341e-03
7.763949334444202044e-02
6.874818100600270376e-02
3.661096917388233923e-02
1.996415499216669040e-02
-6.713717628010772154e-02
-3.232895706433636801e-02
7.926315142249208689e-02
-2.189972341718057769e-02
-6.325530966565727498e-02
9.288674791572792966e-02
-4.075340691012740296e-03
-5.014052994812810693e-02
7.715360859604114552e-02
7.866391807465240860e-02
8.164176303813507063e-02
1.525793614665642284e-02
1.317919804761345792e-02
-2.175056488723356787e-02
-1.182161209522188255e-01
-9.903970494413597003e-02
-6.817395131791827156e-02
-8.118547729724895357e-02
3.979976543924398924e-02
6.960310943906840297e-02
-3.734496047377661859e-02
2.935314249937187332e-03
1.544305016785687060e-02
-3.545082767851726741e-02
-5.757101352545312273e-02
1.490053583122830962e-02
-5.048437622324026403e-02
-8.891405735777552222e-02
-7.495286426238045863e-02
-4.859319190246227937e-02
-8.988469416345383489e-02
-8.496350395616512896e-02
-3.749762289429095508e-02
-7.700211612622666346e-02
-6.835598173657349286e-02
-6.141535229452485534e-02
-5.486144248019869663e-02
4.062563637063901917e-02
-1.322329202394756931e-01
-8.721508028796126633e-02
-1.757324076118138697e-03
-1.560673248069568142e-01
-1.244329607663992865e-01
-3.517799318813417953e-02
-1.182778128748972757e-01
-1.371061002405504770e-01
-3.997056830553545603e-02
-1.121637399404499524e-01
-9.252544428707316915e-02
-2.013900772601874556e-02
1.224236809761455186e-01
2.514792386722796147e-01
2.812971834581203812e-01
2.843767371183722730e-03
-3.830351004925717368e-02
9.203003064958728899e-03
1.642994864569494173e-02
1.309980479878345219e-02
1.908752906404293653e-02
2.595426412726660123e-02
1.005940199196656698e-01
8.472209434037425435e-02
5.641652967461941587e-02
1.254160293036608309e-01
4.715309534065181829e-02
-2.216632475211566602e-02
5.701975430594166672e-02
3.490451772458039170e-02
-4.319605430742224500e-02
-2.508395779943380088e-02
2.007382730759383824e-03
-6.438553791785108470e-03
2.513141136878659435e-02
-5.970715550434685381e-03
2.631444137928819899e-02
3.870949422882963981e-02
1.502643807983003975e-02
-4.885533902463319415e-03
-3.357066856191582432e-02
-6.228164115191556910e-02
3.226808410952490547e-02
3.541752010717222343e-02
4.807122982112611159e-02
-4.252304144821542065e-02
6.549543409301913921e-02
5.547887943945566114e-02
-2.529397601137843565e-02
-1.029977045969931448e-01
-7.279015083473566738e-02
-5.800176545934664779e-02
-3.911078866720951036e-02
9.444323064338800908e-03
4.386461444205946858e-02
3.191836331015795048e-03
-6.697369360310621855e-02
2.981684017560777555e-02
5.377317060016720274e-02
-3.029295251480043985e-02
-1.668125071796811368e-02
-8.681094886712174699e-05
-1.344775005257106346e-02
5.235499688310486788e-02
3.642335143118912572e-02
1.742487997717790185e-02
1.784591505882666962e-02
-5.705550084808948957e-02
-5.071175093338182310e-02
-2.218692683299390567e-02
-4.081834616685428747e-03
-3.391105631197869306e-03
9.819757395177469012e-03
6.530520399697110900e-02
5.118319224322055022e-02
1.611180788573458172e-02
9.404624859078779264e-02
7.806070749928786801e-02
4.856548224835133959e-02
1.158516600918946399e-01
1.368394162209665699e-01
1.548748738890283472e-02
7.756954945575186833e-02
8.361275605521065191e-02
-9.450152495111899253e-04
3.844727379869938844e-02
-4.765135002225672108e-03
5.721106553044550541e-02
8.331614569123529934e-02
4.667835866811606560e-02
2.977697183122217373e-02
4.906181723391611627e-02
2.771031855452713716e-02
-2.940762612477357610e-02
-2.767918586667068859e-02
-2.617838552131104835e-02
-3.962996249140324917e-02
-8.190334989520954567e-02
-5.793225790904195371e-02
4.575401462933149227e-02
9.239868505755213790e-02
6.017711026255884860e-02
-1.455703947904483930e-02
1.164867988035950819e-01
7.598642048545133088e-02
-5.811450775241777666e-02
-2.510627547870457679e-02
-1.263867925629390439e-02
-4.050897328936742953e-02
-3.820505251242395373e-02
4.048128669846386835e-02
-3.668926190520588760e-03
1.114285140879992583e-03
7.381076728341681714e-02
-2.405399236173414931e-02
1.619454020126874852e-02
-2.296977645254686534e-02
6.290098915088164488e-02
1.189375333596820877e-01
6.848539879221723914e-02
-2.375259661827971991e-02
4.751182554381718631e-02
-2.069943684219981758e-03
9.049844239932425954e-03
4.011549797393798578e-02
-1.001475762402122098e-02
-2.676602561663970689e-02
-2.201252036865565184e-02
-1.566152481420088338e-02
-5.912148188465496390e-02
-7.153927828105441367e-02
-9.222895482030077363e-02
6.456646407189960135e-02
1.094968355408255378e-01
9.693667323863473795e-02
3.960604598947378707e-02
5.293770779500920481e-02
4.078292361672767458e-02
-1.911867561252061573e-02
-5.518792767409676919e-02
-9.044023472047595102e-02
-2.684392196142731599e-02
-2.257001188023507326e-02
-6.499475726785458596e-02
3.129534224656636138e-02
6.857058270513115283e-02
1.850699357664038064e-02
6.059892015293426998e-02
1.236120140083105390e-01
9.825939925276358511e-02
2.359694530704103260e-02
-4.435075320813317012e-03
6.023812471720588722e-03
5.309890681989452854e-02
3.628156905755149791e-02
2.206478877130763419e-02
3.224571653201770832e-02
-2.450445215618851213e-03
-2.752831092550727873e-02
-5.964903400226553853e-02
6.349384461367811594e-02
-3.320390407239447866e-02
-1.752967366363350488e-02
6.779434060985013721e-02
-6.311193291694257822e-03
-8.007264522653548960e-03
4.773630486770394366e-02
-2.624461807454760414e-03
4.377086556181970095e-02
-1.912345604752637915e-02
-1.322674902165125489e-02
-1.234400948615851749e-03
-3.915495633411917448e-02
-2.657107092989881639e-02
-3.767506815272769066e-02
-5.706737993444654933e-02
-3.980219937139199693e-02
-4.962685562637862008e-02
-3.546127177978649486e-02
-5.307913635871178842e-02
-1.198567279716445094e-03
7.374190490760678708e-03
-7.405038935550020338e-03
-4.811737725301977464e-02
-3.121633962821472597e-02
-4.299690971516677979e-02
2.895165312524280304e-02
-2.366692484232207905e-02
3.448249894595767362e-02
4.320951265508726075e-02
-4.605886777887747974e-02
-5.842101424908532209e-02
5.190524683479618567e-02
1.171130225121375275e-02
-2.509571503017378816e-02
5.824444098406728748e-03
-8.211413275077839719e-03
-6.840160206547195310e-02
2.510409385821910089e-02
4.089074878161247373e-02
-2.258046656757498050e-02
3.032009503624810004e-02
1.571654849054294686e-02
-5.751931877588989384e-02
-9.553657955174191599e-03
-9.151239201801563555e-03
3.659446720022881388e-03
-1.556538386085312003e-02
-2.316880601510469193e-02
-2.777689178891208643e-02
-8.980538259491160913e-03
-1.297398556602815528e-02
-1.134554997796116682e-02
1.508414519347825791e-02
2.733080669817900682e-02
-1.040843377708483217e-02
2.499422263607161201e-02
1.511167175081450965e-02
-1.608018784194062759e-02
-2.685852616230595749e-02
-9.407406333096952900e-03
-2.985674655964978483e-02
1.176698538518173610e-02
2.175360910071439183e-02
1.365643825308867319e-02
1.478765647011842307e-02
2.776398067920031812e-02
3.259542686525235961e-02
-1.405916380157174080e-02
-1.718248695898498893e-02
-1.196085667998318149e-02
-1.151613127375003542e-02
-2.930016737054964501e-02
-2.182169690031195153e-02
1.286730729881353265e-02
2.522844516670253237e-03
7.100639969924729678e-03
2.626792235971200234e-02
1.326756348595366057e-02
1.963483706663663592e-02
-2.506524623986919331e-02
9.239769413199198922e-02
1.601383973848154521e-02
1.482024675396901789e-02
1.040149177875930864e-01
3.733282195653403468e-02
-1.804670914163606504e-02
5.360395600368994540e-02
-5.276085161066647669e-03
-1.732244481687576082e-02
6.786225340408784390e-03
1.735812090952053820e-03
8.888071141804374659e-03
5.330630045887982046e-03
-1.622117537422417682e-02
2.942319399560511251e-02
1.312073184611232957e-02
-2.698326569696523486e-02
-2.222926188272571213e-02
-4.677064314971243753e-02
-4.460293390255842816e-02
2.737491340616946336e-02
-3.371380040317632689e-03
9.788242639753877428e-03
-4.234320397996215596e-02
-4.391397351618785833e-02
-3.517538802408008702e-02
7.328995892308753403e-03
-2.125135800408164272e-02
1.292837988355746703e-02
5.364342864118219756e-02
2.286645246926692979e-02
5.357293719654009773e-02
1.794070125209582672e-02
2.166506710324150181e-02
5.960362904022799280e-02
-1.935113266339112681e-02
-2.527182756679547185e-02
-1.170999578262936318e-02
3.821943482494029928e-03
9.666628200806302168e-03
2.589141940005736803e-02
3.353724142431011024e-02
4.366593591958844306e-02
6.396463760399240250e-02
-7.906005349979913777e-03
-6.503771689755546287e-03
-3.568392145597784355e-03
-1.310724786171238269e-02
-1.048477540089924089e-02
-1.268871932923438563e-02
-2.059839943461746342e-02
-1.772096237933879631e-02
-1.683959681449782170e-02
9.134292254199254547e-04
4.132481921866079655e-02
1.013680938666867981e-02
-2.294024187205781495e-02
3.896471122180469177e-02
4.474558112853023809e-03
-4.837388153749822006e-02
-3.901357700412182508e-03
-1.534108056258802998e-02
-8.494623423045757904e-02
-7.705884874207452606e-02
-1.454364794947701420e-02
-1.248691787402213260e-02
-6.308791182559510269e-02
-1.446757754938198491e-02
4.703585949613085099e-02
-1.699869551420327488e-02
-7.712405599523294158e-03
-1.722814718120907820e-02
-1.126932586402730127e-02
-1.979235928499011726e-02
2.217425966382747127e-03
5.462673088095670870e-02
4.757272466615215800e-02
-2.254650118710050180e-02
2.116985549388679388e-02
1.197759295663644759e-02
6.207934775759941376e-02
5.675833502329059171e-02
3.065959771272877207e-02
6.780485036704783641e-02
1.201704263550882126e-02
2.857199625075320520e-02
1.219090500098232860e-01
4.322648234483016105e-02
3.133242402488669448e-02
-7.378466599240385282e-02
-1.882537023935625456e-02
1.349594376762032304e-02
7.328769751060942861e-02
8.427161893516368907e-02
1.002113704095873234e-02
3.465666362603923509e-03
-2.830334299821917182e-03
-3.280138250887339180e-02
-3.693178677318545433e-02
-7.810705100205542206e-02
-4.515264187050525846e-02
-4.120110439585761980e-02
-1.022947051073787028e-01
-3.588646264818805970e-02
6.576318715484992528e-02
1.990702569588136475e-02
3.873909477076875607e-02
-1.238022985505830148e-02
-8.278903265541176504e-02
9.604320993202516282e-03
-6.613181855744049154e-02
-9.873454985698196240e-02
3.409961368241515300e-02
-1.776099304991170247e-02
-1.532478670881015637e-02
9.938381045383963552e-02
3.310567671882628377e-02
3.956827190422348983e-02
3.869048802015480348e-02
1.629947799672789091e-02
4.521517904663078895e-03
7.882195072993869456e-03
2.024082630610318095e-02
2.659486883196401225e-02
4.663165964116483542e-02
3.849437448734174816e-02
5.214174976668412009e-02
6.247187114818549686e-02
-1.441460883230947371e-02
-2.535043324822879810e-03
2.749811585679469081e-02
-1.869995385244395403e-02
-1.721305572928520655e-02
-1.886296757198952304e-02
3.251831336227634095e-02
2.156819189751731439e-02
-2.808070995768577327e-02
7.268028178097074576e-02
5.756694279117324092e-02
4.069351865379547233e-03
8.859223229984185266e-02
9.424998682721981436e-02
3.162017447537256859e-02
4.014030832507818787e-03
5.580704678718444861e-02
4.792622142903212035e-02
-2.831784085450515798e-02
-8.263464735126961613e-02
2.281620859991764783e-02
2.695290819343238581e-02
-4.716216958651283514e-02
2.839526678367236892e-02
4.908040399570543638e-02
9.961084896385762055e-02
9.964006219155977298e-04
1.255280919650302307e-01
9.890847999890908793e-02
-8.128023422627564387e-02
1.015487669161356105e-01
6.456217578732245665e-02
-4.260536000959647129e-02
2.676635271677481678e-02
1.908701572182642039e-02
-8.932714657209557194e-03
-2.349010199717076891e-02
-4.115858491649572459e-02
-1.939477756428954758e-02
-3.563946318448386191e-02
-3.203162168228497475e-02
-5.200311381892483778e-03
3.829330980578270205e-02
7.210448455503903897e-02
-2.972765413743996832e-02
2.055154509337958277e-02
6.086201014573510565e-02
-3.214235390647370016e-02
-1.051906006741143984e-01
-9.971587094301995191e-02
-1.155395103190348660e-01
-7.641216049806082156e-02
-5.739339724121544223e-02
-8.124357189346285979e-02
-1.071644401468052482e-01
-4.309257183446438266e-02
-3.939373492660708242e-02
-9.327861469409300110e-02
-1.735386146927794110e-02
-8.496428168147676652e-03
2.246048624744475392e-02
3.218851313901406608e-02
6.905329579492216346e-03
2.125080453768440902e-03
7.187348033438662083e-03
-8.798147818581375512e-03
9.395129757236071744e-02
8.579994644011884608e-02
7.308303468746203679e-02
-3.592987740721623191e-02
-5.985584504895786334e-02
-8.767174294521298816e-02
2.248401129687283700e-02
1.694243317672467636e-02
-3.177890188589616027e-02
1.163817415126940646e-01
1.680214537493324167e-01
1.327098363043323348e-01
-1.405370680300236652e-01
-1.044300796741127746e-01
-3.656945569468077195e-02
-1.119686274825840676e-02
-4.157536086271831216e-02
-1.489944661229087274e-02
4.336435573728374820e-02
-4.286892829901506330e-02
-3.117193658226827258e-02
-3.464171374490218613e-02
2.646253483807618073e-02
8.848942283129622444e-02
-2.324251259391067748e-02
6.801310294440313098e-02
-2.153447833448861315e-02
-3.150830729198468398e-03
1.830200726924107180e-01
-1.323865677447218780e-01
-5.702311058073677302e-02
-5.179505632777875457e-02
6.936764669206124667e-02
-1.097678337530925002e-01
-1.727474480986965488e-01
-3.031256620491484810e-02
8.127767057797001538e-02
-8.508572166885629284e-03
5.545431982190843212e-02
-8.541795499124704705e-02
1.778108546004314450e-01
7.130606815195007775e-02
6.132142119439144140e-02
-2.868680363279509926e-01
-5.363857907530047986e-02
4.326417709548428109e-02
1.560285744631255966e-01
-2.163958966253114458e-01
-1.980645417058794072e-02
-1.002361762281915591e-01
-3.280157432728190298e-02
8.205808691702605462e-02
2.414950620361943079e-01
2.094068382519387317e-02
6.141836416101804919e-02
2.348241486874888193e-02
-1.015878076136169858e-02
2.064990584073768745e-02
1.341314851370348574e-02
1.608437173591507341e-01
-2.216077826854898902e-01
-2.035283776484397567e-01
1.522588728693312632e-01
-5.793535204316096338e-02
4.663544258728897184e-03
1.771581799677669489e-01
-8.210357475651355874e-02
-8.768634403717426654e-03
-3.686787353845540766e-02
3.286051402169733182e-02
6.243162691550309396e-02
2.576238870101883738e-02
1.588164943088766698e-02
-1.588473083232687030e-02
4.033828103403408472e-02
4.602512958709997250e-03
-2.136871197140794917e-02
-2.623609154632520687e-02
-1.858356956201689253e-02
-8.137345776447979517e-02
-1.528909929454689010e-01
-7.450426448146021605e-03
-4.232330843611375321e-02
-3.679620804305328702e-02
-2.984706838012941843e-02
-8.098425517456883660e-02
-9.932081365029772624e-02
-4.818619910306103094e-02
-5.803907999914296317e-02
-7.956610787968911025e-02
-4.417113353693376959e-02
1.586014021016738870e-02
4.426314534478002771e-02
-4.395259690132115316e-02
-1.731321192159028131e-03
6.182029051529875502e-02
-4.127738852890060900e-02
7.342320274884492348e-02
1.986170453340579956e-02
-4.780724375131355230e-02
-1.311586506556774168e-01
3.658632652030668203e-02
-5.624642125069178461e-02
-1.135255040322786790e-01
-8.606674477708717297e-02
1.040896336938875316e-01
-3.307759702196477140e-03
-2.229132134154967193e-01
8.869170471790907562e-03
-1.213746817488866973e-02
-9.969858063605725740e-02
-6.338954460448228967e-03
-5.124550324840061039e-02
-6.376820770169804031e-02
-1.608570164678076869e-02
4.303076297308159465e-02
-6.300164544941672107e-02
5.629336323467869219e-02
1.104061960601694231e-01
2.006925209313236910e-02
-6.775177953252756180e-02
-8.483230542227333804e-02
-1.697432293502022238e-01
2.375210368472988661e-03
1.119481442076503130e-02
-3.459415873921455054e-02
8.323233914954505930e-02
1.359928868355707310e-01
-3.132866240272592917e-02
-3.974455933379515693e-02
-6.790645040648676800e-02
-6.792304374305378756e-02
-1.733385048856617150e-02
-2.981221779095054314e-02
-8.475253622804335141e-02
-9.194673793483794377e-02
-9.952229107321693136e-02
-9.198020464280205755e-02
9.065373565974370329e-02
1.477769663295427360e-01
3.636207666500648056e-02
1.046395202692905757e-01
1.740029511642737503e-01
4.084238751541788282e-02
-9.950386478139856827e-02
-6.575119543190634241e-02
3.003751497651518595e-02
-1.384072453095556432e-01
-1.676941941324371632e-01
-2.042121208726145332e-01
1.914640494796220616e-01
1.624573798808404135e-01
-1.100922821072073954e-01
8.515475789178121591e-02
1.765529992422817107e-01
-1.294350006358223615e-01
5.927422961520118633e-02
-2.758585548029207288e-02
1.472798412135521984e-01
-6.498238387945272192e-03
-4.266230822188377125e-02
2.787448403848399262e-03
-1.353972673604322005e-03
1.279166503655841669e-01
7.382104744391822931e-03
-7.647919322446340706e-02
4.002150255162639780e-02
-1.183698418788548534e-01
5.835582751492192355e-02
1.376345738573319100e-01
2.968269692987262134e-02
-9.083283578404479849e-03
-1.662342557155653822e-01
1.793584011930401956e-01
5.324079959965825892e-02
1.089470164861960771e-01
-3.082956375914043534e-02
-6.873466828038486687e-02
4.666879626070081361e-02
-5.014301515205370208e-02
-1.184107885605684279e-01
4.754593835620958379e-03
1.622193978895339339e-02
-9.370608364542969138e-02
-9.645364834504643881e-02
-8.595301484577183571e-03
-2.538604563011275239e-01
3.447180852226190972e-01
-5.727102766231419867e-02
-6.741953826614426049e-02
-2.900948520754147997e-01
6.022991425811195093e-02
7.118083650724106592e-02
7.998016062122929870e-02
7.159142896647018028e-02
-7.095182636404236132e-02
-2.622616512508165743e-01
3.330188749851308028e-02
5.271999865630448701e-02
7.100434859202468807e-02
-1.611132224417111125e-01
-5.138217302841464190e-02
1.101846077472725359e-02
-1.152672995626085051e-01
-1.258853943945470802e-02
9.324051459427254440e-02
-6.550744079432936628e-02
-9.125780048793941113e-02
-1.830196797516403517e-01
-9.650470259648440130e-02
2.673463622591859198e-02
-3.989371316264242462e-02
-1.918015215995094377e-02
-9.203232928231391829e-02
-8.378544013586854133e-02
-1.530550059960282261e-01
-4.917964539083066744e-02
2.992322633723542777e-02
-2.194379265329811368e-02
1.066447998960088489e-02
8.799267831883568480e-02
1.324410585163151577e-01
-3.931315803097078926e-02
8.912089662393921086e-02
1.377241610424895790e-01
-8.079395343645626171e-02
5.313335067934583239e-02
-1.399783057525581971e-02
-6.514494632547360164e-02
-2.358189897572920274e-02
-8.600529337804324603e-02
-4.677972190648904682e-02
-4.094296245284982649e-02
-5.743868450914909468e-02
-7.715022677132121753e-02
-8.922849988486855621e-02
-1.179811762313298096e-01
1.442280572325234031e-02
-8.490073096373557116e-02
5.428035908421713351e-02
4.033215946140193686e-03
-2.211482874732445814e-01
-6.625518336847843748e-02
-5.731953471334516603e-02
1.553552846250857156e-01
-3.426616183500593577e-02
-4.307088671013048486e-02
5.803487446135997818e-02
3.354808573229420970e-02
5.298084010117256465e-02
-7.545453979422253599e-02
7.042191004064436710e-02
1.311699300835929005e-01
3.672536139988970272e-02
6.572626503703946077e-02
-5.690039549739731722e-02
-6.006156403895669682e-02
8.289300903563888087e-03
3.197398086628560482e-02
2.612186510149106661e-02
8.160129991990144882e-03
-4.245095499339706507e-02
-5.174591788835857659e-02
-8.563460319033805446e-02
-1.503008963258895825e-01
-5.215511199838931272e-02
-5.811246833617302737e-02
-1.406969760086222432e-01
-5.443772849068386280e-03
-1.478628367837003244e-01
-8.048477320664332302e-02
-2.170795903019360762e-01
-5.544438325198956102e-02
1.004022209377073011e-01
6.321110481373783119e-02
-2.852190985346026667e-03
-1.373944465478921240e-02
5.152734604477765545e-02
3.431572374032845762e-02
2.782992833933724611e-02
6.836689954007130199e-02
3.869396088273743123e-02
-1.515539564623306912e-01
-1.452067566144191468e-01
-4.480520583991688677e-02
-7.410075789954620462e-02
-8.654720301178585318e-02
-1.352655092127275083e-01
1.328506355767487433e-03
3.834650069856185284e-02
-1.742540552731052308e-02
2.399076351632230264e-02
-4.870229771364566196e-02
-1.113371608097951659e-02
1.974885091505838072e-03
-1.323535369424214680e-01
3.326689685601998125e-02
-1.094916589932683031e-02
-1.104709502076048483e-01
-4.603403275881842033e-02
4.266326800730449453e-02
-3.780562836665225801e-02
-4.512472489189096186e-02
-7.659734262221084763e-03
-5.158721011735636908e-02
-3.264566336423550819e-02
1.900061215294593766e-03
-6.867172133491211694e-02
-6.109150877435590155e-02
-1.387533638458713844e-02
8.639061411644159694e-03
1.477621061994504326e-01
2.764641863920904927e-02
-1.136325410599718470e-02
-4.769372913873617427e-03
2.787890483171879055e-02
-7.882080637397931300e-02
-2.816399928764645039e-02
-8.658853991504240899e-02
-5.769102681741079380e-05
3.360611787198363679e-03
-4.212368643933182832e-02
5.182249467886004130e-02
6.316668434705137447e-02
-4.483985834637840145e-02
-1.961254234489378037e-02
-5.036031027721823983e-02
-2.437807396780974217e-02
5.090967686408316532e-03
5.861143351217643072e-02
9.712130506147713394e-02
1.072455151672306872e-01
6.079139419242090593e-03
-1.096986901679966320e-01
-3.222335561370975876e-02
5.129526517214239023e-02
4.394106214645407404e-02
3.228035273871859845e-02
-4.616429408356051423e-02
1.673751248624708310e-01
1.015711461092927426e-01
4.613484630101891831e-02
7.877578552645757293e-02
1.443565780033359384e-02
-2.615852623556287268e-02
-4.516709573180249099e-02
-1.999752695876997818e-02
-5.705874378616704323e-02
1.266026885283020043e-01
2.024438224410989029e-01
2.243747144271949351e-02
1.500776223334363002e-01
2.203783272598653920e-01
3.308145540762875286e-02
-4.185358087543599240e-03
-3.456726050325486382e-02
-3.315737836967709573e-02
3.463759551187096941e-02
-5.632292500639494298e-02
-4.916696255921691738e-02
8.418793559931758708e-02
1.656339429745283531e-02
-4.813419651783953403e-03
1.483709295868961171e-02
-3.084557127028381140e-02
-6.547144916102742851e-02
6.052134719222916626e-02
-2.814482309077195182e-02
-4.464759175371649236e-02
9.537886405389665867e-02
-1.482296348901535835e-03
-5.710649272623781469e-02
9.681118096645085006e-03
4.377530490248088269e-02
2.429607843767778858e-02
-2.105927178502534775e-02
1.946046265401159053e-03
-2.763634080179631913e-02
-6.924689011373882930e-02
-5.088149308148825350e-02
-8.322484572488525467e-02
-4.251415993637417540e-02
-1.092033681193925118e-03
4.857589861503752715e-02
7.977982607097715631e-03
2.964520566840863139e-02
9.173865157424546113e-02
1.619456350528905020e-01
3.734710140529911432e-02
-2.716242817931611986e-02
6.244241237760301405e-02
-2.603621105925525703e-02
-1.325426391039945771e-02
-6.598251996572399025e-02
-1.721961280259040050e-01
-1.013741426890314157e-01
-4.763449878447790359e-02
-1.388909007049345945e-01
-5.732164113415072482e-02
1.887639316822442223e-02
1.308270690759755737e-02
2.331128436647759983e-02
1.159808870304106926e-01
3.942068843752105645e-02
3.401290136061598662e-02
1.032137311210853947e-01
5.737204984244906325e-02
-2.796958340704431764e-02
8.368949991377916051e-03
5.009952610289059548e-03
-7.186147156329468488e-02
-1.221866631392916173e-02
-6.459790319015381796e-03
-8.899690392155958085e-02
-1.055556009219132674e-01
-1.084230165229660980e-01
-1.626695117173362348e-01
-5.034943694949157306e-03
2.223324028531131757e-02
1.731044510763916910e-02
-2.793604202158659136e-02
-4.232238332670318348e-02
-6.079451758997255623e-02
-1.063845408715024567e-02
-7.195490019255826319e-02
-1.284637942413016098e-01
-6.261396986843577143e-04
-3.018515472362448548e-02
4.505790370552046481e-03
1.781507878519413696e-02
-7.572522170147016896e-02
-7.663409134652941768e-02
-2.630067352223083420e-03
-2.890103180018588347e-03
-2.692446091213410511e-02
5.383071729685080277e-03
1.216298345604634595e-01
1.421611662658281705e-01
-5.366782235391517192e-02
-1.697984323741491552e-02
7.022284448183700734e-02
-7.760443823996064638e-02
-8.832467068350682848e-02
-1.029861916094480800e-02
1.271197446718035258e-02
-4.921640936274894462e-02
-9.568770128797424168e-02
4.861215463501113859e-02
-1.272881551932581179e-01
-3.745792820943882884e-02
-2.761709486653870366e-02
-4.271610413158753207e-03
-3.499829643426689840e-02
4.368144658001239106e-02
1.874732363060947482e-01
3.415411470299781899e-02
-5.539600760327187401e-02
8.997359788063619135e-02
-1.495020550780161439e-01
2.053393434534035722e-02
7.900223897300925890e-03
-7.969218482768124223e-02
5.759971837766705849e-02
-3.484921403078836827e-02
-1.067045062102004310e-01
-8.135045227399589213e-03
-9.376727294389430867e-02
-1.369009610606489458e-01
-5.820502173417431424e-02
-5.360602867811189304e-02
-6.409078604161205783e-02
-3.649443179229645007e-01
-1.033218373024573644e-01
2.164557495817177046e-01
1.094867740082983987e-01
2.948270030568731492e-01
1.736985451310108647e-02
1.342137886997921137e-01
-1.276506472613077869e-01
-7.735928595321103773e-02
-4.554177108021321280e-02
-1.671062421786904950e-01
-3.996854483413785769e-02
-1.797636064310150217e-01
-4.712589565550491522e-02
1.919599445649813885e-01
-6.915570375749276189e-02
2.016568556472451701e-01
2.017003200128483220e-01
3.338030670782488052e-02
2.149715656273383513e-01
9.002377198820302184e-02
2.601495314450287255e-01
2.089113287607540503e-01
-6.508933630287026817e-02
2.842093959150295696e-02
-1.866106409500662144e-01
-3.088202462534407333e-01
-3.761543299169108762e-02
-2.546860643941176172e-02
5.422124398500179077e-02
-1.407499177576074789e-01
4.234394837509002779e-02
1.163752793866701662e-01
-7.087130488914221427e-02
1.530554244456573676e-01
7.626080470508575515e-02
-5.250599116114149090e-02
-4.211674794530986116e-02
2.546611418601835500e-02
-1.188561497850956217e-01
-4.330041193921324583e-02
9.348748544875696577e-05
7.546682598351919097e-03
5.641955524758479612e-02
-1.645260595955340063e-02
-4.181352007704333684e-02
5.850782348120944082e-03
1.981446903499796755e-02
-2.828004538539099361e-02
1.884801941245186491e-02
4.165443679353387357e-02
3.079415398094631495e-02
-1.236001908029256847e-03
-1.100072718289523896e-02
2.861045682389943279e-01
2.024703914806321586e-02
-1.442644026365326460e-01
1.978321841550746002e-02
-3.803455545977365571e-01
4.603675794909359298e-02
-1.640004779633192633e-01
-1.085071620567245460e-01
2.206424166180683544e-01
-9.778410658441767656e-02
-1.076777819243334156e-01
3.719727837461411085e-02
-1.003230925080025315e-01
2.349795507645843426e-02
5.368235254875922818e-02
3.005085256053983619e-02
2.070524693765088409e-01
5.881830652661585584e-02
-3.718672390752255502e-02
-6.443296880123286496e-02
3.826921856920639797e-02
-1.296653706757942282e-01
5.136310882178439507e-03
1.367546495567951437e-01
-1.277962473279752598e-01
1.175954238044640832e-01
7.093956580501098452e-02
-2.953068303850412205e-02
-4.589381984323170210e-02
1.276235014861663852e-01
4.074737957768054253e-02
-3.331393554698231646e-02
9.585952819008407982e-03
-3.178878466795601737e-02
-9.789486846136642717e-02
-2.702775438190001267e-02
-2.397967438289392780e-02
4.534579977859188454e-02
-1.270411456843206950e-02
-5.811751866565617597e-02
2.073520140751752491e-02
-9.047629050354114022e-02
-7.788862041658373148e-02
-3.528970925767731248e-02
-7.708869526586797916e-02
2.681687624798359537e-02
1.459027980118558603e-02
6.326315485897068824e-02
-8.075544993508255998e-02
2.103015659525160966e-02
7.532234494825942872e-02
-3.369468635398732703e-02
-3.030356023669159514e-04
3.914605304408740050e-02
1.054249938413670262e-01
-4.725956432769307797e-02
-1.118517320209781729e-02
3.070384444094412593e-02
-2.639816582060479089e-01
-1.065942186247092610e-01
-3.766178608870292960e-03
-9.472556401228994505e-02
1.710069262877393914e-01
-6.942311610515264353e-02
-7.528064509129404891e-02
-2.415314297550173739e-02
-2.635854181066792437e-02
-2.304780851603917616e-02
-5.042293831717923475e-03
7.390036931802775565e-03
5.994516494922317619e-03
3.354060212104430921e-02
-8.840717283066756860e-02
1.915594216215048750e-03
-2.757337694413594664e-03
-1.839088184938330803e-02
2.706709253870621945e-02
2.510668789639215054e-02
-5.915782096630049086e-02
3.545067188014679183e-02
8.575338956100757651e-03
8.083187792199731520e-03
-7.188364012643538165e-04
2.708469630353337477e-03
9.909482851836689567e-04
-4.191762459624612594e-03
-3.673424949757609151e-03
-2.524225397816060035e-02
-1.892238388577306349e-02
6.971529070975502999e-03
-2.719003226895521687e-03
4.499929730626662377e-02
-1.266127040992595480e-02
5.287085251516358830e-02
-1.896405636863184724e-02
-4.361542362146140356e-02
3.359403665039850662e-02
-3.074317248514678996e-02
-6.269592453258703013e-02
-3.597635396708135161e-03
-2.747359042972194465e-02
4.225467533670449610e-02
6.598924917602277951e-02
5.244099782900450007e-02
9.668008363818914042e-02
5.677516502264928072e-02
2.414515339468490882e-02
6.652527147931293350e-02
-2.486263299024992282e-02
-3.527550498693676762e-02
-3.154015524284774913e-02
-4.076420470414758579e-02
-3.373969260644237023e-02
-8.196562519974290306e-03
-6.261844345720507521e-02
-1.261488859344275792e-02
6.986958770040250025e-03
-3.476198525194952593e-02
-1.067064371381214703e-02
5.513884291728699677e-02
-2.899818982316249710e-02
-3.553501821418511564e-02
1.201632067971250377e-02
9.665780278992503480e-04
-3.146387951822225693e-02
1.265766967649561460e-02
-2.783593902348166504e-02
-9.883682701865592959e-03
8.034096556842224360e-03
-1.928315181721970348e-02
4.673142060912705356e-03
9.036913717267284346e-03
2.096624596633348686e-03
2.220733799305256006e-03
-6.179939754000539701e-03
-3.052735423063855646e-03
-7.433597260010229614e-03
-1.629453782938089512e-02
-1.789660459187372363e-03
-1.024411160321651859e-02
-9.398329474354606347e-03
4.604318951482770650e-03
-9.748989793922727479e-03
-1.206914608365098306e-02
-3.405576258431877029e-02
-3.218443336290725820e-02
4.557022035930284598e-02
-2.055211606845443184e-02
-7.693133868644490975e-04
2.286245741675540372e-02
-1.931080998111606509e-02
8.385617956415630445e-03
-1.234780785970600835e-02
7.766264796864912057e-02
5.235782862680860711e-02
4.468662972316766319e-02
8.231537848278859537e-02
4.011598802994404550e-02
1.136471410767916565e-02
5.657217024893135965e-02
2.841595864501941099e-02
-1.634899630218707503e-02
1.713983983357693711e-02
6.469431949260619208e-02
8.964377401878229068e-02
2.214175723684477792e-02
4.529787558871731235e-02
6.708520326533412570e-02
3.582020259065470807e-02
9.670297320874161884e-03
3.050734500495394172e-02
-3.428491226006988302e-02
-4.049225902963191071e-02
-1.942604796347134968e-02
-4.097883373299308907e-02
-5.365581401548739221e-02
-1.305981258282168551e-02
-5.840129203749952480e-02
-2.953131525336371785e-02
4.859566285184337142e-02
-5.351565066949596355e-02
2.634595899690155268e-03
1.201319684592928524e-02
-7.797201998571661255e-03
3.098216411185719665e-02
2.867073109471057063e-02
-2.447519697566206184e-03
1.025657710692599346e-02
1.991721710916409885e-02
-5.870004164907111077e-02
-6.065410872642118534e-02
-2.557345534086770747e-02
-3.491797134616540788e-02
-5.816010901055095050e-02
-4.389094100423870243e-02
-7.855857027021580230e-03
-3.000580419897281095e-02
-3.938758529588502061e-02
-2.471113168772822929e-02
-6.773443178916933871e-03
3.065495209733936841e-02
-4.763773150233053394e-02
-8.710471272847816835e-04
5.500729843389529777e-02
-5.484072218437096441e-02
-1.747583921792398090e-02
7.272700268498280898e-03
3.214488239995992591e-02
5.797009636782373895e-03
7.389588618025740019e-02
1.816539451988199647e-02
-9.399089558038014464e-03
9.127367513480816319e-02
6.136585002711182797e-03
-4.350454742478192943e-02
3.011696505133439755e-02
-7.591791570739509984e-03
-7.967235875330393180e-02
-2.261022804493001068e-02
-3.807833603283072854e-02
3.180098899257132600e-02
-7.594636434019143637e-03
-1.884962204568812680e-02
8.660929159420490200e-03
4.942187527450200152e-02
9.026891197816694010e-03
1.069386369009473663e-03
-9.644332913810690563e-03
2.323574212926292695e-02
2.097580915257906894e-02
1.065609022765959951e-02
2.458796012217817281e-02
3.835839885212696809e-02
2.552236411774187752e-02
-5.866415618867207998e-02
-4.316812537550145795e-02
-1.759762113309839074e-02
-2.302345773433598503e-02
1.341440161431603495e-01
-5.576190346314482266e-03
-1.221860218945260319e-02
3.379054073389038682e-02
1.433507928212142922e-02
3.120350044939719514e-02
3.423345714939621948e-02
-2.971453734387402915e-02
-2.525061945123296264e-02
-1.975202392782338112e-02
3.275441254689343690e-02
-2.869844028371976163e-02
-5.464750943724266952e-02
1.782702117441477274e-02
4.907457940329411350e-02
1.027590234435497678e-02
-3.771613565816286234e-02
1.812847029774245292e-02
2.592118606951953827e-02
-3.946818900515234457e-02
-3.618979741997602889e-02
-1.177182017152135149e-02
-4.486242396264732146e-02
2.493392129823466738e-02
4.470089099929480496e-03
1.130014789265867958e-02
1.263173619411685211e-02
-1.033687522968159203e-02
5.797572739958935240e-03
2.418179337294118492e-02
3.296837341186394793e-02
4.485095402172190743e-02
2.207406822426898757e-02
-7.671525696592067234e-03
-3.944659421232263319e-02
1.193871912296190843e-02
-1.271823734055375996e-03
2.009022516303630990e-03
2.024910768961314667e-02
3.108730310009687886e-02
4.908813728922273301e-02
-1.376902883209303943e-02
-9.066351218463062148e-03
7.721155507344129761e-03
-4.068821837451865910e-03
3.752859967841602317e-03
1.020328587933840882e-02
3.081174632902133545e-02
2.729259909417003013e-02
1.304652374117090848e-02
6.126844418284042165e-02
2.897893597711915722e-02
5.453434770930133679e-02
1.749444179990595344e-02
-8.306215122261212391e-02
1.982809176898728265e-02
6.554475425575284793e-03
-7.299637012547650905e-02
2.574005454772545012e-02
-1.965799914822775191e-02
7.107588870539111037e-03
2.284330629331500495e-02
-1.545419395908355711e-03
-2.160936870347049052e-02
-1.118949811846426182e-02
3.597118071278020135e-02
-8.181507944988062817e-03
-1.093452029230545033e-02
-1.461823641757030792e-02
-8.585583997903383988e-03
-6.957434137496936767e-03
-4.272696980380506770e-02
-2.338555875583752525e-02
-3.086989697302003734e-04
-1.419350682843799685e-02
2.379033119802331439e-02
4.568436200813606740e-02
-7.544882508234679319e-02
-5.353380018393307654e-02
-6.575117039412316233e-02
-7.372140367805626870e-02
2.210670619796196307e-02
-6.100381626006134289e-02
1.402758062092133301e-02
7.253390712087764980e-02
7.041035088583115845e-03
-2.045189514464699695e-02
-1.870235619702082311e-02
6.208362621301862644e-03
-1.899103675711363154e-02
-7.363650104764011932e-03
1.180544525713458220e-02
-5.298215777723505604e-03
2.377333080130681828e-02
3.380165911745800639e-02
-1.989634586574676959e-03
1.440932330485353351e-04
2.366434068354321407e-02
-6.088548205342976180e-03
5.468335605965507756e-04
3.558953615920613239e-02
9.987301266795232252e-03
2.035582521833518774e-02
2.976345425744490389e-02
-4.428379112193265611e-03
-1.011815091536407037e-02
7.361244229628537833e-03
2.346778527050577198e-02
-3.520532065138945454e-02
1.405584399827521959e-02
5.726240223553420716e-02
-8.968398778925811693e-03
3.600512892546054583e-02
