1.958647608963783038e-03
7.281176137923103253e-01
4.671658858232079492e-01
3.613212715117436469e-01
-1.475439414195081067e-01
4.920007978629541423e-01
-3.323633071056038002e-01
-2.272759129295152114e-01
2.777174298723606438e-01
7.015321695442320316e-01
6.074936164699508423e-02
6.061299868477975084e-01
5.487166190142771516e-01
8.115954026903540175e-01
7.881959703840090148e-01
8.524088614821564991e-02
-5.560729070532348661e-01
8.148703971613082686e-01
-2.052740739310778828e-01
1.236311564517278971e-01
3.511225120454396498e-01
-3.010899809201679767e-01
-7.179690759536039302e-01
-3.420466735293531402e-03
3.379084066151363253e-01
1.657381603646744250e-01
6.855030456102291225e-01
7.033428075827710124e-01
-9.422472808237772890e-01
3.473402756967346461e-01
9.605964946637910451e-01
-1.283720308860673287e-01
8.435259400848970079e-01
-2.757230931852753253e-01
-4.569173960622753827e-01
7.593052270302903528e-01
-2.390982943751905343e-01
-1.999425682974521612e-01
3.645492641069935091e-01
6.291853690076043559e-01
9.517695615496992723e-01
1.932658133659163613e-01
-2.675503995961679704e-02
3.594013790478882697e-01
-6.058985679949092928e-02
7.448731120300332575e-01
7.073565753820598712e-02
7.805356927085040919e-01
1.954088061892606809e-01
5.108783117187739586e-01
1.018699852698180974e+00
2.774255154458741268e-01
1.084663037523048157e-01
1.260912554430821730e+00
2.027482049761357430e-01
8.270088435225330104e-01
1.799229556825323040e-01
-5.329806025477400455e-01
1.342710022719418195e+00
1.070575987775962412e-03
6.696127541247525183e-01
4.116360007192778059e-01
3.028827027189819332e-01
6.256718056912460857e-02
