-9.656314119831377329e-02
-1.622811652721511955e+00
-3.576479149125669776e-01
3.630363266764762287e-01
-1.766839334281755658e-01
6.093637030543123112e-01
1.198600267634686301e-01
5.832755358076409102e-01
1.188208460217258677e+00
-7.287211501389352364e-01
-8.917011768954352657e-02
-1.066302228802626928e+00
4.562732172005607989e-01
2.750571863073276724e-01
3.939084199657597596e-01
-8.565312321794382733e-02
5.515727903757899897e-01
-3.866869870975164769e-02
-1.791081535290432569e+00
-6.296435978068917194e-01
-3.529805565059047634e-01
3.412265631433911706e-01
-1.001492749766567547e+00
-6.726334085413259167e-01
-1.893293684145602951e+00
-9.220164710517391171e-01
-5.519618985178030846e-01
-3.658831112341022207e-01
6.675272841166599580e-01
-3.410198163793641823e-01
1.051040773845529408e+00
8.250235213312866467e-01
