-3.866989784081364262e-02
5.022866112524305808e-03
-2.423814892918750227e-02
-2.161967829418881201e-02
3.908836838891611987e-02
-4.314037767336245492e-03
1.327676720477801387e-05
6.924933643786705673e-02
5.561973624248015696e-02
-8.255898077300434512e-02
8.499344500961807103e-02
-3.329276157179432427e-02
1.830482069328971118e-01
-1.768054340396021593e-02
8.984524015779674078e-02
-3.616303756089910698e-02
7.796581106307330644e-02
4.006822558874124918e-02
-2.911831978245659966e-02
-2.564028452262850366e-01
2.485107915145183533e-02
-5.356891431968338613e-02
-3.178695897606821363e-01
-1.712965214976073514e-01
-2.503601849439834326e-01
-5.087759751891981486e-01
-2.473396744940138670e-02
-9.260423577092759262e-02
1.009200344418943740e-01
8.885012695987498654e-02
-2.271527193539373823e-01
-1.639741666493633454e-01
1.473062211205236338e-01
-8.850297822482114385e-02
-9.944126540834420658e-02
-1.219718235255909805e-01
-1.017876199111406206e-02
2.028976173084238999e-02
7.373238592113283418e-02
4.706826889629039945e-02
7.022896108020679207e-02
-2.230773872250526105e-02
4.573235435397442900e-02
-9.452850283619300409e-02
3.743503215974030018e-01
-1.417412436522940411e-01
3.041788438901474323e-01
2.107499986230003397e-01
2.051474822108481297e-02
3.176902853531440862e-02
1.042741305278806485e-01
1.473474735372454492e-01
-1.894931568383312892e-01
7.514894804114365112e-02
-1.350960121731995811e-01
-6.734169643518740644e-02
-1.722355348017356180e-01
-1.934658898842771604e-02
-1.608499840771011047e-01
8.569873186608371884e-02
1.761268320760285555e-01
2.322695773855561543e-02
1.769264327600783004e-01
-6.908399794205817568e-02
4.289007237264264027e-02
8.931429289242019676e-02
-6.762505628354037457e-02
-2.889963621059899249e-02
4.741547992406958296e-03
-5.163677480086603482e-03
-3.466056510091845844e-02
7.215839841154797485e-02
1.368194919876385696e-01
-3.617010581287485871e-02
1.368386874180615165e-01
-1.097033614387493694e-01
1.934996676772194613e-01
1.148252223042982127e-02
-8.106019328817341829e-02
1.813988106532863076e-01
7.571818550259780400e-02
-1.357256947318437601e-01
-6.477373091702197383e-02
9.736162744695292526e-02
5.832240651419712957e-02
-1.020219171868202435e-01
-8.227496601351339325e-03
2.117262053734784155e-01
1.473846242141782503e-01
-7.274274732196751858e-03
6.725800720007038547e-02
1.685531530026378177e-01
-7.584491040432939091e-02
-2.773892600273928366e-01
-2.826089549572360915e-01
-1.711321479454812463e-03
1.759114733816596055e-01
1.376713714715585395e-02
1.092846308726520693e-01
-7.955366507315532465e-02
-1.349298613628592547e-01
-2.874215906386025365e-02
-1.522062531213809640e-02
1.008673884335883897e-02
-5.457256051304178873e-02
2.272332130651205095e-01
1.371994659540117234e-01
-3.690111108669429096e-02
1.719395680170104634e-01
9.052728775559028274e-02
-3.511817416241824197e-01
6.960773536252364002e-02
2.290528675255922714e-02
4.005832503921510912e-02
-5.818926767765222885e-02
-2.539590024771447019e-01
1.099214723840276492e-01
-1.016260214047316895e-01
-5.986181843647526285e-02
4.019407508815293628e-01
-1.202173239735808002e-01
4.356471729355691491e-01
1.346323755895494079e-01
4.568538807096222260e-02
1.037281946127444482e-01
3.489469549065239012e-02
-1.010112266923115648e-01
-1.643963887491258630e-02
-4.906029667277934242e-02
7.620277676930927932e-03
1.878412603541550555e-02
-1.652502873857948640e-01
9.645908294072938483e-02
8.774705772844387797e-02
-4.870893168352800201e-02
-1.697339584442983662e-01
-8.288033567488524433e-02
-1.522470075758275941e-02
1.939904863158662951e-01
1.374124068178878832e-01
-2.022682963570204551e-01
5.817082465807595776e-02
-1.765027924585630403e-01
-4.207485175930608667e-02
-1.719249941029428116e-02
2.407178427089693915e-02
-4.185263735296278209e-02
-2.096011879911552633e-01
-9.996789252309011553e-02
-3.571702774307085326e-02
-7.792066714602634281e-02
-9.315504958717420181e-02
3.492768526180722172e-02
-1.578850294505707574e-01
2.315690477770082911e-01
-7.493877782171635971e-02
-5.565041506930275272e-02
-8.140702465926849540e-02
-7.633939475692519405e-02
2.483306360706469262e-01
8.463651431236045297e-02
-8.302156257265817796e-03
-6.392351436356924488e-02
3.400703342315101740e-01
1.140251365938319272e-01
-9.890857332091851362e-02
-2.179690815423101502e-01
-1.287655804829283823e-01
-1.446879163580389038e-01
-2.554394340372505567e-01
-1.059969289741198861e-01
-1.018038852124479067e-02
4.488097858853954403e-01
-7.111600905354323321e-02
6.793379698213988793e-02
1.809818684812103673e-01
1.273851356164713566e-01
1.452502407367783077e-01
-5.729722318214355847e-02
-1.299433037069896435e-01
-1.207898208296477316e-01
-4.535246397942512692e-02
1.202132214544243266e-01
-1.261394708580623192e-01
-4.887987572167518113e-02
-1.058520844332088151e-01
9.892121644063876784e-02
-2.202428749400906979e-02
2.997005699787910205e-01
7.333342688405815324e-02
-9.585121159832152293e-02
2.726422675288715444e-02
3.039641511744577418e-01
-8.859870190560015235e-02
-1.541002793691957640e-02
-1.351674888638031424e-01
-1.052447635298467410e-01
1.834687935868976327e-01
-9.847852125435087312e-02
8.118325403522047568e-02
-8.058650041708388667e-02
2.032063787367939175e-02
2.064227668531467552e-01
-1.312277674956752876e-02
-9.545070732063390406e-02
1.192022451641474440e-02
2.725120140722428475e-02
3.476985121150967528e-02
-1.186906488940151286e-02
1.179440246893034144e-01
3.743246368624086884e-02
1.371385938765475911e-02
2.555282573375612931e-01
-1.023246082396113005e-01
3.692403557169925132e-02
-1.290317963759289310e-01
-2.434951985174461098e-01
2.562376616500089965e-01
-3.148733416577828570e-02
1.365148760579456555e-01
-3.328041127378087993e-01
-4.992954810036847463e-02
1.874978950115259169e-01
-1.275595718073348483e-01
9.922060316273913216e-02
3.100308808213849202e-02
-1.129034367194000493e-01
7.036904276210969103e-03
-1.355735439077224991e-01
-1.792277023100335154e-01
-9.225829686134966179e-02
-2.765944246876327322e-03
-7.314431112523790690e-02
-3.448793295839496648e-02
-5.882912931832516568e-02
1.250368134971089340e-01
2.020200792335135886e-01
-2.682980728731509390e-01
5.863869627946838303e-02
3.486227980010430660e-01
2.225740854711346153e-02
5.484842321758034295e-02
-2.668345079377243065e-02
3.299257170760141328e-02
-7.034923294831493812e-02
-3.603831659593847991e-02
-1.439563614006610093e-01
1.417061486799422142e-02
3.273809019812145005e-01
4.362426135801170113e-02
-3.967922869794223567e-02
-1.139287453498878146e-02
-1.555540462073387031e-01
-2.013687441591639066e-02
1.110269915465767199e-01
1.146505381723437675e-02
4.345263888502966937e-02
1.007483569909765064e-01
4.492930942146264317e-02
-6.108947664367806590e-02
-3.134365754893478351e-02
-1.162440685680494329e-02
-1.080841881866007326e-01
-9.326951099677012469e-02
-5.290109823372255576e-02
4.105708445135428653e-01
9.259426047517005376e-02
1.521214195652252806e-02
-3.225748300183569478e-02
1.191611013018845366e-01
1.592881877698283932e-01
1.591960845965335325e-01
-8.321251009863782355e-02
6.581608840400481053e-02
3.763597248379187479e-03
2.663897584278901443e-01
5.977993916642117961e-02
-2.857353708175041588e-03
-1.171806116506765583e-02
-2.192455060970356917e-01
-1.365426977695028965e-01
-1.538231859843110227e-01
-1.280602541161616481e-01
1.171295858540860185e-01
-1.095871132324349462e-01
-3.369358803807369351e-02
1.763175296095151057e-01
-1.461675773288444447e-01
