-9.475756670303862872e-03
-9.777843897324966973e-04
9.554834557314136056e-02
-1.749154728238946632e-01
-7.350909875624504763e-02
2.553148793715272480e-01
-8.488620625133158626e-02
-1.000842008800297833e-01
7.590060769271432528e-02
-7.102333684772953182e-02
-5.479988804955231857e-02
1.020452832418908828e-01
-1.991433444496675809e-01
-8.578032765214203825e-02
2.872390095604647198e-01
-4.002928094619700311e-02
-5.012603613691919702e-02
1.203086238254394563e-01
-7.583528086695717763e-02
-5.281206332750130322e-02
7.381054824981346518e-02
-1.668542248684166396e-01
-6.495994332577444130e-02
2.395810931417381440e-01
-3.950007890374348379e-02
-2.305591278595104862e-02
1.202744578658570818e-01
-1.985101334274453344e-01
-2.052213035838021948e-01
-3.728431270442439383e-01
3.750114273299081091e-01
-5.718162704840012989e-01
1.289463702867177930e-01
3.102659231129208384e-01
5.192774994421996970e-01
1.405767183956914690e-01
-1.224654200288530920e-02
1.168938262329044520e-02
5.671126812411408230e-02
1.334660368245909334e-01
-8.542099694414263533e-01
3.501091155435235303e-01
7.003875797191947555e-03
-2.149657181188081856e-02
1.589400882509655125e-02
1.393749475840107832e-01
5.052794880119761967e-01
1.071202064363229178e-01
8.891529511565990362e-02
-2.456628944989327490e-01
2.612586279313858784e-01
-2.773975097381373711e-01
-3.125552234246237737e-01
-2.648950066542871129e-02
-1.100948416809488101e-01
7.688470055702952832e-01
4.006720317498067563e-01
9.569790082283924360e-02
-9.255075670499718354e-02
1.508872198738534232e-01
-3.380365344584048137e-01
-7.518229083362225340e-02
-7.550630154145850093e-02
1.092297329435048259e-01
-2.101418846701159637e-01
-2.252307394266065133e-01
3.197852081284815462e-01
-8.216715544188668563e-01
-3.398685169937513129e-01
6.711778228338700913e-02
1.872957785770982542e-01
1.361663715727672308e-01
-9.934433545426978041e-02
-1.491730920475675404e-01
-3.874657838967429657e-02
2.557128540762207414e-01
-3.687723511985837033e-01
-2.757004855903747234e-02
1.751875361415187182e-01
2.816049932373995701e-01
2.704269655745609735e-01
-1.135566978773245271e-02
1.303464959367042590e-02
2.816574799180698169e-02
2.966874516848426457e-02
5.322163514637848203e-02
3.651771393861489700e-03
2.540261367402676593e-02
5.169885578572130241e-02
9.553219767666258633e-03
-1.686533100601680241e-02
5.953613498739079510e-03
2.458099185175318703e-03
5.835135180489971901e-02
7.872330934223623067e-02
-5.504846173259993897e-03
2.052559070661397200e-02
4.020610414526315513e-02
-1.190312042445805171e-02
-1.620569120938449709e-02
3.477196358488577471e-02
2.666278126980861640e-02
7.309991966702839017e-02
1.065470032034847442e-01
3.845618096622997056e-02
-1.663100736351326306e-04
2.471047499494311711e-02
-1.030623093839104672e-02
8.857058742641558957e-02
-2.181107252447365800e-03
-1.203430615475764159e-01
1.557058178333571297e-01
9.828340209753561388e-03
-1.533307196006793716e-01
8.786265893086737944e-02
3.366431467211700168e-02
-9.617185251609375318e-02
7.370423650390903192e-02
-4.154267850607201717e-02
-1.370520776396473572e-01
1.477868484922095771e-01
-2.322303962491478399e-02
-1.610259873086104243e-01
8.450134831903152732e-02
1.759413871976465288e-02
-1.031274326279943698e-01
6.898399509360658710e-02
-1.231478017585495473e-02
-1.129826141367266529e-01
1.438083515530911016e-01
1.686673575133182737e-02
-1.102465856706395519e-01
1.039402933600889201e-01
7.031976300221991216e-02
-2.588976114280638202e-02
-3.672418197047825489e-02
-2.381628181750177278e-02
1.004812750340735444e-01
-1.012599402186108166e-01
-8.149270046923097477e-02
2.985088051680641619e-01
8.976551526972036468e-03
3.447238512586050518e-01
2.411091870668782555e-01
-6.161666908344160670e-02
-2.104986041542117603e-01
-1.476298969425195173e-01
-1.880390432508227960e-01
-5.558715260575437522e-01
-2.761050125149743795e-01
-9.150750109851726877e-02
-1.428508878034391305e-01
-2.233613175083371816e-01
1.777592893271192631e-01
2.233256870597314647e-01
2.799575930402107768e-02
2.294328515224542953e-01
-3.385709742499673491e-02
-3.297018640973672921e-02
1.847243083062287405e-01
1.213872586423077604e-01
-2.751677786376791404e-02
2.151751437355627766e-03
-1.467025613082885427e-01
-1.509639537520869046e-01
-1.089441224008121517e-01
-2.056649776572580246e-01
-2.031927958732354378e-01
-8.131946296324199519e-02
-1.703710677667702733e-01
-1.940910387350685828e-01
1.070222463547817887e-01
2.409325245319844933e-01
1.376103283105150343e-01
2.588125037940053330e-01
5.645991274073818289e-01
3.970576493422120490e-01
1.696402389696285706e-01
4.244182081651796112e-01
2.342902538088490472e-01
-6.335321582875980129e-02
-1.449635675760898024e-01
-4.961583687818171134e-02
-1.671595715354567968e-01
-2.932104022109356944e-01
-1.330249826684128389e-01
-1.197485017185670048e-01
-2.536139889054749852e-01
-1.329767939331918392e-01
5.661722423493287942e-02
1.438167025067738636e-01
7.170594550965563030e-02
-1.867974312926364705e-02
-5.008874903561004411e-04
2.956367177625519871e-03
-5.430069494461669394e-02
-1.386089163303266536e-01
-8.130944983525918712e-02
2.955090414369221027e-02
3.105511263439822423e-02
1.057339346860183132e-02
-6.666468844279187234e-02
-1.376581767572904180e-01
-5.986794891199157670e-02
-4.785969800713373717e-02
-1.737672762629486611e-01
-4.851725926736436684e-02
4.842577272295786606e-02
6.935051082667720301e-02
3.228747514263583668e-02
-2.545552284948777305e-02
-4.490448897265231221e-02
-4.367551697043074201e-03
-3.094049930165296974e-02
-1.009158212148149047e-01
-8.464510250437476055e-03
1.001027339255711746e-01
-4.640565106888249608e-02
9.750696290909732777e-02
4.898750112750986825e-03
-1.960588391280947695e-01
-3.129045110087756709e-02
1.345947636778118683e-01
3.958390273268363319e-02
8.228808934770681649e-02
9.249636743672583206e-02
-1.619641306011354032e-01
2.482169786503777426e-02
-7.331032727098568680e-02
-3.292158345420739263e-01
-1.269271294395850902e-01
7.167271170405740965e-02
-3.224448118287782244e-02
5.333890515546983735e-02
6.640948062191449940e-04
-2.034892604172268693e-01
-4.034669225381541657e-02
-1.247971495300261996e-01
-3.207393434592528680e-01
-1.391979575288916915e-01
-1.231583817945470886e-02
-8.879827749899669997e-02
1.331920480924004939e-03
-5.398797677579256910e-02
-1.137072680180310630e-01
-1.438898826713106219e-02
-1.817031738857000367e-01
-2.136987260306860703e-01
-8.786214950855589234e-02
-9.844382632403182731e-02
-2.717428310356572174e-01
-4.481782638797453255e-02
-3.656591409662681216e-03
4.735579168178100790e-02
8.093530423237892471e-03
-8.620971627171046927e-05
1.179478966999803757e-01
6.485643687415114378e-02
6.039295758332719616e-03
-6.053044527989892565e-02
2.989574335201475655e-02
7.512686179378934639e-03
1.077055829619365107e-01
5.798917059437990991e-04
1.311627801688037831e-01
3.127888111639903768e-01
1.297265887029877829e-01
1.010758643717407784e-01
1.114356180036679689e-01
3.426371126080333257e-02
6.447624436145346638e-02
-8.994523763992030158e-03
8.852775750637385810e-02
-2.572650416159099063e-01
-5.637628585970014816e-01
7.264483681735267595e-02
-1.879325476722814581e-01
-2.634495431845893521e-01
7.149455031002358019e-02
2.275203893866417637e-02
1.959452980475346884e-01
5.921890217159045053e-03
5.886310810719376507e-02
6.551774691956936680e-02
1.591785201944900530e-01
1.819497610143710684e-02
1.888757603713709654e-01
3.707172082181757478e-02
-5.592230878033879748e-02
8.008547063087720352e-02
-2.071763284556774609e-01
1.749224801646167005e-01
9.434953350215270762e-02
-1.318603066234604326e-01
1.766303290691423611e-01
2.190587503804665159e-01
-1.632767712585630748e-01
1.408457664109327157e-01
4.178468643399567140e-01
-1.218569579171873835e-01
1.604495978696556524e-01
7.209702301569452798e-01
-5.190840457779083428e-02
-4.786094995977863142e-02
-1.499424035464567151e-01
-2.538430846315934963e-01
-3.614583027510182706e-02
-7.630741810448742057e-02
-1.705376823666942543e-01
-1.493474685104505539e-01
7.755302489293169899e-02
-8.583122370585144489e-02
-4.067889269104183608e-02
-3.447269277947543897e-01
-6.149892769112969004e-02
-1.409201602598124103e-01
-1.438474601771700667e-01
3.454672022331942843e-02
-1.798551807359763111e-01
1.992005263116146396e-01
3.075598948896917095e-01
-3.085027633025687333e-02
1.120694391046985101e-02
1.707969593515605011e-01
-4.053495315439125529e-02
-6.314021620602415508e-02
-4.364289474544319480e-02
8.369112063598665996e-02
1.299870567133773469e-01
9.206276318466552477e-02
-1.636067931859786981e-02
5.958635845387499907e-02
6.922162990888895175e-03
5.938825033308975376e-02
3.156430209509704377e-02
2.721857125284057877e-02
1.294848047560521465e-01
1.079679053967052549e-01
5.876825536294880137e-02
2.762282339049037735e-02
2.531657192992722849e-02
-1.114994673407995567e-02
3.943400619243658811e-02
2.540633453350293891e-02
3.726977294347847552e-02
3.998961563912383464e-03
-4.773329647731456432e-02
-1.663489193953265194e-02
-9.010404233021804266e-02
-1.352099189059608186e-01
-8.737513254968687360e-02
-1.162174375313938940e-01
-5.967215965993704491e-02
4.030171735979127395e-02
-2.800085872157233053e-03
7.935579716356931657e-02
6.145286263986558806e-02
4.379740887030388052e-02
4.953890314592098582e-02
2.157769091174003163e-03
-1.123976680405543854e-01
-6.387397018777479785e-02
3.041724566728741183e-02
-2.169291124678597929e-02
6.855386844392788448e-02
4.203525244603132510e-02
9.127931305790005015e-03
4.030642863273205950e-02
-9.349948065728284213e-03
-1.148274274568946846e-01
-5.028265556001288578e-02
5.739590702314382314e-02
-2.229644903925328409e-02
8.706864785177582944e-02
6.778892239994739610e-02
1.620163281902072677e-02
4.556016926232579756e-02
-9.375076206811494561e-03
1.704655593974698999e-02
-5.772346766778466837e-02
-1.135288303108068636e-01
-6.099900080639687056e-02
-1.639235822478156968e-01
-2.037663879915285470e-01
-6.990914995752758876e-02
-8.848961114417307205e-02
-3.481231573774405674e-02
4.433143269723586327e-02
2.069663254615508249e-02
-3.009127855843249724e-02
-1.629235538845065501e-03
-6.841955747902159213e-02
-1.087098354423387397e-01
1.763784388075256490e-02
6.146465128114161035e-03
6.620967687776722899e-02
2.308685287926232760e-02
5.251801476022163045e-02
3.575526692232558479e-02
2.480538818046816585e-02
2.951795688016370985e-04
-2.544074100456886200e-02
2.218728947329095397e-02
1.903962102977281926e-02
8.491794667686029807e-02
-4.121469965410267527e-02
-1.217565186355858836e-01
-6.344386157361131540e-02
2.399720789808980001e-02
1.956602079553820817e-02
-6.346799735677814865e-03
5.253085223548720900e-02
1.093490783712565279e-01
7.233610208200942290e-03
-1.022069625231301626e-01
-1.552711967465315035e-01
-9.704474522008973980e-02
-4.376012218287483012e-03
4.597939861115318827e-02
1.148975315786807810e-02
6.879570455308867127e-02
1.705290637848687341e-01
6.428570071399654362e-02
-1.146330154553822506e-01
-1.426112717625907800e-01
-6.369623490911834052e-02
-4.699474345949168110e-03
3.210566534988024134e-02
4.183543750648952703e-02
6.463599796098190575e-02
1.583280105842678476e-01
9.310600740730547165e-02
