-8.778795303149627624e-03
1.291591906976982500e-02
5.750248269917746652e-02
-8.801193614615911154e-02
2.911693228696998325e-03
8.954103523505063666e-02
-7.179373526116754334e-02
-8.280869671030793855e-02
4.504105073362408597e-03
7.191065972180923915e-02
9.954069122147266024e-02
2.733495922462211847e-02
-5.400933269109919888e-02
1.360222918606857623e-01
-3.283044794728355587e-02
-1.448857455527651772e-01
4.151998016720544714e-03
-4.083347306037846125e-02
-4.607374671553731912e-03
-3.991038195716534870e-02
-6.487667171761153651e-02
2.820551409357030179e-02
2.832644999769600921e-03
-1.768459512111122955e-01
6.279949613855082165e-03
1.804568592265302571e-02
-1.017450282565595804e-01
-4.758423426956313418e-04
3.547144297856309053e-02
2.241813424869538648e-02
-1.200997949228425551e-02
1.418556144552029531e-02
6.092414956582083282e-04
-4.098245650847431171e-02
-2.941117915541777150e-02
-4.956011438856917917e-02
-6.737658897025882061e-03
-5.392716647655468321e-02
-6.471234254456430246e-02
2.762007615189365772e-02
-5.532690953725426242e-02
-7.753969499844505509e-02
5.990372886145199638e-03
-3.774147228476325278e-02
-8.169472992534215772e-02
7.604135573633385992e-02
2.845545111733297286e-02
1.582561601924600825e-02
2.357485481597532823e-02
1.558108142001958345e-02
-5.633824588503189013e-02
-3.356447861204136379e-02
-4.024648035874758834e-02
-8.061610421795380177e-02
-8.522544163149792240e-02
-1.375913718867040059e-01
-4.355326430295092949e-02
-2.593489055974364937e-02
-6.323066444828723265e-02
3.650722568809225410e-02
7.860711340999579355e-02
7.469552621557594418e-02
1.052418803841519146e-01
4.052695123999045662e-02
7.842696964197956588e-02
2.728890251351722210e-02
-1.975419812378334875e-02
9.465236963536651643e-03
3.818978853858125046e-03
-1.963745697829436671e-02
-2.433789648746862919e-02
1.989922548110559936e-02
6.668897480922359247e-03
2.647140158947842298e-02
3.029804516570777304e-02
-2.423848627560976424e-03
7.326876777615333458e-02
1.048880723712794852e-02
-3.762961910920786107e-02
3.697599802444941769e-02
7.253994840627876056e-03
3.748733008303013065e-02
3.531425593317995271e-02
3.447554026886515827e-02
3.513353096170439283e-02
1.205986595974133362e-04
5.264482651463979479e-02
6.325878688121851223e-02
-1.235011701370571091e-02
6.738857771612578873e-02
-2.525774782910172878e-02
-7.357081774874837943e-02
-5.557361656756228813e-02
2.450062499037240424e-02
-4.117150555078335356e-02
-3.281392190718367130e-02
1.080875632264528680e-01
1.011013250750903217e-02
4.305215947162934625e-02
1.635054433152490286e-02
4.953704858853615056e-02
4.647252717759890739e-02
-7.905264412006332217e-03
-4.368336596471256855e-02
8.409455645339669605e-02
3.160809860170525620e-02
-6.669188571058291826e-02
5.004974492862644675e-02
-1.751644889027479529e-02
-2.627517134700381798e-02
-1.091604778365433924e-02
4.009486602888626648e-03
7.943338936665584812e-03
1.701458312198713546e-02
1.167659728076236685e-02
2.101708551523843657e-02
1.902407601158901188e-02
-3.292194272155345158e-03
-1.547012951683138064e-02
-2.255374513316394866e-02
-3.944364139088449642e-03
-2.806761746776588115e-02
-2.500504968190200850e-02
-1.125222009738519220e-02
-2.317511317037763280e-02
-9.868035055561646257e-03
1.836311645984660054e-02
2.163363200577102241e-02
1.812445055034060323e-02
1.677634180033042016e-02
8.870292682252948688e-03
8.143353676511503811e-03
4.586072994961970517e-03
-9.117017946394989983e-03
-3.240671969303492161e-03
2.295679621963594898e-03
-4.887312213151564361e-02
-1.238628056743901890e-02
4.510111819254689763e-02
-4.640689839930054600e-02
-2.284762113845198103e-02
9.016604873665125253e-02
3.330506813469370081e-02
1.879907863990891090e-02
-3.316164817214505012e-02
-4.012171797258504841e-02
-4.753244667965198650e-02
1.007000730745680195e-01
-1.311333904294182673e-01
-7.931542531910841520e-02
8.713210919996463438e-03
-1.152700623438429745e-01
2.350901251968492804e-03
-5.514453315842353376e-02
-5.670242133938255963e-02
7.142593782040136674e-02
1.016927813160145855e-01
-2.300524148586548800e-01
1.462072817426111337e-01
3.458210240602163383e-03
-5.640443867256088317e-02
9.482483615443983160e-02
6.139424918563669842e-02
8.682116801162269304e-02
3.608608448317945222e-02
-1.447293888818860508e-01
-2.029581530703655490e-01
1.571296965585013694e-01
-1.415262196808820816e-01
-9.028032540378251591e-02
9.674209968007660421e-02
2.084323051467993834e-02
2.886106951717911165e-02
1.644202858388837604e-02
1.473067493612617053e-02
5.718947413891689591e-02
5.189839185352661949e-02
-4.018776526904459245e-02
-2.388978802751347101e-03
1.364197547680607962e-02
-4.105698560817860193e-02
1.920280320109200856e-02
1.180741613277420249e-02
-1.236099514785909265e-02
5.349222667237417406e-02
6.166837693211550675e-02
-6.828897423621758944e-02
-4.044926498775601453e-02
1.910626854858051005e-03
-4.584740745903555931e-02
2.614989825217477540e-02
5.548119744736418335e-02
-4.309673368084222800e-02
-1.316585944778633777e-02
7.637550725580569133e-02
-4.785043312404342955e-03
2.647965423217789327e-02
8.895632784963980466e-02
8.670067434313118160e-02
-8.359911119159163517e-02
-2.232827866410518058e-01
1.710343168060273478e-01
3.314188583312530773e-02
-1.703561000870106035e-01
1.485823760872128918e-01
1.061016550556829752e-01
1.243102301398660466e-02
-6.682310580688485824e-02
-7.586540301175883835e-03
7.528166792597668078e-02
-6.086898576705637026e-02
-1.794504134463803871e-02
5.919165674800423715e-02
-7.513211059727646635e-02
7.818957757036237161e-03
3.218481708806756464e-02
-2.754281107611043430e-02
-4.713268183196463179e-02
-6.044085980576077710e-02
-5.196182290602621538e-03
-6.159073662724642156e-02
2.562926016293120765e-02
4.191371249185180115e-02
2.430094560835412837e-02
1.279039242165082024e-01
-1.469878684068325406e-02
-3.519164529379544687e-02
4.031153418999732646e-02
2.959418223805212675e-02
2.833617656824273523e-02
-1.270041381527436952e-02
-2.518034673828056791e-02
2.987065075106332818e-02
-4.032145889760638258e-02
-6.167041530675903410e-02
-8.376668933534428887e-03
-1.884526437259795989e-02
6.029058211941953904e-02
-2.645772092521255642e-02
-6.066312576009542240e-02
1.250235939789499755e-02
7.873514953320675082e-04
-7.926413743827166736e-02
5.538464181740489732e-03
-9.431842077479642150e-02
3.486329915660402873e-02
-1.315166444424929922e-02
4.924815888694324129e-02
-4.813105358851300919e-02
-1.024683017286947689e-01
1.863149863842730042e-02
-8.871639730106420374e-03
4.485847515819080950e-02
-1.436634733056689657e-02
-7.442648466581995581e-02
1.076889433276171093e-01
6.151203953396990748e-02
7.880651243577554629e-03
8.153033903880947675e-02
5.091278823826480421e-02
2.367344562947302361e-02
1.058843999407633150e-02
2.409630743877658882e-02
-2.486904932912713251e-02
4.835580754731548005e-03
1.127376490148595221e-02
-4.231431841645517250e-02
-8.200032490346436526e-03
-3.402092005561591082e-02
-2.827019022512203966e-02
-1.747143944294561949e-02
3.608783590216928239e-03
5.229055138688864027e-03
-2.597755901937607095e-02
1.197739322579181344e-02
2.830781505883358043e-02
-3.064827444973491216e-02
5.708842221071479262e-03
1.722157943715013281e-02
7.855059153077298406e-02
4.933451235286141073e-02
-5.808729307220016069e-02
1.064558256185039152e-02
-1.368505761334967014e-02
-1.086071341333086498e-01
-8.769286804340557795e-02
-1.158888930955750823e-01
-8.054053201797205241e-02
-3.199535225444676478e-04
3.213815193776080759e-03
2.066476026833436591e-02
1.944332921660257840e-02
1.733783315085206389e-02
-8.858711305402828043e-03
2.425799065404165775e-02
4.158778882567839424e-02
-7.378170995265225136e-03
-2.927494458485906462e-02
4.289239756817894017e-02
5.198029099980901180e-02
-5.708255156579225553e-02
9.817936568993927693e-02
7.581197946656365039e-02
-1.635765337667634545e-01
-9.249837359768550704e-02
1.319720782891664829e-03
-2.804739019797675148e-02
-1.121973245734635555e-01
-1.695649245554351481e-01
1.132250439284023802e-01
5.301524970676233656e-02
-1.094919910450357775e-01
1.516566823099359251e-01
1.314445175690934220e-01
-7.515744776690760909e-02
3.312876597769458947e-02
1.292289054154774353e-02
1.041322783495585852e-02
7.963092158953024094e-03
4.226520764005529084e-03
1.225506630680243958e-02
-2.961460211446184307e-02
-2.515795324059753521e-02
-1.448154176600576805e-02
-4.081151333159753480e-02
-3.933415339148048362e-02
-4.379532493544933264e-02
-5.141626146649157236e-02
-5.368889356950085068e-02
-6.445356277176306214e-02
-4.894923539497678111e-02
-5.982938603563139890e-02
-4.675667718113987043e-02
9.437427004680661036e-02
9.922031983283180478e-02
3.180018148002904804e-02
1.378425922027120554e-01
1.470325355167634296e-01
5.761043310328501504e-02
7.453337233429431496e-02
1.048777510937833890e-01
4.684102008077695861e-02
8.251848796747437986e-02
7.990130651084684232e-02
4.262560323542353286e-02
1.041772826171930150e-01
8.133911180189865031e-02
3.292695898801140109e-02
9.669983274649951444e-02
9.213253480009647722e-02
7.708385371058504298e-02
3.202175338930463716e-02
1.980645176003820521e-02
8.518374926139979375e-03
1.733243357980036523e-02
3.450038449628108767e-02
1.808431967812310429e-02
-1.043998315224506888e-02
8.501244559198093895e-03
-3.313122130034663188e-02
4.738254277495503042e-03
-1.587514739951173537e-02
-8.367285748457650371e-03
5.081779753012716228e-02
2.020433551253232596e-02
3.430966495662246540e-02
3.517639813035973451e-02
4.137563697135808460e-02
2.257185642539881812e-02
-4.390324363786819728e-02
-3.492247157042990824e-02
-2.706938898795902340e-02
-3.784731222722012567e-02
-2.805735008171023753e-02
-3.848426356003360055e-02
-5.174430369447525352e-02
-4.971900685056907659e-02
-7.152121330323851778e-02
1.518912083988621306e-02
-2.239871083623437217e-02
-6.057578701159052788e-03
1.325138276943211646e-03
-6.075997470858422733e-02
-6.797511142424057795e-02
-2.617180772217038345e-03
-7.067489695009045170e-02
-9.156381962142527697e-02
-2.067815845929383070e-02
7.865513615849119289e-02
3.605814555933860993e-02
-8.295137332821347909e-02
9.827563658124051360e-02
5.295579154497938312e-02
-7.171732685311357769e-02
1.110906242473621020e-01
3.531639857474782457e-02
2.317312216722853743e-02
9.624687704798446861e-03
-9.734364914433784460e-03
1.801757553886065497e-02
1.669655634370801126e-02
-8.194141870319440052e-03
-3.065150968030065821e-03
-3.223756341772255067e-04
-1.494727113090327936e-02
-1.693109312654820370e-02
-1.531696572612043991e-02
-1.702998103248101313e-03
-1.137028480054639960e-02
-1.090668053023693095e-02
-6.988062145998207193e-03
-5.533054197145949663e-03
-1.597842708204184892e-02
-1.346346233289384860e-02
-5.168991701446278703e-02
-5.125003954500064601e-02
-4.504073815869450575e-02
-4.454430785000213638e-02
-5.179258885492173115e-02
-4.343738081292409375e-02
-3.608752387985122295e-02
-4.723849575351322938e-02
-4.288416068786747581e-02
-9.077727796991427733e-02
-4.221155199600316876e-02
1.164892114589748118e-02
-5.977214793039271890e-02
-3.693928985156846173e-02
-3.958537738546682311e-02
-4.117352156919543149e-02
-2.152549715061931324e-02
-2.875956851038590639e-02
-1.325139019651925924e-02
4.365197965035397254e-02
3.999041498474163042e-03
1.437622913937471048e-01
-1.477631395512557858e-02
1.577529976997896211e-02
-6.181441610453437818e-02
-6.951932078890194801e-03
-3.580731341058891043e-02
-4.840079672705983882e-02
2.614524826444724059e-01
-1.261701474842297499e-01
1.012645675645253568e-01
-3.822327726368314194e-01
1.452597261535478190e-01
-1.050622873696974158e-01
1.237189451521732292e-01
-9.663011614604354385e-03
1.643362078390339653e-01
2.161940431775376814e-01
-1.052793366597236380e-01
1.381966038742065139e-01
-3.607521488948560728e-01
-2.564472045371973472e-03
1.444684673026136734e-01
1.021770511660066022e-01
-7.561492280018501655e-02
2.357699832592941632e-03
-1.232323162782731490e-02
-2.877771009184512674e-02
-3.698697375668365955e-02
-2.367568987972168068e-02
-7.705108731579440266e-04
-1.361022943515700391e-02
-9.136430900564540547e-03
5.697334639303083120e-02
-6.530106960201452482e-02
1.443599512853896427e-02
2.128283599108265686e-02
-2.432707932789475100e-03
3.007219336898547118e-02
-7.072834581514951709e-03
-1.588957915031216361e-01
-4.186932312506722736e-02
8.894005557279772642e-03
2.258166422280650718e-02
6.620201353559379553e-02
-6.934115263038993782e-02
1.061245019368645542e-01
-2.308064075705642745e-02
-6.512806517527024164e-02
4.606947321045307825e-02
1.822712330284963645e-03
-5.105336302858496517e-02
-2.708023313986370195e-01
-5.285081448659568332e-02
1.289510003816685402e-01
-1.568306741048562380e-01
6.460361638791348171e-02
2.352895146268011994e-01
-1.143909807850241739e-01
3.822894399555454986e-02
2.218972015744735404e-01
6.761846786703715195e-02
3.925627899978537116e-02
3.517207086968952151e-02
-5.912337849147659974e-02
-8.922057519323212116e-02
-6.078560833670666047e-02
-2.744409116341254076e-02
4.229965740074163177e-02
7.476361022332062012e-02
-1.538036962681727828e-02
7.945113117246790924e-02
1.245488349287381113e-02
-8.860078933647956567e-02
-1.893201539670027744e-01
4.151708069396432832e-02
1.096632284553707842e-02
-4.918630515656843144e-02
1.010382261456539421e-01
-5.756162787793733457e-03
-1.070575153624749587e-01
1.903461965284285531e-02
3.268238428441672117e-02
8.256529713175581042e-02
-4.055136579077225911e-02
-2.871541098380534212e-03
4.862372585534789626e-02
-8.178427083867718939e-02
-1.578891700949274779e-01
7.397737705952885101e-02
5.708911406698129187e-02
-3.085345261236941208e-02
-1.339085926986675334e-01
8.433199656112876086e-02
-1.198965671257945509e-01
9.924215772223364540e-02
1.204529948133970484e-02
-1.443280284657729590e-02
-2.026275005524155459e-01
-1.117184929185004311e-01
1.865084437818993746e-01
2.525404985002960845e-01
-9.681305547191988714e-02
1.217503727137756071e-02
-6.747516460422001150e-02
-1.138354935264320189e-01
-9.175685615346164392e-02
-4.355857261737662578e-02
-1.862781594634158391e-02
-2.634391863816333817e-03
1.998678504466545880e-02
6.138128383685952094e-02
-6.561739023325957078e-03
-1.761582546499948845e-02
-6.303715931542803498e-03
-2.289470370586229805e-02
5.143993327551216882e-02
2.667918934535596937e-03
-5.699996312235987989e-02
-1.564717839622628906e-02
4.472693746200052944e-02
-3.481456117334986305e-02
-1.754138231243228263e-02
1.533989192293276930e-03
5.998736960440227001e-02
4.101718659434515357e-02
-2.697889371760107263e-03
-7.991370145650281143e-02
-3.160071836675611839e-02
7.003835132471296007e-03
-5.541707011166638330e-02
-1.760941027242489756e-02
-1.812216064056050915e-02
-7.176674768444042674e-02
9.567721135269631472e-02
2.279406227173668906e-02
-2.219540500767584745e-02
-1.615862251709434053e-02
-6.030359532996736743e-02
-9.200933545936784697e-02
3.924803255897736307e-03
-1.678725401460689354e-02
-4.318931070575055681e-02
-9.108257789313506381e-02
-2.746927185832777341e-02
-1.415671455608281393e-01
-8.337958688002634899e-02
1.947809304377670289e-02
-2.124257510033928167e-02
-1.297616844011830091e-02
7.051291937891112326e-03
-7.927609526272473561e-02
-4.734769274495392172e-02
9.816162475482113556e-04
-1.266573656783479551e-01
2.868422336344284007e-01
3.184788444855732314e-02
-7.101677346556908854e-03
-4.104649259934655542e-02
4.768446911164844065e-02
-6.550628765958003800e-03
-5.197524975658065344e-02
-1.396277724417302295e-02
-7.450375476673214148e-02
1.338616172288792094e-01
-5.663155698985113812e-02
-2.166639022755903130e-02
-5.643413322736876708e-02
-3.270520231719339227e-02
4.016842724176980517e-02
4.792942579842136147e-02
-1.938093808754879493e-02
3.757441677407528241e-02
2.469046424275191456e-02
-4.294062583244105669e-02
1.131501887508030817e-02
2.583831747802665902e-04
-4.725374651557454064e-02
-6.572115276274351214e-02
-7.546028034797015727e-02
-1.080452959060133195e-02
4.265125734165871318e-02
7.222006602696460012e-03
-1.461357262674923413e-02
2.437750159485728776e-02
4.906497776298647528e-02
5.605211406656900042e-02
-5.677399581712253007e-02
-5.698260486624011356e-02
-1.449676035625140254e-02
-9.742793611086783545e-02
3.172402839193239760e-02
3.141032272402209669e-02
-7.545798658265757963e-02
-1.155355883518163762e-02
-8.660777983512271769e-04
-2.603790305070140948e-03
-2.543703723183030410e-02
2.918419404362944392e-02
-6.206920938569294999e-02
-2.521411523256729403e-02
3.607924348543542492e-02
-5.624910524890526509e-02
5.930029658656851138e-02
5.499704381994460073e-02
-2.044876726740716549e-02
7.502243290243086615e-02
9.025223121485277666e-02
-8.309161573216977681e-02
-1.866456319130910951e-02
2.314154377973932225e-02
-1.752910973869324651e-02
-5.469057350936894213e-02
2.574709395897868680e-02
-4.072632658323732668e-02
-4.942816696448484176e-02
-6.368953465383243341e-03
-4.426545015007975897e-02
8.693043373234118909e-02
8.628928452351056211e-02
-2.455185175045362239e-02
2.289110168590351158e-02
1.160680181740087746e-01
3.904277009365612894e-02
7.469636925582538722e-02
6.579313191798036309e-02
6.721515008770885535e-02
-2.968169392780501195e-02
2.122444199493712935e-02
6.215123239759963447e-02
-3.657806110324935550e-02
-1.119066298845462770e-02
-1.620233481175702497e-02
-2.213515152249811990e-02
-5.150614021644830259e-02
-6.542053864221313020e-02
-7.308541171068197581e-04
-4.901892797062545187e-02
3.490689639904702435e-02
-5.192695345556166964e-02
-4.007132753947652976e-02
1.059685331514335221e-01
1.262399367427306518e-01
8.911740991087059582e-02
4.933413349205077042e-02
-1.724996577040646406e-01
-9.406230626363497327e-02
8.924441762284576751e-02
-6.207493107602892607e-02
-5.664307307306867129e-02
1.480270466390989307e-03
-1.260682387759965405e-02
-5.883258293531102440e-02
-1.657631125345363290e-02
-3.602636147135491324e-02
-7.424069151098620922e-02
-1.042183356910235913e-02
-3.202725253384857383e-03
-2.440163702242130125e-02
1.124165546337589465e-02
-4.022179272777832298e-02
-4.576836080713140437e-02
-5.818252766464866721e-03
-2.691222131907972798e-02
-3.961368682590710177e-02
-4.657200747555485798e-02
-3.408201913326761728e-02
2.156168184035962726e-05
1.263917033065980675e-02
-1.476797356735520123e-02
-2.511846958118531953e-02
-6.786832793270323148e-03
-2.946184143001576508e-02
-3.364678170911410832e-02
-4.074621981726761488e-02
-3.589901714659377713e-02
-1.394577320930349973e-02
-1.555984714906255215e-02
-1.562517911055837372e-01
-1.365218578980200159e-01
-6.962409440810345129e-02
-9.810403343335165338e-02
-3.890624743603011276e-02
-1.897556795965166937e-02
6.837045533390401220e-02
1.240326874593703915e-01
2.695408993814171067e-02
1.312915378237330087e-02
-9.035370941491481164e-03
1.709943823898172136e-02
-7.930987968212965811e-02
-3.831350123014579806e-02
3.797917255005958670e-02
-4.781268562089811824e-02
1.962070464790621749e-02
-3.269929150302644440e-03
4.622659827270265975e-02
1.122068704040794368e-01
-4.122211504930116399e-02
-1.032692491563335646e-01
-2.580949815906772443e-02
3.911604302235707070e-02
-1.016733463456171577e-01
-6.268139450688652026e-02
-1.326326670238548062e-02
-6.554369190978155679e-02
-7.683243853586738115e-02
-7.879608321932536630e-02
-6.923493098613964225e-02
-2.965543819121261443e-02
5.379369470786905805e-02
1.230646887124658695e-01
5.595627625343924105e-02
4.249366648810008404e-03
1.286350160549296767e-02
1.155203553916424146e-02
2.470648071877426522e-03
4.390631559731810254e-03
1.653462739330991554e-02
6.605155720561150384e-03
1.546626078886068241e-02
2.182929542035036072e-02
-5.403743742686235342e-03
-5.881815158827243678e-02
8.219714256955502158e-04
2.979208193287382830e-02
-2.132822573766052221e-02
-3.726134902084836387e-02
-1.720381154519862611e-03
2.948588107433769770e-02
-7.800479128635648927e-03
-1.897130565044139600e-02
-2.301660588213795891e-02
-7.823505321492334186e-02
3.979639452394226340e-02
-1.067383471475102236e-02
-9.187357967906174816e-02
8.386623452095057218e-02
-2.534396533780758007e-02
-8.577192259528471086e-02
-6.167881784091342606e-02
8.796729851191581462e-02
1.198208703426598687e-01
-6.369622066698531204e-02
4.127418809311177161e-02
6.548137816194408989e-02
-1.359432832179748862e-01
-1.391260572175730403e-01
-6.713367942074398298e-02
9.702538052326743767e-03
-1.324758988865981993e-02
1.243248125791542556e-02
-2.663919384284276631e-02
-3.778710302092356393e-02
-2.832248695646954681e-02
-1.155455239765934734e-02
6.238606110758186316e-03
-1.185385133267888996e-02
-1.621765903903063522e-02
5.700104703182050370e-02
1.422355595669461126e-02
-2.238910015799540007e-02
3.283304074634774833e-02
5.391374927063333211e-02
-3.035549233767576710e-02
4.015057627015554409e-02
2.594856514262386046e-02
7.745159968881730472e-02
-5.329906267382777257e-02
-1.032097312127253086e-01
4.709928587272607658e-02
-9.159922274508638940e-02
-1.519398975967516385e-01
2.646687582962345062e-02
-6.034341353390114404e-02
-1.023521269923857030e-01
1.540686597488249987e-01
5.549601261871959373e-02
-2.901495466752935029e-02
7.307063475707936684e-02
-9.978065352476613026e-02
-1.606337285238431112e-01
3.274891306128986657e-02
-4.699840208561296279e-02
-4.740030925725544769e-02
-1.071332949562983777e-01
-1.702915787714083251e-01
-3.606832286893904560e-02
-9.176184906010365072e-02
-2.560733263495461667e-02
6.092360479362209091e-02
-1.635545981840123494e-02
1.269383024463138498e-01
1.576193279464802588e-01
-5.579020992504574172e-02
-2.121367392692060164e-02
-6.879294004239820508e-03
-1.759701713319013899e-02
-2.721064861102793705e-03
-7.264508225364136457e-03
-2.328701505168525102e-02
-3.474429186814364384e-02
-3.679033375760593777e-02
2.707026496552549302e-02
3.993476620590177481e-03
1.157558979311484361e-02
-1.366184302712786756e-02
-1.350527227809265700e-02
-4.737571189223771517e-03
-6.754908959692142167e-03
-3.494087276537529568e-02
-3.874450444112533670e-02
7.350724353967125896e-03
-2.059824474420172621e-02
-5.101006698356898988e-02
-3.030749018792331523e-02
-6.023130210165414389e-02
-7.403255325757610028e-02
-3.025374664315215109e-02
-6.357128852067926716e-02
-7.984425910319804809e-02
1.756666758344383600e-02
-2.752226812532045791e-02
-5.084093828164406442e-02
-6.287939837644095087e-02
-6.452461968151171345e-02
-6.141235008890607444e-02
-4.401567565355292422e-02
-2.359485499408561088e-02
-2.226434255111342866e-02
3.506045189030372600e-02
-1.584269066173116594e-02
1.081950675060987244e-02
3.163159330257684504e-02
4.982091400611360354e-02
5.609099377501459982e-02
2.890314563700354181e-02
6.545760220023046083e-02
3.231882288123474195e-02
-8.372597207638661498e-02
-1.055460380003246795e-01
-6.112263138138981922e-02
-7.439699943913459512e-02
-3.618963586362099194e-02
-6.252332661244902612e-02
-1.434101458255054029e-01
-3.122967039940929487e-02
-1.169606609307317496e-01
-1.637322865877344213e-02
2.199614289820069069e-02
6.287654139911634521e-02
8.458994922733130417e-02
9.874183300975185318e-02
2.954696948111081023e-02
-2.239115723992991802e-02
1.581293564407410673e-02
-2.776433317836711490e-02
2.202741637045324205e-02
3.661321867599758029e-02
2.214062805833012446e-02
1.158382977939595784e-02
1.922498406217999084e-02
1.930025789905854758e-02
-5.508712933360305521e-03
-1.690522451692823974e-02
-1.687793936198725073e-02
6.180032879123505130e-02
7.138733470598089548e-02
3.514527191389025390e-02
7.898272779561157919e-02
4.647986351462570637e-02
1.289643655630989859e-03
6.452324164911067694e-02
5.360430506266720962e-02
-1.787481701306082443e-02
-5.083821708722834759e-02
-6.143876205210237196e-02
-5.124627349788047487e-02
-2.905369783266236600e-02
6.068132090553450542e-03
7.155812241180891341e-03
-2.054226015480358977e-02
2.932413468655710106e-02
1.726900924885153843e-02
1.262898415754626080e-01
8.500606818873912562e-02
6.748153305689405523e-02
1.387873514406805057e-02
-2.559440051573929481e-02
-8.876125885744485036e-03
-2.697791252028609865e-02
-5.889875559664771443e-02
-6.439887126437468523e-02
-4.378484626842243932e-02
-7.047033373554034349e-03
-2.753701808359539441e-02
5.413296059202602623e-02
5.433104249659846674e-02
2.362354955015281976e-02
5.680222108606756970e-02
3.060755439666923428e-02
3.842619829581129381e-02
-1.916000749988407484e-02
1.167477381447346724e-02
1.044997875131989558e-02
-8.801486019486205910e-04
3.070915700627631709e-02
-7.008993779767144772e-03
3.620399109280158373e-02
2.881749403569184784e-02
-9.996155269042187458e-04
-2.933054945632828162e-03
8.845211000297838536e-03
-1.043762265488697161e-02
2.342163533387795274e-03
2.649663024204159181e-02
3.278430292175025379e-02
-2.776702687521801632e-02
6.941716926069423955e-03
3.325162789816498571e-02
-4.270843921876746677e-03
6.443953672648676870e-03
5.979583306813733394e-03
-6.225934251229984541e-03
4.803225046057560399e-02
4.940107080645431137e-02
2.356301033000864423e-02
5.541401986944356067e-02
5.651986676020614303e-02
7.427961539254640533e-02
1.284573699429492066e-01
-8.772484350654661438e-04
1.285310498094736631e-01
9.334439164233813979e-02
2.666253881592043143e-02
3.612306985287267597e-02
-6.668957171264312811e-02
-5.789114023776459339e-02
6.640017452486247918e-02
4.421155552364394031e-02
1.772999044935199761e-02
3.305959629808559452e-02
1.008600183857376147e-02
1.031069649130234543e-02
-1.023279588171825336e-02
-1.489737625589990754e-02
-1.689888481072551046e-02
-8.184483835394268728e-03
1.170357832839028986e-02
-1.462659845061595014e-02
-7.736034633303398578e-03
-2.867586807401604869e-03
-9.471015066075659863e-03
-1.092810564654852004e-02
1.066604878090977350e-02
4.221247251689761067e-03
-8.179974595005282470e-03
-1.449293917537949547e-02
-2.445072927371139820e-02
1.836095581374593694e-02
1.918400975418085505e-02
-3.676838321140446248e-03
5.763713597469774519e-02
4.161968556867317454e-02
2.171785737950133327e-02
-5.550960111472855868e-02
-6.283329393112567496e-02
-9.052437094515893012e-02
-1.134643400913368794e-01
-8.804477257469875418e-02
-9.431182990449425707e-02
-3.255741469450031123e-02
-1.376152338193515311e-02
-7.020398015889314780e-02
2.061660746866740210e-02
-2.303176992865631212e-02
3.807998037070343261e-02
3.242642864306049394e-02
-4.246828070368453487e-03
2.040558444777992864e-02
2.359955731844113475e-02
-1.498489971199690705e-02
-3.780034075648633016e-03
-1.037953042324207542e-01
-3.650188778440693199e-02
1.622174426392881605e-02
-1.288209490437828009e-01
-3.581071947043261428e-02
-1.275821156401618639e-02
-2.038343215397324382e-02
-2.359037684874393942e-02
-5.322290739382108671e-02
1.724602563287189194e-02
1.961091840225021726e-02
-6.775208901598987754e-02
8.208976392025322784e-04
1.431582512501146653e-01
7.743196426093165718e-02
-4.514647351877423137e-02
7.836081947066447784e-03
-3.057882753398107403e-02
8.753941115750041302e-02
6.673524805302481766e-02
1.943398320542002317e-02
1.341375915218117887e-01
9.609104747982044614e-02
3.263858573051097584e-02
1.136787935537856981e-01
7.898572741667354846e-02
4.501131776006564444e-02
7.161089207342695787e-03
3.901095560243623972e-02
-4.749709098932936718e-02
3.110783981819083971e-02
1.064933904046335977e-01
2.265236246633858114e-02
4.915147097001845017e-02
8.722615612595480128e-02
-1.457955779790265707e-02
2.805630483660117788e-02
-1.413414117570596651e-02
-4.758498768227666098e-02
5.951944340117431426e-02
4.712427011591022175e-02
3.063896452333404741e-02
5.160420380161941101e-02
2.476867684793929852e-02
4.402633714598803288e-03
7.614424450525629495e-02
9.664136743719993483e-02
7.876680368366147100e-02
6.969798847846857270e-02
9.042293633168448086e-02
7.467074693130833218e-02
-4.868494996443287898e-02
2.937446820500097793e-03
2.042791002192359887e-02
3.574931143592622457e-02
1.459379437486282502e-02
-1.151424412538296083e-02
6.025631561408664391e-03
-2.492361270232170897e-02
-4.378729256490761224e-02
-5.114840584794881628e-02
-7.319608286123710505e-02
-7.680445226963494854e-02
4.417407073384994193e-02
-5.653077868844308407e-03
-3.987964187727910392e-02
7.208007036686182867e-02
4.233018401948007714e-02
1.012593803822752110e-02
4.192363349923652893e-02
1.119654237189354057e-02
-1.984624810459777872e-02
-4.437456770030050873e-02
-4.429205141021892722e-02
-2.151623396412784273e-02
2.541598393963175051e-02
-8.181243793735117065e-03
-2.686535924499221933e-02
1.945536783829246788e-02
2.989653281893956630e-03
-1.602570466793438314e-02
9.839261693454308053e-03
-4.260153231477943614e-02
-7.547382868974072956e-02
5.413061611013900154e-02
4.192346893131871505e-02
1.354301999126926274e-02
4.335397362076288952e-02
3.662851795692654427e-02
-1.818063829961152553e-02
-5.644434180973140203e-02
-1.935001290938229146e-02
-3.293577602913890651e-02
3.663770229881004037e-02
-2.378046247427677631e-02
-7.422753164702396156e-02
4.603565817984981573e-02
7.758706952346475748e-03
-4.882056360917159075e-03
5.254575010195488421e-02
7.186165485830180166e-02
5.844649445870282733e-02
6.754819904629275062e-02
7.843417319991051462e-02
5.355785925325969726e-02
2.892935942161524096e-02
5.170487967740770158e-02
4.535162678925215574e-02
1.406476030960511145e-02
-1.028442033123867262e-02
-2.013053821456279625e-03
1.941190738729279067e-02
-1.255883898366287436e-02
-1.105801877914936587e-02
-2.181160917542701930e-02
-1.806761256963839227e-02
-1.287411771657423140e-02
-6.035613089646947203e-04
-1.845509160430126513e-02
-2.754087182572692583e-02
1.254408111362188653e-02
-2.944803006426070357e-03
-1.787441661045900340e-02
5.649636947292278888e-03
-1.188815308315278700e-02
-2.726791657311251199e-02
6.845894210460105878e-02
3.118927480024776683e-02
-1.265944903228404320e-02
5.554443603283397424e-02
2.304630660005483472e-02
2.412823659462898576e-02
-9.443638966976425353e-02
-8.335258067777809310e-02
-3.704163425306731400e-02
4.281297709373244748e-02
6.512243958219404889e-03
-3.916802748727440942e-02
4.331070926173482410e-02
-1.508224723862585520e-02
-5.135424449966771721e-02
9.936227611329397427e-03
-3.068819532614589646e-02
-5.266814126089199022e-02
2.510900308624635160e-02
1.769357419884115198e-02
2.838388787145302346e-03
5.681973640068459924e-02
6.152124408984666060e-02
2.389148556222117289e-02
2.339181823827647319e-02
3.633337082440749738e-02
-1.094131292851227729e-04
-7.121690481536805187e-03
-9.767794920726149618e-03
-6.911823216681552140e-03
7.787777510341184310e-03
2.474264841691451583e-02
5.274344821176964182e-02
3.114845270957962778e-02
1.614219727113686692e-02
-1.015003851750789950e-02
2.983497421735520003e-02
3.498248108214605662e-02
3.494638287909590524e-02
6.265309853433972086e-03
8.985599594290617081e-03
5.988598172585961506e-03
-1.351336972418617187e-02
-9.021048421482144586e-03
-1.224096260047464677e-02
-4.006765792414314527e-03
3.243462194229500013e-03
1.127291262068334625e-02
-6.043168246523693624e-03
-3.247719802029848824e-03
1.292730761468684035e-02
1.792891192796941188e-03
4.119765133631410683e-03
2.712190941165289193e-02
3.629683052690814427e-02
5.788436072163251345e-02
5.186748703520241421e-02
6.231614844042440010e-02
7.455079729681905742e-02
7.393836412106097322e-02
3.640060888976909964e-02
4.026794788781074691e-02
4.663821122821347476e-02
-6.679464727631953536e-02
-5.213494623515569498e-02
-1.882017513175068824e-02
-3.549787320266731966e-02
-3.453383728163848115e-02
-1.192470888023533168e-02
1.723134698019991237e-02
6.017019021671186733e-03
2.247033854070999356e-02
-3.077730780129067298e-02
-2.192867621499893296e-02
-6.464881347439809141e-03
-1.518970345668610791e-02
3.121713353826348781e-03
1.519582659717122301e-02
-2.141104979678228742e-03
2.172472772121874021e-02
2.253059442577350427e-02
-3.289791309961370702e-02
-2.774241941474347647e-02
-2.638547006652855118e-02
-3.124397687787396375e-04
-1.378724935328711106e-02
-1.484170100154063145e-03
3.275465993807407435e-03
-4.830640565775815715e-03
7.757871276852069215e-04
-1.648890785747269064e-02
1.567800339401469872e-02
2.632722743193582557e-02
-1.521379098598746663e-02
2.754989522393064619e-02
3.381540732895695067e-02
-3.379335819921180928e-02
1.256761162899625202e-02
2.094688503965377521e-02
7.377027292856520695e-03
2.326533025126871837e-02
5.638675121494979986e-02
-1.718039916874630063e-02
8.090826372364417693e-03
6.032280810348542716e-02
-2.792226714286156000e-02
2.758608211059785167e-03
4.473905289258832407e-02
1.303332504033305993e-02
4.686510362972582527e-02
5.203524467140717424e-02
2.783705409959510990e-02
6.851614188335113098e-02
3.865711190396037972e-02
1.246512831167153126e-02
6.119852837828691078e-02
3.479959958014300359e-02
2.185604036172157649e-02
3.270285679298850362e-02
4.036404121961754271e-02
2.723050580982855351e-02
3.215368018527701294e-02
2.605532610931328083e-02
2.076950456918037063e-02
1.876652021979553428e-02
1.401864105854718802e-02
-1.209026530964658896e-02
-4.531117076075981756e-03
4.025100269877261369e-03
-8.726790091363305704e-03
-8.680150450608129994e-03
-7.130999349328354282e-03
1.502602129595771415e-03
-9.122557277928105765e-03
-6.607778186147920778e-03
-5.726187850078947976e-03
1.828795641998365740e-03
3.397115429141291977e-03
-2.007028242904437994e-03
6.566384644614254099e-03
7.286782314685572200e-03
-3.808588616650375631e-03
5.244346462616997218e-03
4.849408136962654256e-03
6.371038461688524959e-03
3.412161729865561405e-02
3.367927135859510868e-02
-6.985429030475011868e-03
-1.984308373814417086e-03
-6.390227478601793673e-03
-6.195664094051095937e-03
-2.208415209678664393e-02
-3.107565007815675864e-02
1.676397672092873672e-02
-3.787675858925137334e-02
-7.399136335582150170e-02
-1.047072439378331776e-01
9.280805631230829023e-02
5.418269432401449925e-02
-7.227437278071856264e-02
-1.005609213055237185e-02
8.981256082767031038e-03
-5.307546728161707111e-02
-3.151764201134845539e-02
-4.564031935570379145e-02
-4.450279943619286915e-02
2.360083360868077407e-01
-9.483403796461872814e-02
-3.133752250396958094e-02
-7.978248475719658395e-02
-1.092243036336931900e-01
-9.449323936644206390e-02
-1.164630999945526213e-01
-3.160559208252462782e-02
1.416720265080231855e-01
2.237663353121651377e-01
-1.424883001654352610e-01
-6.989286765511238536e-03
3.011928251277089935e-02
2.816773105643229427e-02
-1.207207974487027602e-02
6.025059264078981569e-02
5.826085798281862432e-02
-1.159053715665243380e-02
3.144493164497629695e-02
3.601194325061447821e-02
-3.640573349210035614e-02
4.915070794632363065e-03
-1.196659561920722890e-02
-2.180605674496422300e-02
-4.960135553053560825e-02
-1.636631070727127824e-01
1.597093083586691555e-03
-7.154611634618070204e-02
-1.306384802299156433e-01
-1.692744335332494951e-02
-2.783042807720333828e-02
-1.095249529777447967e-01
1.254391406287722922e-02
-8.661725919617956071e-02
-9.122358215197730325e-02
1.939635835200310965e-02
3.037743788924108027e-02
-7.077382705098143878e-02
-7.237406320710115847e-04
1.717411317797625306e-02
-6.708096491290162222e-02
-7.499446049846625849e-03
-1.929074813037374991e-02
5.304288378547061811e-02
-7.226013662073517418e-02
-4.232160969114953653e-02
4.646265158853855187e-02
-5.010277725976168550e-02
7.293582073701154397e-03
-3.359724056388981028e-02
-1.012848016877396402e-02
3.267948949879743298e-02
-3.037786877930347129e-02
3.306519019906005441e-02
1.571189427989251597e-02
-4.638276718242633628e-02
-9.653703114133129620e-03
-9.001121793435667984e-02
-1.949802602282784195e-02
-1.082054668791590651e-01
-3.671758784309905876e-02
-4.196771091588124419e-02
3.294917071810532505e-02
1.626061318843447234e-01
-4.935062974332300040e-02
7.257466025173076041e-02
9.187171914945983786e-02
-3.467303688095704772e-02
1.502111334270295542e-02
2.426555894090284826e-02
8.566363420173701837e-03
-2.884867538905472491e-03
-7.002860362074013467e-02
3.698893479758319502e-02
3.891482311332281931e-03
-9.373770441990250668e-02
3.716491477584320940e-02
-1.867034254578968031e-02
-4.956644410885727159e-02
1.004070879572755738e-02
7.202564289119754888e-03
8.624412332474923337e-02
3.993814187063579602e-02
2.512919133335397848e-02
-1.296606246644321954e-02
6.360038421490947502e-02
8.618676085202792159e-02
5.363013657673488394e-02
1.026188373208995926e-02
2.234479094213837405e-02
-1.657113569742215409e-01
1.598452718939402384e-01
6.011583037478358121e-02
-1.670761406237816771e-01
1.116642605817887990e-01
-1.049506128834610912e-02
1.135206133142133665e-02
8.088563046861346403e-03
-2.717925619603462836e-02
5.317215080418766400e-03
3.091365501693389695e-02
1.708606685603289085e-02
5.438845458809300759e-02
5.732133111431351319e-02
3.725240821547274456e-02
1.016707411495952618e-02
-2.056707471343754978e-02
4.547291390315284614e-03
-2.620143234107526545e-02
-4.441758542364662027e-02
1.808014813708648874e-02
2.086932114870742206e-04
1.098995885704312329e-02
-3.024131953199953385e-02
-2.652499906740620611e-02
-2.565794380368024291e-02
5.116391212275799016e-02
2.551732068669552642e-02
7.744258383917287892e-04
7.026664146767404306e-02
4.895223737213179327e-02
2.565505628066474739e-02
-2.561741029261644081e-03
-1.313647146522126663e-01
-5.033055955014572452e-02
-3.616565871032605128e-02
-1.461741188365212052e-01
-4.145925131563611699e-02
6.391390430108442877e-02
3.000206549320121041e-02
3.779174230114934474e-02
-7.262874807593465952e-03
-9.860848385043669007e-02
-2.551472308436787337e-02
-2.637732047278756810e-04
6.019709600523296712e-03
1.264607758671159113e-02
-4.859536129863509246e-02
2.478892760790134958e-02
-8.613382150601275877e-02
9.926317300472428662e-02
-1.581107730237159559e-01
-1.743876582171738909e-01
1.227192449426055959e-02
1.134424895384295862e-01
-2.850888502509833083e-02
-8.370044348120292410e-02
-1.091753160585950087e-02
1.551981233879948241e-01
-2.583389897024909038e-02
-8.652370138025781976e-02
1.858249462083466363e-01
9.770784514239268248e-02
-1.109165431805572838e-01
-1.198857998461674707e-01
1.727326094206227680e-01
-3.101707294689207695e-01
-1.543881912330062334e-01
1.136703998113267056e-01
7.031858412458585894e-02
2.635274602854760159e-02
8.129470289689325058e-02
2.034206237957261396e-02
-1.172879067354802747e-02
-1.991303095474423676e-02
-4.771734269175020859e-02
-1.135962441669780346e-02
-3.412118141186382819e-02
-3.962607307743155893e-02
-7.430681141856164407e-02
-1.045524426713679844e-01
2.635740731561045033e-02
-3.670052246329995327e-02
-9.762802000977394146e-02
5.172688052976151529e-02
-7.317307680178165852e-02
8.339712585875465323e-02
-1.023784516238117753e-01
-1.157789918916860561e-01
3.756775957579372438e-02
-6.503045782227416527e-02
-9.443036551427275160e-02
3.514446882232152847e-02
-3.625565959729296767e-02
3.971389229369638035e-02
2.841372597782265350e-02
-2.357195459515637470e-02
9.586237411783218865e-02
-8.160299578455811054e-02
-1.444613485319047042e-01
-2.934153194802606012e-03
2.664300962795773317e-02
-5.532674261797254633e-02
-1.478138410646590364e-02
5.397380707205723382e-02
-1.348547688068749313e-02
-6.754835540013860717e-02
1.080410239596660098e-02
-7.592867950871590166e-02
-3.437835371239156279e-02
-2.944754296385131143e-02
-1.725887264335241450e-02
6.724749911397082114e-02
1.243627180956665135e-01
-3.926752580366675224e-03
-1.188762943411009465e-01
8.916438387551385569e-02
-9.573595189238159886e-02
-2.103200281310672326e-01
9.135413694194331746e-02
-9.704068101020472958e-02
-9.110767723942790608e-02
-3.290604651243089762e-01
-1.093965733605629792e-01
8.589366240363420502e-02
-2.558797413504079743e-01
-5.785759061134364972e-02
1.936458422396638290e-01
-6.569542673701878055e-02
1.078716177568209839e-01
2.272301078604827551e-01
-2.731673837541349070e-01
-5.942145163204091279e-02
2.508001007495864743e-01
-3.215037420019019598e-01
2.783540977424240476e-02
3.084329734622259234e-01
-1.268004981257472574e-01
4.743600038450380973e-02
2.248705646648226364e-01
2.036541720012999823e-01
7.801788067696791007e-02
-9.065427595578971764e-02
2.724951917640747734e-01
-7.186817412819515583e-02
-3.048047008214778697e-01
2.522731894764088656e-01
-4.225227681461015024e-03
-3.087403985710738819e-01
8.645603041034048697e-02
-1.219580346237337382e-02
-4.804098211630934701e-02
3.596535287190526925e-02
-5.396975533387239621e-02
-6.684170470215136661e-02
6.172628005848249805e-02
-5.270116473339519526e-03
-5.129566808750679607e-03
-1.119094819991203610e-01
-4.710588207070543626e-02
4.998622666774491831e-03
-4.661520048316897952e-02
-1.813199539993062132e-02
8.415462839540905834e-03
-6.898864208768419604e-02
-2.737847110859080793e-02
4.008903255029239859e-02
9.567283018717075843e-03
1.934729070696302811e-03
-9.176732062186986408e-03
-1.738919671791947300e-02
2.756826538029272158e-03
3.358688999433168121e-02
-4.476183319730174526e-02
1.571854999158046537e-02
8.830008143320070002e-02
-9.097508589547938229e-02
-1.816849365104061462e-02
5.168053588167637741e-02
-4.679804410951123039e-03
-2.065332307079108601e-02
5.442749761530105146e-02
4.802211976039045399e-02
-2.016026166559024141e-02
8.517417383842321166e-02
-5.752060241405260177e-02
-9.845975109771831768e-02
-5.129626626452696292e-02
-6.377483556381702279e-02
-5.965339852192516612e-02
1.785118654800221458e-02
-7.264025383796428141e-03
-5.454938097559033222e-03
1.201019822995047850e-02
1.899321309379908840e-02
-9.396550373715724380e-02
2.689657763864410078e-02
4.218739702279004911e-02
1.440825827152624750e-01
5.911983746458428224e-02
3.702409440046332267e-02
7.747618384501778199e-02
-3.075933576701843017e-02
-3.685899004414624341e-02
-6.477105061788915319e-02
5.422733171043701145e-02
7.335311824477185917e-03
1.231794579173981635e-01
6.929042496828261011e-02
-2.815747969111616691e-02
-1.995986102323087097e-02
-6.052998856235233816e-02
-4.857391352613340402e-02
-2.283847532367404287e-02
-3.191166109377035348e-02
-8.847463418293550694e-03
-3.085658660963976063e-03
-1.141100442030577519e-02
3.221923654655180908e-02
6.529302207671594180e-03
1.580563999129073636e-03
-3.478629560473574245e-02
-4.742955980746123984e-02
7.512133935747023969e-03
-4.938459784566899373e-03
-5.305169023970438685e-02
-2.193205906977746880e-02
4.324812982188380728e-02
-9.209321682031606669e-04
-6.287768497416962657e-03
-4.865067321832800690e-02
-7.836243882408605588e-02
-6.313878174165261925e-02
-1.643615347644091992e-02
8.107377566065844185e-03
6.378815550558233037e-03
-6.596262790224333150e-02
-3.292946379920647787e-02
-2.911851418347123979e-02
-1.196191008677621043e-01
-1.513343171100718365e-01
-1.153479798814683321e-01
-5.545290700106704496e-02
-4.891562393214322901e-02
-1.387883199430194926e-02
9.637464121415109664e-02
1.260884193849205748e-01
1.235797455317061977e-01
-1.002425135709475792e-02
2.776712813340248207e-02
2.382631579400550439e-02
9.134851687363799988e-02
1.159324657734777803e-01
9.615974553679258741e-02
9.706700984394571463e-02
5.833742158693338425e-02
4.974249667690869986e-02
-9.722044594978271337e-02
-1.240907149684704891e-01
-9.950042301890503482e-02
4.581498577293210278e-02
3.195226864113891868e-02
1.082418117693133459e-02
8.652327890736935534e-02
4.482931193293363675e-02
9.465916318451089717e-03
5.461909160100007765e-02
2.780639720937379961e-02
-2.475042180036462688e-02
3.825929576641010077e-02
-4.612950758228404752e-03
-2.918742996136611950e-02
2.849143593859919041e-02
-2.718323444443088502e-02
-1.814981001908111055e-02
-1.992033147045462610e-02
-7.442714322611353184e-02
-7.876290687525720757e-02
1.501391264618695542e-02
4.209400012650095502e-02
2.905538256368507891e-02
-1.458240760392917959e-02
7.473633335749036138e-04
-3.116697040026476361e-03
7.323728240525184674e-02
1.670441821397496418e-01
8.908097144172422155e-02
-4.013769440366531105e-02
-4.886460193916378203e-02
-3.319123604827951129e-02
-2.394064984363421592e-02
-1.517444500998840762e-01
-1.280032847748656943e-01
-4.783057842239413909e-02
-2.967563381791145372e-02
-3.572385248525056928e-02
-2.841931116049298267e-02
-1.718396017577454582e-02
-2.593561069444803163e-02
-5.753239558236096507e-03
-1.108648733405567452e-02
-1.749269597638328927e-02
-3.308099606480853494e-02
-6.744138664726314139e-03
-1.603438627985549411e-02
-5.979843274716273478e-03
-5.485128700960167301e-05
-5.262402711465464025e-03
4.237570370906649543e-03
1.404008425492128502e-02
1.470970812413498544e-02
-3.912542972195029445e-02
-6.973794540144515053e-02
-1.045139815512088344e-01
2.019164374034046472e-02
-7.209181830588373523e-03
-2.842343715009572683e-02
2.872975417142176538e-02
1.471843617906387104e-02
1.245919685741451316e-02
-1.021093549957923091e-01
-6.068354033284517612e-02
-8.232565124338957208e-02
-8.310614708775371229e-02
-1.046169786139317659e-01
-1.208142128639984186e-01
-2.273615975710325046e-02
4.190401676537360010e-02
1.938021777903169499e-02
-8.307716084197715178e-02
-5.260325844004175300e-02
-7.513588386957064345e-03
5.071179023815669540e-02
-2.056628026171038182e-02
-2.089453235872040879e-03
6.560162042824595197e-02
-2.429845513168462159e-02
-6.155230795249302250e-02
1.458651816739280245e-02
2.454542034325157135e-02
3.800912549893412790e-02
4.108308539064601389e-02
-1.048179870756382748e-01
5.138350495201601115e-02
-2.987404402403655290e-02
-8.667989237370266054e-02
-3.047999802642533188e-02
6.747322858267078283e-02
6.409749280640730795e-02
5.196339795115072213e-02
5.147327100742264509e-03
-1.078530032660729443e-01
1.128078081880044652e-02
3.465830737160984637e-02
-5.120993255433279462e-02
3.822451272537170930e-02
-3.522673284975598451e-02
-5.773946765176868334e-02
-4.175056986342954440e-02
3.352748408412757619e-03
1.540772722242169344e-02
3.539350152476437167e-02
3.296601726760651357e-02
3.531754202484958804e-02
5.533936817450996887e-02
-6.840234242319384594e-02
-3.588432977110934952e-02
-3.807934580190022039e-02
-5.348854766257644944e-02
-3.335670806267358041e-02
-3.614742188485944082e-03
-7.004391720326366699e-02
-4.835904227867483807e-02
-1.098074086209273499e-02
-1.597727498862191314e-02
4.289159329846965740e-02
6.292212796851337497e-02
4.035322779703658450e-03
3.005191801625948372e-02
5.281883084570714731e-02
-1.990660967278388288e-02
-3.886464503698246371e-03
2.436008957426966451e-02
-6.872362668456200680e-04
-3.062036727889359475e-02
-4.276383662019683091e-02
3.141215628140937161e-02
1.440582401445268321e-02
-2.773065052550629118e-03
6.499216331055666929e-02
6.442530760861696348e-02
6.926249483972157783e-02
-4.582289213240756456e-03
-2.282026483376255535e-02
-6.755801688452236706e-03
-2.047654308746771692e-02
-3.530361620713944742e-02
-5.305101501733200560e-03
-2.672313485793166576e-02
-3.957664048012167479e-02
-2.182323608671508930e-02
4.419249606168661887e-02
3.673314038465636065e-03
-4.071910287668435713e-02
1.773866038931006320e-02
-3.786558101732102888e-02
-3.130577506225927509e-02
2.244769102296544777e-02
-4.181006166342631641e-02
7.485279409810846347e-04
8.135593181167462967e-03
2.526039020650142422e-02
9.003583945596982385e-02
7.929569567867757185e-03
7.159923583879534981e-02
9.292094541647372141e-02
-2.040720009232954713e-02
3.788533029702296356e-02
4.378123508230401945e-02
-2.702946343326032008e-02
2.784453065393692472e-02
3.965343583489962936e-02
-4.049077349100366208e-02
-1.510957507450250148e-02
1.594336748278446514e-02
-3.989249983956084239e-02
-8.933081626559166363e-03
-4.477015671673556171e-03
-9.130977740538961940e-02
-1.331232470461645445e-01
-3.650660333003388075e-02
4.595118226276785622e-02
5.981337646756811760e-02
8.618152920156676999e-02
3.167814500601658090e-02
1.050615198458118293e-01
6.803889845799565572e-02
-5.948081156333118180e-02
-6.946848889230050617e-02
-6.648731738486024501e-02
4.448626167046617480e-02
3.904441159489150520e-02
4.670678826350364854e-02
7.034785577732910467e-02
6.990578709044917294e-02
8.335484813688472105e-02
-5.291902470019940047e-02
-3.082575142924513442e-02
-7.743566037654523717e-04
-1.554050480610631377e-02
1.555477142155130971e-02
2.399798773375013891e-02
7.680879980922526197e-03
7.072062665959800813e-03
7.850994453832377956e-03
3.040745533809754986e-02
3.142547899246011384e-02
4.457849111927035535e-02
1.671570689014680727e-02
3.556652144276972738e-02
5.548522824591676367e-02
1.089799191019591093e-02
2.597517692919385293e-02
4.425706415097434288e-02
1.909333070582469594e-02
7.986175969694606080e-02
7.545473871538123378e-02
1.132922676280261887e-01
1.831671960442180502e-01
1.166034692928418909e-01
-2.641136235308363597e-02
1.781150989753274225e-02
-3.803577601771159639e-02
7.582372686419451557e-02
-4.666814978549136544e-02
-4.505258322390836428e-02
6.792178808460540285e-02
-6.408568081448805243e-02
-4.362619417233792873e-02
-3.788249781151355883e-02
-6.799949250911492549e-02
2.121211902512485509e-02
-3.562514867662602835e-02
-1.195726248044318291e-01
-9.100826744143057645e-02
8.833843408997396618e-02
3.356867192366860125e-02
1.819137236639575481e-02
4.786723243924254773e-02
8.423552149913898779e-02
4.232543147997266247e-02
9.186601756949287767e-02
4.782727158017015950e-02
-6.007425862627272829e-03
-4.283364239187911759e-02
2.405747820797645310e-03
8.062976039220057234e-02
-1.011034926952876362e-01
-3.657086497230239291e-02
-2.760326197275124460e-02
5.079224564259270797e-02
1.014931279713472828e-01
5.609009292567099930e-02
5.542184253626946527e-02
8.863612378728152885e-02
2.987666620636950446e-02
2.935275847793558310e-02
4.693975022902990152e-02
2.115932355112608992e-02
-8.470459627704468586e-02
-9.090320287533669441e-02
5.601452242095066036e-02
-7.532156393614677925e-02
-8.131896015043012238e-02
8.468262163524510611e-02
-2.786278402468045715e-02
-8.488389511297507461e-02
7.585356568768817330e-03
3.973888634736309766e-02
6.359745709215935960e-02
2.818752830969338367e-03
4.980232408307634639e-02
8.371018064189204855e-02
5.765012123905522909e-03
-2.075424473476314077e-02
-2.562888141797719978e-03
-8.202624076651444940e-02
1.155684674075579677e-01
5.197157365219615827e-02
-4.996901949750207766e-02
1.201426900967113853e-01
4.173582966755338963e-02
-7.024418684618187469e-02
5.170312338802963287e-02
-2.063917125111948414e-02
-7.904146609166150250e-02
4.421164081253833866e-02
5.578568374704201416e-02
-2.023839272253446023e-02
-7.189866646039377862e-02
-3.040993433903184384e-02
-6.792636237940166688e-02
-9.599163488661709154e-02
-7.103985275245765230e-02
-1.038403405921830974e-01
1.889646768637495700e-02
1.968782699550068044e-02
-3.560118477992686714e-02
6.840485614856273155e-02
4.915803263301016246e-02
7.274229711496180660e-03
1.633482023754020268e-02
1.872717190929164624e-02
-1.585868797623454438e-02
1.294064617842166920e-01
1.098181011390503559e-01
4.335019068838959211e-02
1.471775520007566895e-01
1.247153760030810798e-01
3.049549393184667820e-02
2.325962069622340700e-02
7.240460149163804350e-03
-4.705199395927201628e-02
1.282564480188810030e-01
1.238290894862010688e-01
-4.623433538441912294e-02
1.335219074921239757e-01
1.255646490390135428e-01
-1.448540130455019427e-02
-2.878266163879534927e-03
-3.411316623203289322e-02
-1.471438148866238416e-01
-5.732495873280379212e-03
2.071453084254281513e-02
1.206443753151547997e-02
-7.361564040558083929e-03
1.866532338762122434e-02
1.025994944016073163e-02
-6.403075322337783981e-02
-3.714390918956751025e-02
1.137631802792895414e-02
3.565885875059258275e-02
4.499541084832720667e-02
4.703032577269030540e-02
4.861937900056306078e-02
6.492782425991050488e-02
4.842456631989704857e-02
5.089723179220436572e-02
7.054125011297054937e-02
7.190593125173522226e-02
2.782403231171037827e-02
1.014139408443865548e-02
-3.053822640796310852e-03
2.304535126390822378e-02
-2.654726145754943492e-02
-1.625101465017827693e-02
9.402147935782482341e-03
-1.264986028623566773e-02
6.893973317111892589e-03
1.143248766401044197e-01
8.140319928179146070e-02
5.555746203959407298e-02
1.234306391159330496e-01
8.044579712758631596e-02
5.356147684262908826e-02
6.854668632741318934e-02
3.871007562069805202e-02
1.848597633006095892e-02
4.001340036881867283e-03
4.907251179776699057e-02
-5.593664448870747791e-02
-2.948147417613861815e-02
-9.466355711961128155e-03
-2.991078188283030972e-02
1.756514194472907561e-02
-1.429076077960951888e-02
-1.019947546027637555e-02
7.689176757472676420e-03
1.946883803702318880e-02
2.104476853072937900e-02
1.667868223880025064e-02
6.951009461674816092e-02
4.282394785768861567e-02
-1.326712142386199042e-02
4.143738240088146174e-02
-9.035702329052111570e-03
-6.801980380729302257e-03
-3.172305816054011435e-02
-1.101458017332719851e-04
-7.125493264165028498e-03
-8.675558054172606559e-02
-3.879062625043910861e-02
3.071013232394705084e-02
3.361805638742030450e-02
-4.505441384590252313e-02
4.642902360693676456e-02
6.400151065194031874e-02
1.817729492570028041e-02
-1.242335461500681040e-02
7.066190788511557408e-02
7.171659850517038415e-02
-6.196441728779791824e-02
2.486638116684342092e-02
8.387138548368854030e-02
2.878933668592516260e-02
5.393698708696919447e-02
5.622437471690615307e-02
-3.206738759677459777e-02
-2.602997387893565134e-02
-1.526118475202103628e-02
-8.341860992069188852e-02
-9.181387119395939544e-02
-8.331199583377997542e-02
-3.603841984911473201e-02
-5.172156836177554950e-02
-3.178719591279841918e-03
-1.089439426977445967e-02
-3.990134948216462335e-02
-4.160334312869323065e-02
9.483172746294838210e-03
-2.086410690993155057e-02
-3.273395403154907846e-02
-3.781924437107584552e-02
1.449594375124829172e-02
2.707952251928569601e-02
-1.023906216508184835e-01
-3.424674212679060942e-02
1.342399801479116257e-02
-9.181506120198715259e-02
-6.481885805576712706e-03
4.576413872302485114e-02
6.625471928842055491e-02
-7.927627376360164195e-04
-2.569698427864941515e-02
5.851286647800286317e-02
-5.185873007744092045e-02
-6.260559443102235722e-02
8.142181325450621732e-02
-1.743497323417944264e-02
-4.854952222101280995e-02
-1.018827499429495742e-01
-7.611101598478413333e-02
-8.662320748379433166e-02
-1.421351108995526011e-02
-1.548885823291429147e-02
-2.861150204983379727e-02
2.550008906724078594e-02
8.580346370641334444e-03
-1.223871812203383355e-02
2.583453448490804355e-02
2.984069446562735012e-02
3.011900912663192584e-02
-1.586562704262264867e-02
-2.622854818758205142e-02
-1.768053650242314492e-02
-6.287229526797608048e-02
-7.527697984294620670e-02
-3.707713328235029415e-02
5.023122439044975379e-02
6.881196066317855908e-02
7.840460719608909404e-03
5.699046589867191176e-02
1.019306365202860276e-01
4.345927147001643620e-02
-4.033914566576048827e-02
-3.367475515822406906e-03
-3.961220861066982318e-02
-2.515772457553321767e-02
2.056192911200220227e-02
-2.624650708536434892e-03
-6.850499175389077045e-02
1.501699428685264112e-02
-2.525386781861335347e-02
-7.276976787784952827e-02
-3.312437235601691909e-03
-4.392285279662998948e-02
5.742485154379649293e-02
1.170050039158248151e-01
8.781913283668164871e-02
1.453694014121033884e-01
1.467619316307980371e-01
1.435139621599901827e-01
-8.347799990896320743e-02
-1.335961081067824352e-01
-1.109199776087520378e-01
4.701970760541277633e-02
4.657646028538741517e-02
4.586935424380105680e-02
2.136537550452759227e-02
1.549232602263088572e-02
2.323299373227043566e-02
-3.570325224788149787e-02
-2.845628983439360202e-02
-2.276791324090440133e-02
-2.695050847370443828e-02
-2.050590754164309699e-03
-1.836758579702365288e-03
-3.638771378619348740e-02
-2.224878062201830764e-02
-1.067949027021261252e-02
-2.903554566642859228e-02
-1.304808633801275708e-02
3.279593014035904301e-03
-1.078496505734262423e-02
-1.002440679949967786e-02
-2.409924351410068152e-02
-1.475971455125397319e-02
-1.190731397230552352e-02
-3.960641969189292871e-02
-2.590901835507081110e-03
2.816960831282281047e-04
-3.343874466919966038e-02
-3.903822561832891169e-02
-4.490340714336863576e-02
-3.619134365049195279e-02
-7.165786690622026611e-02
-5.106021996907461613e-02
-6.851672825918159182e-02
-6.684450117084530206e-03
6.713519845833789551e-03
-1.222161022311948550e-02
-5.841509598417610888e-02
1.400389024588113637e-02
1.005791700440772929e-01
-8.221720816378234875e-02
-5.144957141462160044e-02
1.600563400708759909e-02
-3.426353376262525341e-02
-3.279749490018078056e-02
-3.863755513554463505e-02
-1.307053019623890741e-02
-2.764298140544386301e-02
-1.560690324075739432e-01
6.177124630867456001e-02
2.469630927306265267e-01
-4.877940664693881934e-02
-4.366651562154683086e-03
1.559665890622470852e-01
9.282593867496929940e-02
-3.370422166383634649e-02
-6.452190170945752354e-03
2.749425842583229709e-02
-7.868600350779020314e-02
-1.515751023289044208e-01
-5.145720110296643501e-02
1.327091128414465970e-01
-3.152295208971932911e-02
1.572042094183470975e-02
-1.677903365314578621e-02
-5.233801549294539446e-02
-6.877022168552771042e-02
1.724865029462235161e-02
-1.347259969514434663e-02
-4.768277483755414131e-02
4.393303892605236044e-02
3.424114858236443348e-02
-3.201833827139334305e-03
2.019766410254236408e-02
-6.447763523370957095e-02
-6.286370023879397917e-02
-2.547640423845620034e-02
-8.962480235131983775e-02
-1.327937535806355401e-02
-8.655391429027264882e-02
-6.460741928750458885e-02
2.651021669342976117e-02
-1.451465760946175909e-01
-1.468774996441539471e-01
-7.936735887932329370e-02
-2.252462541243556091e-02
2.469726030597802283e-02
3.260189833706703642e-03
4.364791949608024663e-02
1.063504996027913874e-01
1.555732335958490489e-02
1.032485690656079480e-01
1.291080745169378985e-01
1.011037656722383882e-01
1.445026073862531665e-02
-1.746756442320806027e-02
-6.640857723281851088e-02
-1.005693700803686474e-01
-1.797459351723147691e-01
-2.371994880776131520e-01
-4.250960808395898641e-03
-2.916585053516656569e-03
-3.963863531497163750e-02
-2.701285246769018905e-02
-4.427704939299917375e-02
-4.557523511185732068e-02
7.351063870565473224e-02
1.713306230161662502e-02
2.566736268109407609e-02
-9.374294944912399397e-02
-1.115828628983027704e-01
-1.118088254623250816e-01
8.410253073668803175e-03
-2.645776744636492428e-02
-9.084393370706264625e-02
1.025893251101673009e-01
1.774238595609279809e-02
-2.437836313874387414e-02
-4.694778152700192914e-03
1.012376958645255370e-01
7.509962148528137593e-02
-6.082958485657581627e-02
-2.765811223200228749e-02
4.424283680714503897e-02
-8.477959316865318895e-02
-1.637969386073085398e-01
-5.683206459951423151e-02
6.761106452064318505e-03
1.915352319998728237e-01
1.435479639579379241e-01
-2.452434093823802758e-02
1.512861740061548568e-02
3.917060174455570809e-02
-5.604209626987412957e-02
-2.293365288557414061e-01
-1.612492138720342527e-01
4.295516918698795428e-02
-1.494645154889856220e-01
-1.762373339143988304e-02
2.633564482168788620e-02
-2.192190780637027769e-01
-1.358828648130648749e-02
1.168229788776549288e-01
1.762768868853346535e-02
1.447459797643457502e-01
-7.041953573971054814e-03
-9.843369612687504280e-03
6.157825248895874848e-03
-1.179794658499985945e-02
-1.033346063988152888e-02
-1.879082852692841310e-02
1.416629786307469462e-02
3.969957363181422089e-02
2.129201890821351417e-02
1.296502029546651742e-03
5.714847051281612099e-03
-1.971760712725894107e-02
-2.193720289142973151e-02
-2.158747511772009936e-02
-1.217238732792085866e-02
-1.648766208438335462e-02
7.474541032736495283e-03
1.747963583599492984e-02
6.352785607887886932e-02
7.186878373316107904e-02
3.001513840221883486e-02
7.763830803540250347e-02
7.910260909051726463e-02
4.158390827315573690e-02
5.088030064825831839e-02
5.184897746590047540e-02
2.002214318168343832e-02
1.764103528688145198e-02
2.464644848604782574e-03
3.123960419164840594e-04
-8.538092211589336233e-02
-6.891438827715425097e-02
-3.773503799192749059e-02
-9.442117438690559444e-03
-5.916251580741475500e-04
-2.083669791420198706e-03
