1.208000798780735630e-01
2.502931373657872882e+00
-9.642827353950854663e-01
-9.011504756355151469e-02
-9.604461103936512423e-01
3.227395769575125972e-01
-4.913861411208741981e-02
-4.263386875945691101e-01
5.629343989341040189e-01
3.481569218968407209e-01
4.091532997089466495e-01
4.892593088383118127e-02
-5.102868012934819175e-02
5.143621324635333503e-02
2.831574744506192842e-01
-1.880812326955473845e-01
-1.448234363641424327e+00
8.122399068806898104e-01
1.192415515552038618e+00
-1.675085224912260751e+00
-8.072925792787180588e-02
3.183379367652752756e-01
3.958671640422221083e-01
4.117950785191440422e-01
-1.699035713212207810e+00
4.222653428239088180e-01
-4.710670911013919437e-01
8.728345117203052395e-01
-7.402289421567325167e-01
-1.774502611017868270e-02
6.484048648156751082e-02
5.213983817373165630e-01
