-2.301317528778209498e-01
-1.054108433343225459e-01
-3.366401892431536425e-03
-8.005453156916990665e-01
-5.226288805435130858e-03
-1.665545344321420762e-01
2.957593114580232552e-01
6.742648131793450572e-01
-2.261696611259505496e-01
-1.209521071557135619e+00
-5.649520999577718472e-01
-4.543779331416779588e-01
-1.301323757517248159e-01
-3.516830595746606170e-01
-3.786238558078859895e-01
-2.333320620690593206e-02
-3.903816460933057231e-02
-5.843470450184107268e-01
2.774496645464746281e-01
-2.833615658570226015e-01
-4.666725607274984644e-01
1.534852896833467373e-01
-6.327788425673469552e-02
-2.972303067518218267e-01
-5.173545620586793570e-01
-4.058627098052525195e-01
-2.120773445305346172e-02
2.658777894832291544e-01
2.010251271305565079e-01
-2.864507329961997195e-01
5.069417668327247384e-02
-3.704343967392522696e-01
8.596638039004311782e-02
-6.722666876369758349e-01
-1.478272043391912205e-02
7.515140454682101012e-03
3.701102291456986881e-02
-6.233831226557743355e-01
-2.770436520606288089e-01
-5.037249187295356201e-01
2.418825570521287993e-01
2.756138167283176954e-01
-9.546001318270417313e-01
-5.741609505392997193e-02
1.456471007075527124e-01
-6.145882208115017731e-01
-3.518912180224624264e-01
-8.300160972193248998e-02
-1.582403911394255625e-01
4.182667509926285554e-02
1.729389843614542732e-01
-1.121288471404713327e-02
-3.980499541046389478e-02
-7.753865583285785013e-02
1.217566396855926936e-01
6.779206117206704185e-02
2.028706353686319241e-01
1.589631459885690323e-01
2.120596564822272434e-01
-2.657564900311767953e-02
-7.558607131250813516e-02
7.444513503567906643e-01
-8.886148497392509782e-02
2.902786808134055763e-02
