-1.508062915857633426e-02
-2.979087007755930328e-02
-3.832968050554617315e-03
-2.152080280387176289e-02
2.567618406705734352e-02
6.286521890953884750e-02
-1.356753974245663956e-02
1.877598193056928197e-02
7.688902319416204834e-02
-1.088642981720669561e-01
-3.251077186553510967e-02
-1.604523543523183812e-02
-8.460330207711203336e-04
3.658395991340812614e-02
8.509915085345922878e-03
1.320454647746540158e-02
-1.299134206366574576e-02
1.779208070744967354e-02
-1.869822725079157977e-02
2.681783773295124892e-02
4.468598388466810123e-02
4.332608468313298156e-02
-6.413875848406725387e-03
-3.266645661019816627e-02
-1.712706247166789417e-02
-8.062767614922695947e-02
4.435399649131849427e-03
6.517686478240478087e-02
6.074653357826811234e-02
3.229357125590368027e-02
-9.716329425315622242e-03
-1.175986205334255720e-02
1.776335336528026693e-02
-8.639384371812922417e-03
-6.785709999750730997e-03
9.772038381677663685e-03
8.174386389749013077e-03
6.044499673192453570e-02
3.594783628180368146e-02
3.544872349629517305e-02
9.337805532118149260e-03
1.423583269512209565e-02
2.420965441238926569e-02
-2.042111454807266080e-02
-1.305093755401330428e-02
-2.826926211445311699e-02
-7.717707569496589509e-03
-2.800727590219587171e-02
-1.693947794516189806e-02
-3.158200618178347990e-02
-4.303326909203717549e-02
-1.792857315209057771e-03
-3.586282065856927909e-02
2.058369691209572735e-02
9.216671653662078523e-02
5.525821663538156570e-02
3.011329436714443517e-02
2.603726914207735513e-02
3.365436030609024465e-02
1.641259745094668029e-02
-5.987692990672427960e-03
1.203881409783431888e-02
1.295860523331956310e-02
1.328487691831881957e-02
2.442077008186476633e-02
-2.054797668876047131e-02
4.438514857875513336e-02
4.307202735466872726e-03
-4.347024607237574834e-02
3.923215134626354544e-02
1.793761046976391146e-02
-5.418544685513634537e-03
-2.603910939339635494e-02
-1.970600558708251668e-02
-2.912439189921826876e-02
-3.011430421613269307e-02
-2.269287784745906839e-02
-3.429178917212741262e-02
-2.084052126371098781e-03
-1.953330664081841597e-02
-1.586977869661186993e-02
2.113352885534569223e-02
3.780128911478252557e-02
3.722515309770316888e-02
-4.184933469208650114e-02
4.866249966120460985e-03
3.826147969873780474e-02
-2.085076190783869896e-02
2.914870359822476636e-02
4.137497151450590660e-02
-1.161982572183171449e-02
-1.113763519920466308e-02
6.080126111649091641e-02
7.604709344644632052e-02
7.503466352786870852e-02
7.359184963207292263e-02
4.465221025141186129e-02
3.322001447159822485e-02
1.012407395437475571e-01
8.031096756799219194e-02
6.658607858389294087e-02
-3.922606455994859243e-02
-4.968800407801775634e-03
-5.616588072144440211e-03
3.547240602430496662e-03
2.478564495213722921e-02
3.185712449243791738e-02
-4.866618090230622959e-03
-1.113302940166187999e-02
-2.183861391127799381e-02
-4.805746903994792540e-02
-1.027268790996098934e-02
-2.343962517417379904e-02
-5.833646527530721160e-02
-5.147261954855542054e-03
-1.800950507155528110e-02
-3.367842683517784097e-02
5.679468248634422095e-02
2.440686111974862960e-02
-2.969970674476202568e-02
-2.277495992399814970e-02
-5.308200498880173701e-02
-3.951323828905516089e-02
-2.468502928511714586e-02
-3.981429882636953327e-02
-4.031970922955398218e-02
-2.132891451143994685e-02
-2.122683631723796399e-02
-3.147605511517278382e-02
-1.367630546312125286e-02
-2.269425065131220817e-02
-4.161434449406230945e-02
1.320513540219529942e-02
-1.748541523132662520e-02
-4.667896424772970815e-02
-3.681821903245727917e-02
-1.820587362271598730e-02
-4.802063447502342985e-02
-6.943445457861971426e-02
-4.242875539530828466e-02
-6.043907056144500606e-02
-8.532510964151897304e-02
-6.274066963688117171e-02
-9.519052933145001616e-02
-4.593351003788492121e-02
-2.831931268324825238e-02
-5.924530459922448117e-02
-7.490547068659021701e-02
6.161600338934378890e-02
-2.272853937705496610e-02
-4.598068689297708789e-02
4.037852190121523493e-02
1.547619283830306385e-02
3.492399546243344505e-02
-1.218783058008218647e-03
4.930580066317561544e-02
-1.516735891213185639e-01
2.137673041913198402e-01
-1.092192828484151584e-01
-4.298716569139172244e-02
5.574488636143186404e-02
-4.349362310635175588e-02
-2.270233520308792986e-03
-6.864615985448571656e-02
3.895677030191287138e-02
-5.138795954294845397e-02
9.491856853435527708e-02
-2.425241773971905865e-02
-5.222545175706424375e-02
2.018030641532833278e-02
2.029004000008333836e-02
-2.144658074004946249e-02
-2.212935759815809825e-02
3.588540042034343847e-02
-4.179150580426838762e-02
-3.804145963177375800e-02
1.087078824420567059e-02
-2.404867252506270869e-02
-2.054708929096496495e-02
1.089731224263005768e-02
-7.859408528505161529e-02
-2.818428026953220117e-02
-2.525861460745506409e-02
-1.085636069916178781e-01
-2.215334168482668148e-02
2.209992935186927410e-02
-4.653872287076706721e-02
1.587259327212810558e-02
-4.364702619293596257e-03
3.565484655250512891e-02
-8.615381225222609740e-03
4.495789432315856760e-02
1.486517233398187629e-02
1.741341408813345398e-02
-2.591996157834145983e-02
5.152199731359267086e-03
-2.664228126858431134e-02
5.561218943559166628e-02
2.031651344206429274e-02
-3.891233833198302038e-03
6.604501435420710720e-02
-1.445433995890047819e-02
4.558790454201665059e-03
3.479812090882351827e-02
-5.518855116834205966e-03
-5.463383433096858505e-02
-4.070106101976849605e-02
-4.275416093510016335e-03
1.357862899689444257e-02
-4.657329908186082223e-02
2.726523007115894126e-02
1.956269873614412819e-02
-3.369852375948308165e-02
2.545982210846184021e-02
-7.074737906295827661e-03
1.840067811733141993e-03
-2.067923256879694582e-02
-8.302233515563070543e-02
1.956057371694038677e-02
-4.914234124056127834e-02
-3.387526523902902043e-02
-4.045626067588749958e-02
-3.161634949296659308e-02
-1.423065737115619851e-02
-3.081359724885914843e-03
1.236835912190963234e-02
1.790646387934315218e-03
7.231344183192581210e-02
-1.133849057335385192e-02
-3.113794430979159242e-02
3.403166874062549252e-02
-1.632026288533036315e-02
-4.888426983027986672e-02
2.938394483145441785e-02
-5.552269354018909975e-03
-4.215976003726680521e-02
4.596763838483307330e-02
-1.273795227636911019e-02
8.594344524253352824e-02
1.782486660393670791e-02
1.532809130919703632e-02
2.716515853712796538e-02
3.303044783588144490e-02
-3.415770100835785472e-02
3.632406549134954005e-02
-3.827164256918472868e-02
-1.903862789591427703e-03
-5.326738158930074962e-02
6.724007250974831096e-02
3.048848634600966750e-02
-2.486259554506198288e-02
5.074691757841797574e-02
8.732423513212628219e-03
-4.798134274114834730e-02
-2.369283759229822220e-02
-3.396543155683359044e-02
-6.067704933900269076e-02
-1.547177134760915895e-02
-2.591581540045363036e-02
1.761014322244746928e-03
1.608418435223091247e-02
-3.380191443393056050e-02
2.948732314155431966e-02
1.561561047396012140e-02
-2.828300546349356986e-02
1.874058667136228873e-02
-8.912702569982275391e-02
2.554302757334326809e-02
-1.770092638381454836e-02
2.241225936600899082e-02
-2.613663440529883503e-02
-9.813516179967785025e-03
6.510189764018141714e-03
2.096736170804054580e-03
-2.592315872386185757e-02
-3.742006324172836990e-02
2.751634172757031968e-02
-8.599158376910397833e-03
-4.098801279835938283e-02
1.596059500481668975e-02
-2.530790988743226305e-02
1.457374878301693003e-02
6.196054829895313032e-02
-5.201097428871016837e-02
4.188033677253453352e-02
6.600972375858661992e-03
-7.840316876791568468e-02
-8.517819104223417481e-03
9.174499895410305819e-03
-2.038104488049394258e-02
1.660660702546302991e-02
-1.429894384471826208e-02
1.822160291210258567e-03
2.261505286966255385e-02
-6.425624277173060117e-03
-1.744493339287530448e-02
-1.675809388530491786e-02
-3.704745599762590547e-02
-4.486757083879498731e-02
-3.858770756763548609e-03
-1.237095857252877434e-01
-1.735586424840384889e-01
-1.111464971313273348e-01
4.822466060336460386e-02
2.282775567554200941e-02
2.882467932302682639e-03
9.553108374383866008e-02
8.919292187525500182e-02
5.306104963480472170e-02
1.366683770858685143e-01
1.305182931544822678e-01
3.436096941538744481e-02
-4.136847326501848915e-02
-6.040101650887635953e-02
2.537782450730479214e-02
2.710640971011454500e-02
4.694204308518905300e-02
3.234903202059263849e-02
-2.215720570553900495e-02
-1.300070954483821366e-02
-1.394685099974859012e-03
-3.361910836052310614e-02
-1.476472932070301697e-02
-1.179889943888890597e-03
-5.330273726492747860e-02
-2.597409490471252677e-02
-1.202493227850135078e-02
-3.419597664470203080e-02
-3.117060700518667696e-02
3.979760387425407449e-03
-1.563276267966902389e-02
-4.707950365908238760e-02
-1.718002272793580157e-02
2.263629288141968607e-02
1.049485221046175462e-02
-3.096708159823790413e-02
1.134655802305457352e-02
3.070976405609591488e-03
-5.521411372558076430e-02
-2.484359208274396907e-02
-1.474231898326146262e-02
-1.648870509197152695e-02
-1.560376023316121380e-02
9.637448532343067045e-03
-6.099927856770865492e-02
-2.149627058126812526e-02
3.248672583033982569e-02
-1.316996966781255364e-02
-3.740918234719602022e-03
6.416451370192148562e-02
-1.179796269459292869e-03
-3.642787445407886376e-02
2.816498121261783866e-02
-5.742190704138060674e-03
-1.443850354129623710e-02
4.954252610591213359e-04
-8.949780087271376819e-03
-8.178485013185960231e-03
1.233694207346511945e-03
-6.626007046950344037e-02
6.025269923790461946e-02
7.281402906075970516e-02
7.269414583188157919e-02
1.002922982680739226e-02
1.065057325127113930e-02
1.527722139940837802e-03
-4.456126823879124482e-02
-5.449766155740198154e-02
-4.498555017203650919e-02
-1.265644789600427755e-01
-1.492614546276148646e-01
-1.655377133003788637e-01
7.691276737641569716e-03
5.140333357810508014e-02
-1.182033329555568293e-02
4.505208976962999518e-02
7.432059791812757610e-02
-1.966072756229864105e-02
-1.162214881689274670e-01
-1.309820420495446947e-01
-7.397948270734570897e-02
-7.481506829432431338e-02
-1.234841485873227479e-02
3.037405991712333053e-02
1.064641681558825964e-01
2.001270603531627723e-01
1.531399422796262677e-01
-4.828620031532077778e-02
6.323385427022226724e-02
9.534852744952197756e-02
5.444610433999052396e-02
9.067702061769579436e-02
6.742723105700501596e-02
-2.969541268934389883e-02
-3.599910057105577821e-02
-3.461992340938695178e-02
2.038662249997960293e-02
2.857969183749035913e-02
3.509928701294626804e-03
-1.043327207095758324e-01
-9.129807759397755296e-02
-7.784028935396240800e-02
-1.258671383104956465e-01
-8.877440345910926622e-02
-5.626114575463943279e-02
-3.911435067027937973e-02
-1.814152112253275898e-02
2.332015768163335848e-02
6.506971414441839463e-02
1.065949357246069942e-02
-4.163454527174285935e-02
2.818418084257204997e-02
-2.255960493267430977e-02
-5.366976411523542712e-02
-3.639748123081291975e-02
-3.655701317270688977e-02
-4.456366279355742505e-02
-9.259996212135399030e-03
-2.499794238780191774e-02
-4.999909133667600897e-02
2.222077025024117927e-02
1.735823116040216552e-02
6.018047559616919104e-03
-1.536785166919492525e-02
-4.962251391007121634e-05
-2.819882632652074075e-02
3.551897679138020514e-02
6.398855711843220995e-02
2.323799162736662344e-02
-1.394471110398135504e-03
1.816710968720942551e-02
-3.425456894653475942e-02
-2.769964675163676115e-02
-6.606230702401161281e-02
-4.802732740100316977e-02
2.066552345012537539e-01
-1.754694705662819196e-02
-1.731153918504483025e-01
5.957076758167295823e-03
-3.180262524928220702e-02
-2.158621986242036713e-03
-2.725975118467440644e-02
-3.196953132607950610e-02
-3.880650598654068750e-02
1.157257354019849277e-01
-2.265997918280027446e-01
6.851292072802787902e-02
-5.092837934229785257e-02
-2.917203340464474132e-02
2.236267446760755589e-02
5.663277321973162609e-02
1.821300316808811479e-02
-3.048958615042831818e-02
-1.005863196001307580e-01
-1.292703678910037679e-01
7.440531449657115937e-02
-3.937201679948580668e-02
-1.255704767062755002e-02
1.346174295034640450e-02
-6.504408137840302084e-02
-2.833305433860928979e-02
-2.103127007943150079e-02
-2.197517872606201406e-02
7.382385056857042327e-02
4.107173816659628884e-02
1.976625132566621479e-02
3.831362026111501812e-02
2.897064509898786798e-03
1.020036047360521744e-03
-4.225153711966347231e-02
-8.417415422370619349e-02
-3.281986794799997970e-02
9.653902730349831623e-03
-2.136196674331180059e-02
2.400842583637993050e-02
9.626568333104934538e-03
-1.354876538525634500e-02
-3.714827458172693248e-02
4.788250655908898867e-02
3.972204192765887293e-02
-1.979944668497563010e-02
-3.394389313869321245e-02
1.086380019510833905e-02
2.209046201390704733e-02
3.351253056758478344e-02
-1.017521087354437276e-02
-2.400556173250839934e-02
2.231079294895644410e-02
2.530319963533675387e-02
-2.444118345768770892e-02
-1.117212690845438908e-02
1.241930037439923154e-03
-3.700604951048132307e-02
8.801376509493251052e-03
1.925485908291682882e-02
-1.188260148605126999e-02
-1.829854073178970725e-02
1.504635586987776961e-02
-3.909058611166783131e-02
1.456496243185060636e-02
-1.707974618538925932e-02
-2.696792470366198707e-02
6.746717539403636332e-02
6.132553679922940482e-02
-4.188078254542221962e-02
-9.161572030970271258e-03
-4.614451805267727469e-02
-7.218197619089672390e-02
-4.434048003449848896e-02
-8.420077005287918527e-04
-3.111470930282965452e-02
-2.831270620814529959e-02
1.271466857123463440e-02
-2.464182607949637685e-02
-4.139495539551425046e-02
-1.407065312816926754e-02
-1.878216896171347461e-02
3.566619403869224214e-02
-8.347660087842755441e-03
-1.889739123906183579e-02
3.074887793672259422e-04
4.488586303266203954e-03
-6.013183253712914463e-03
8.787078586615859610e-02
-3.432515790081015761e-02
3.290581083606603646e-02
-1.051326862332170042e-01
1.757461983616481413e-02
-5.865763534114123989e-02
-2.829404151545983695e-02
-2.531412785809705052e-02
-4.735331393902365849e-02
-1.262143549372832796e-01
-3.022670717289455827e-02
1.012909908366877408e-02
1.932760562651762160e-01
-4.021933961585311135e-02
-2.602340877662479360e-02
-2.154397856715537657e-02
-2.748703081985629307e-02
-4.172912061911272785e-02
-3.378994331875853629e-02
-3.135294964321219680e-02
-3.079506909673506571e-02
1.899280883129618805e-02
8.908543706544943749e-03
6.878260971979660576e-02
7.849625471936407320e-03
-5.107008469449773880e-02
-3.049641452430348551e-02
-7.580883837602110653e-02
-8.660863686538490536e-02
-2.807481893776664350e-02
-1.023390975028652672e-01
-3.412434156855958384e-02
-5.277845768898345447e-02
-6.041875134508754852e-02
-2.596774517209204589e-02
3.224342467545451146e-02
1.950724764449511539e-02
3.042752774198518033e-04
1.517762164820274026e-02
1.677574952257087498e-02
1.517891444932896981e-02
1.767855686636495005e-02
1.797545766947322016e-02
1.935114183788870556e-03
-3.962332637913221906e-02
1.108304734647380524e-01
-3.169379495128420848e-03
3.033437657671977927e-02
1.262736085576155465e-01
-1.587733691172918057e-02
-5.880203532361078650e-02
-5.430475389474487269e-02
-3.860097122675817255e-02
1.164590436699297453e-02
1.445281904642544413e-01
3.898107486038594055e-02
-2.292847646949645532e-02
9.393110257709672006e-02
6.855709092938891414e-02
-1.392991601385299046e-02
6.347091821167621939e-02
-1.710448397202715427e-03
-1.039869403860736643e-03
1.048847852739342446e-01
-8.944704201512256037e-02
-3.352761738094924698e-02
1.108613600535091476e-01
-2.187010893206661755e-02
-7.796779200335578197e-02
8.640812775164684323e-02
-1.734315513480912683e-03
5.774141510121954396e-02
4.033440504244849983e-02
-1.674833735446863009e-02
8.396232002741138567e-02
3.249926643893463751e-02
-4.207265139445327817e-02
-4.189974123814640961e-02
6.480953090843773190e-02
1.204736060128674263e-02
-6.892671552772402892e-03
-2.054840452673176165e-02
1.123958057668592546e-02
-1.682672941944757597e-02
-2.735964570624172931e-03
1.117223271447692623e-02
2.766087864908407107e-02
1.082254282820621118e-02
3.458509015558083703e-03
3.290813766473922597e-02
4.517556468335260506e-02
-2.519879934732508278e-02
6.059197396721449635e-02
4.825344432999635613e-02
-2.816432624467492610e-02
3.363183144205559444e-04
5.025837116772515628e-02
2.524788952534559941e-02
-1.959758712972019951e-02
4.436200900258163715e-02
-7.910476123424904638e-02
-4.689599986274030352e-02
6.156907465899635890e-02
4.644530441994049880e-02
-6.930063127622571560e-03
6.208285870752225377e-02
2.676882971337414194e-02
-3.528871120816528487e-03
2.305463918381970082e-03
-3.531592231918782160e-02
2.874120759720427687e-02
1.924747566693988179e-02
-5.977925042164475289e-03
5.108631959810890077e-02
2.648524557530475276e-02
1.585887992552822284e-02
6.634940434686341154e-04
5.937242619044665742e-02
-2.002065394418396302e-02
-3.657447607108472304e-02
2.105799600556787152e-02
1.029748987141178296e-02
-2.946964193568439583e-02
9.141205825687637523e-03
1.505656879784916281e-02
-2.414336892821872249e-02
5.874728679509801099e-02
-9.840482958556162618e-03
-4.219278620256279588e-02
4.784667518788823792e-02
-2.819390618656644320e-03
-2.945885607175218607e-02
5.569132100856169498e-02
-2.199394688679286169e-02
-4.181068827448673059e-02
-7.557515104979909207e-03
4.419656776710524670e-04
-1.777701042268831425e-02
-2.366750704946224068e-02
-1.061643598627958103e-02
2.221328380859118393e-02
-2.966014000882266979e-02
-1.802855532591260759e-02
3.287261389998183403e-02
2.365892880832518377e-02
-1.127599649475835575e-02
1.206803147755877020e-02
4.088787063231210522e-02
-1.579140651818259126e-04
-1.042583817289419353e-02
-3.549579689623802436e-02
-1.170043096836642475e-02
-9.947896825962395176e-03
-5.150603757578725572e-03
4.947781385185003045e-02
1.842322110501033727e-02
-6.177040788630525081e-02
1.800791112435783103e-02
5.267138638629572517e-02
-2.700535037204898972e-02
-4.968193342734140983e-02
-2.490644734567208293e-02
-3.417257725098623439e-02
-1.648922958901831784e-02
-2.329475513047194954e-02
-5.357703362895244181e-02
-4.885740341996198943e-02
2.510324181185207698e-02
-1.264145120563955199e-02
-4.735532109726008770e-02
2.439257631437254450e-02
-3.904603359574543991e-02
-2.910871851413976419e-02
-2.071143343995234323e-02
2.893877447041425573e-03
4.739971420550367215e-02
-3.234369629855427669e-02
2.069762927377458150e-02
6.883528793434376403e-02
1.160510538695647652e-02
-4.035712494292506558e-02
-1.791642699217470963e-02
1.648247769618526801e-02
-1.850470366793696003e-02
-9.458720204101208479e-03
1.702058821701698740e-02
-2.213031963908677555e-02
-3.043301674578477705e-03
-1.471579957490109537e-02
-1.627210695869446555e-02
-3.082504520718553839e-02
4.070614332218322473e-03
3.220586484514630348e-03
-2.405713594608066205e-02
3.027566490825754370e-03
1.515244845952724113e-03
-3.005129864248696527e-03
-5.301066953966480921e-02
3.259873165995565841e-02
-3.856900331131041769e-03
-4.408074497898315652e-02
7.370896676966567918e-02
4.295195866664573703e-02
7.231164414750096414e-02
-9.005898903711286041e-02
-1.112546500401716681e-01
-4.400394308183902536e-02
1.133662724960355916e-01
-1.002042305684483665e-02
1.009872286443865182e-02
1.557135884995616837e-01
-1.313339630442453831e-01
5.398782406166506564e-02
-2.094876048301497207e-01
7.613031572882017484e-02
-5.243310364711920024e-02
5.487168185790972617e-03
-7.049928501073070286e-02
7.078175035639000523e-02
6.556092458696570480e-02
-1.638815413592384918e-01
-8.308481736484596425e-02
-1.260331914220909066e-01
1.081979251582224494e-01
-2.223210377697040080e-02
-3.269972263884527580e-02
-7.724387604551624133e-03
9.345880197889440064e-03
-2.450060211608737562e-02
1.076075178009620707e-02
1.255885404709711391e-02
5.230985496277849173e-02
5.280994703924260514e-02
5.385403718822282665e-02
1.541391792975485737e-02
-8.272026540146996954e-02
2.175356623497639794e-02
4.437773002409847040e-02
-3.995652841780690523e-02
-5.794274830266644971e-02
-9.014136004842628752e-03
2.925880388411820215e-02
-4.965391253834938734e-02
5.011521770350298860e-03
3.151590772813904484e-02
4.556127616722974866e-02
7.130084055015785405e-02
-4.801972442734041974e-02
-5.835542528798027921e-03
-6.742236193300356339e-02
-1.043617743089183918e-02
3.836955901947140422e-04
-1.403530403097014330e-02
5.068733323964496468e-03
-2.161120067556628749e-02
-1.823971927390927172e-02
-1.100011399470356838e-02
3.473889348203403754e-02
1.277289054313329036e-02
-1.933391426178932004e-02
2.944781624380392315e-02
3.706883021366195324e-02
1.401334196985150153e-02
2.077158952264884437e-02
1.368404793702283906e-02
4.632005703458318135e-02
-5.372003780088412811e-02
-5.825666257979925794e-02
-1.319077911923765764e-02
5.089632503080342152e-02
5.101569533653351612e-02
3.515380186326082235e-02
1.478354608418117229e-02
6.041747887749210170e-03
-1.009115674468337616e-02
-2.414881348731714658e-02
-3.115455284882321513e-02
-2.094471459345066851e-03
-3.086757470806824125e-02
-3.408930100460619977e-02
-5.619593095173166207e-03
-1.912362426073977231e-02
-4.926259007442664040e-02
3.097374915090915851e-02
6.306646147181174666e-02
6.402861501288456547e-02
6.578668934992365491e-02
-2.483941489635536903e-02
-3.265217890491837333e-02
-1.168404996788302997e-03
-1.767595053357166879e-02
3.499544150793683361e-02
-4.421907589956465545e-02
3.086521955406263187e-02
-4.985008786642796536e-02
3.285551845147154787e-02
6.612357387910160200e-02
4.643181434249259165e-02
1.588430618886002565e-02
-2.206603041728621550e-03
-1.260836259700507112e-01
1.026272265103005121e-01
-1.213987571223245319e-02
8.988500265998945749e-02
-4.245084777356029904e-02
3.291521172986792369e-03
2.239867591927041657e-02
2.414182053004147385e-02
6.638071569383276194e-02
-4.255946425108804096e-03
-1.562018454271149430e-02
-2.979888607557137827e-03
-4.519922749254602916e-04
-1.190298897199855606e-02
-2.111526199569645906e-02
-4.158366294257561518e-02
7.087737535939371211e-03
6.622885576357733471e-03
-5.602669801043964025e-03
-5.944019622211310291e-03
-6.171236667635292966e-02
2.887946657891560416e-03
-2.966249153161126112e-02
9.228135310946924616e-03
-3.013490492314163573e-03
1.148346028864612178e-02
5.027495939915405110e-02
2.836479229890827986e-02
3.150467730627180829e-02
4.965574078289992227e-02
4.638466750951939638e-02
4.019745042191028711e-02
2.780357122516485466e-02
-2.268109251174170449e-02
4.496025874116757470e-02
1.669912134534528442e-02
6.315552042045532999e-02
3.539855411782767691e-02
4.361519578630882604e-02
7.789246845754890791e-02
-1.195820383254722445e-02
-1.034971364461095417e-01
-4.898387280517689513e-02
7.498544726672324093e-03
-6.416588875882042742e-02
-1.035852930575514308e-01
-3.196981000957958841e-02
-2.556440695390522003e-02
-1.621999266984892538e-02
2.961214992892986786e-02
-5.761944662744731410e-02
1.870002837797895071e-02
8.842791133845546428e-04
7.373001840464470102e-02
4.350475147631589594e-03
5.005771278863881818e-02
-4.305356633066682176e-03
1.195921517228430361e-02
-3.473130179561732811e-02
-8.934263605278391224e-03
5.477474901473763664e-04
-3.438189608016169879e-02
-1.104858538649523825e-01
-7.053518761422747363e-02
9.522571033074157809e-02
-4.628378163113205934e-03
7.015711242489530708e-02
3.360657054265215552e-03
2.943528333732458105e-02
5.555616160818408270e-03
-5.607556654723445944e-02
2.723718153166687639e-02
-5.479646407383842932e-04
-4.687395869909148638e-02
-5.359593063246168715e-02
-6.485009498605873168e-02
-3.831242747705068674e-02
-1.839439288487176166e-02
-3.466202003168077084e-02
1.764549723232305273e-02
-9.600596022811019870e-02
-6.456796709365256182e-02
-5.017397928760961197e-04
-1.488339674069161789e-01
-7.847061321597842420e-02
1.096006006982653885e-03
3.715388788224997102e-02
3.236293340844324101e-02
-5.970159281543845758e-02
-8.223948011703920841e-03
-2.172559051586638035e-02
-6.399335274378312177e-02
2.195783097450067917e-02
2.574016059044134663e-02
-4.702812162904850685e-02
8.142621773397389073e-02
6.413891669686501255e-03
-3.299976598813572637e-02
9.980160955353081786e-02
-3.599917523630439403e-02
-8.141999078145005508e-02
1.700422495672479451e-03
-3.364125867857868657e-02
-3.972635917209337009e-02
-7.041650245870974267e-02
-4.772343564528713084e-02
3.022310319445131732e-02
-2.702709571829757344e-03
1.776061005077382571e-02
1.094042605017628289e-02
-6.768413247884619288e-02
-2.304868082852381400e-02
1.612723719127350311e-02
8.904151953031508651e-03
1.273422609791395772e-02
-2.444224979813910958e-02
-9.765689850306240490e-04
-9.778552253387652257e-03
6.287907953789242379e-04
3.194875059914941556e-02
2.802588429169763917e-02
8.939327550843072928e-03
8.667848275750862641e-02
-1.261012507919514331e-02
-7.964652485805978621e-02
2.896067639421444698e-02
-4.658438519944890083e-02
-4.771691024671124298e-02
-8.763935469263769984e-02
-7.220148031679583800e-02
2.415363256938835024e-02
5.411139359657435310e-02
9.748157388272613022e-02
-6.989571409785551304e-02
8.621799293442379553e-02
-1.245467478975728973e-02
2.204110084272128782e-03
1.605145769719712803e-02
-4.313876024327933933e-02
-1.395363469767733032e-02
2.887410061420460708e-02
-6.898439042499540652e-02
3.340903967075437714e-02
4.561776817781757268e-03
3.274501896660004033e-03
3.528555342005938733e-02
-3.531287056026250620e-02
-5.015751812255038120e-03
1.060199133594710019e-01
-8.493068008578293776e-03
9.847017021256685224e-03
3.564488557555923511e-03
3.153887722649488523e-02
-6.064164502962291533e-04
-6.239559693354637671e-02
2.096283515301227210e-02
-3.394084753031850754e-02
-1.026020221244522412e-01
4.941970352320981114e-02
4.024224804359283897e-02
-1.468821830762298379e-02
-3.721485916716173181e-02
-3.747617853035024177e-02
-5.065151784141867786e-02
-8.793417586869576794e-03
3.387126421151683692e-03
-3.931610776777288985e-02
-5.592229584662060382e-02
-5.143903303486727085e-02
-3.184827873572158158e-02
-5.247581907567743648e-02
-4.472776785361492341e-02
-2.406602746138018431e-02
-1.985445936546289744e-02
-1.702300840512666405e-02
-4.062226002345039472e-02
1.250082014527008410e-04
-2.247271103616791180e-02
-3.021864515654858890e-02
-7.225876952354023941e-02
-4.534287138454790728e-02
1.613305471311965097e-02
-4.720179546965930575e-03
-1.286273572440812564e-02
1.312489446711806972e-02
9.145820052090378183e-02
4.519173395979948771e-02
-2.003115931746891898e-02
6.381791905249412089e-02
-1.568276227712050563e-03
7.894934646708710608e-04
-3.353327299099695402e-02
-3.608276719346176220e-02
-6.116973068624968757e-02
1.120540217844945632e-02
-3.497173563630298632e-02
-2.999159004593354716e-02
3.242855279688876963e-02
-1.052787535552073966e-01
4.145176390054007565e-02
4.586066122307588290e-03
-3.583088079063809911e-02
-5.198978762999725139e-02
-3.654306233317398955e-02
-7.932798688221920358e-02
-6.536659268574375459e-02
9.045615959855342683e-03
-5.671878978507889635e-02
-2.603895587150850330e-02
1.125780179789336206e-02
-7.166553157615937648e-03
-2.940189059026787274e-02
9.909626531142095088e-03
4.598279030384145455e-02
3.409059103121214740e-02
3.864437805468239930e-03
1.043218808670901346e-02
-1.882884920680218815e-02
-2.835298976224232340e-02
-1.779007910240784293e-02
-3.546681015090309697e-02
-4.210045674358395273e-02
-5.192017648087784987e-02
-4.156071316744559298e-03
-5.808901055885111464e-02
-4.622310748315749257e-02
-4.276606078532836641e-02
-4.556423537814302538e-02
-6.205852835337477558e-02
-4.186079869285392469e-02
2.141042697581668069e-02
8.474605419570302456e-05
-3.601528235455078025e-02
2.511199107403505257e-02
-1.378690520945272981e-02
1.860333622099960213e-02
4.255350146885004958e-02
1.214152996641255922e-02
-1.288822668082987948e-02
5.835931395204043033e-03
4.974237150692988052e-02
8.941388149599419424e-03
-1.229854790911565077e-02
-1.060930117770490485e-03
-1.649769893256951194e-03
2.861030087606466869e-03
-2.690110323244919097e-02
-3.343638522564341964e-02
-7.117536053698156860e-03
-3.108124708345620310e-02
-3.954800197820247665e-02
-1.916590936381164581e-02
-1.197154842608850848e-02
-7.553897103729600819e-03
-7.975238019794519267e-03
-1.149029079105292825e-02
-4.062953546274204741e-02
1.222301839202309497e-03
-3.763186277932084860e-03
-4.245886549634370760e-02
4.544628169770892345e-02
3.762741159297011782e-03
-8.726851447363065742e-03
7.484767752785825845e-02
3.330012073246108734e-02
2.956576429762354866e-02
-1.237554626254674418e-02
3.297485180670475108e-02
2.310265826352777066e-02
3.829507299841814795e-03
5.216554330220638663e-02
5.631961985867368903e-02
-5.132110030055760108e-02
1.568471704842496536e-03
1.851390984639694065e-02
-5.325261457001253390e-02
-3.241430707006430489e-02
-4.311139452291538887e-02
-4.145210587520394702e-02
-5.103790391096826168e-02
4.569542954536140456e-02
-6.838084010892199818e-03
-1.931293640639529519e-02
-2.326312435882956983e-02
-3.243388374064090640e-02
-1.344623970181358860e-02
6.149039260655441569e-02
-1.275657057202924521e-02
3.708226261085442038e-02
-2.848670737153686378e-02
-2.003918303591303504e-02
1.620567408093187556e-02
-7.408311870454602384e-03
-1.039887479029948103e-02
-1.892764954819923379e-02
-2.334829121836488885e-02
1.662170666769823002e-02
7.185303297492845118e-03
-1.287282099800844161e-02
6.930229359858672798e-03
2.183808146122033847e-02
1.225455838432883311e-02
-4.128416322092022528e-02
-1.429166367433285130e-02
-2.777631016454553889e-02
-3.833031293595817734e-02
-5.610238045344866781e-02
8.380191454809463687e-04
-1.418115621641856047e-02
-5.878775029080866160e-02
-3.469305386384880646e-02
2.403223365145946630e-02
-6.254164202831992078e-03
-1.372798380222555077e-02
1.304487782812736689e-02
1.707751421730519187e-03
-2.229054565691590637e-03
3.455921490870578813e-03
2.184456381160285610e-03
1.105853784961716678e-02
-7.903616390594764285e-02
-4.339493564502878986e-02
-2.383057339846198983e-02
-6.590399208071848203e-02
-6.613031311955747116e-02
-9.063393126656328624e-02
-3.605050298706945905e-02
-4.064492156475611739e-02
-5.155777710441950684e-02
1.563104632876612110e-01
2.929964241609877770e-02
-6.404655161316197276e-02
1.639904068564843054e-01
1.098246330375785874e-02
-1.198618257098774814e-01
8.830953132910046577e-02
-2.779418807513429467e-03
-1.172153862845148470e-01
-7.106572677841349259e-03
-1.099562810176139133e-01
1.078883673140885319e-01
-9.482284415696119739e-02
-4.534590216300529719e-02
9.818674020299118788e-02
4.562335608405229670e-02
9.887476670217709707e-02
2.288444546816967295e-02
-2.241779068473221531e-02
3.034936096320417151e-02
3.052882252792802481e-02
-5.242603084042368050e-02
-9.956234967699701191e-03
-6.682700171845351502e-04
-8.697104940412413165e-02
3.677240621986749280e-02
-3.703396373022697918e-02
-3.177188868299148095e-02
2.635993556075227895e-02
2.060114306824039482e-02
-2.542754205822207042e-02
-1.020155119608896419e-02
5.759845759253915363e-03
-4.418992844208927649e-03
-5.031567351310826594e-03
-8.802562184873019774e-04
1.260358548330199439e-02
-2.523058407902311825e-02
-3.113831619872131987e-03
2.373674427332498477e-03
3.419470685360170847e-02
-2.911139741089334432e-02
-1.681172891646397216e-02
7.289046892183898008e-02
-2.041615610183558291e-02
3.805922791892506207e-02
-4.900326211616819541e-03
-3.328552542674530212e-02
3.254310128583409734e-02
4.308250613144256735e-04
8.062302194162578040e-02
6.072120488118514653e-02
5.430498243860048396e-02
5.102628866680306713e-02
6.186393919252205706e-03
-3.576080589771187673e-02
-6.252617702962390799e-03
2.551991533388603059e-02
-1.887238457171976503e-04
3.198940380929959915e-02
1.450583744751704311e-02
-6.398435457473533074e-03
-1.404634496082716490e-02
1.350494678801939831e-02
-7.070591660023380770e-03
-3.048193329775926788e-02
2.661462880615778070e-02
-3.011596766459367219e-02
-2.693041815474127298e-02
-1.975932553142001336e-02
2.015848917063419246e-02
3.442840067105832486e-02
1.939550995515757631e-02
-7.955334894313844871e-04
-1.608371890293861309e-02
3.966440892083632555e-03
-1.700214594753648306e-02
7.506312484222558111e-03
-3.315538460053682468e-02
-2.528774898118518397e-02
2.944336669415157509e-03
-3.906617330778156677e-02
2.192638641265512098e-02
-1.337455725655896550e-02
-1.567154507748587042e-02
4.236181634249978900e-02
-1.339672394115704220e-02
-8.407964774084751569e-03
-6.542111238002205377e-04
-3.699676156962190821e-02
-1.640397997195227470e-02
2.505468646055979132e-02
2.858931949107501591e-02
-3.971966293764586653e-02
-1.300128259054713839e-02
-7.810693722898830703e-03
-3.882365667151182337e-02
4.239905580889265224e-02
-1.982058163497675551e-02
5.886834246393852881e-04
7.914552207098113357e-02
-5.097985954135042866e-03
3.028914776367062911e-02
1.339731668867420560e-02
-7.473726293093786721e-02
-6.178300221336054110e-02
-8.527240911361536058e-02
2.681301518252047350e-02
1.194443159132440105e-02
2.597679724444787799e-02
9.651633624875446960e-02
-5.975435906911900213e-02
8.000707851463175271e-03
8.006960301497348387e-02
-4.186922657538837134e-02
-1.914382148370445333e-02
5.908078234507172649e-02
-5.390190583675553287e-02
5.811098937576990309e-02
-9.753772726766209156e-02
2.329610903334715377e-02
2.268923920296199437e-02
-5.535590306109033215e-02
-2.562175184438691272e-02
2.518459226030516848e-02
-2.290312737767909342e-03
-2.354033261666282559e-02
-6.891088229915446131e-03
2.616162462498268157e-02
-3.122459205062482618e-02
-8.029970511408308920e-03
2.124124406537439627e-02
-5.305923441190344564e-02
-3.440189283628735523e-02
-1.883341370226453409e-03
1.516962347481231460e-03
9.783832901552613065e-03
-4.443454663773804131e-02
4.020797497442363949e-02
-8.540950373866852685e-03
-8.336623258052444640e-02
6.667491845688246210e-02
2.333887804650850578e-02
-7.577660217886164618e-02
1.161572611790639802e-02
1.025652583188824997e-02
4.531513109099606640e-02
1.555039530827562492e-03
-3.695296367647511043e-02
-3.731119222137159464e-02
1.037659438304371490e-01
-4.617950322462398283e-02
-6.627338510257460569e-02
5.081454775680618874e-02
7.505055557507160288e-03
-1.820368904998294346e-01
4.044467402496653569e-02
1.564892931432230738e-01
6.809180888945452585e-03
-4.502858696238677683e-02
1.082486523370493892e-01
1.874924844213682884e-01
-4.060300588842605946e-02
1.275166151353815391e-02
4.125678749810260393e-02
-1.071611819062523868e-01
-1.601147296508221851e-01
-1.232084082803600912e-02
1.051381482539742312e-01
2.573220996419268644e-02
2.532274964091379976e-02
-1.651689933016736722e-02
1.164455812900355020e-02
1.070816801317041322e-02
1.731447820918900760e-02
3.906757654233146415e-02
3.615993062923062579e-02
6.322660766866362858e-02
7.186347553454494608e-02
4.561472185926630785e-02
7.395610644435125780e-02
2.735831990714888189e-05
-5.772514179243554838e-02
1.047205495294688087e-02
7.038515616486497317e-02
3.205180260768328987e-02
-4.073703942909644854e-02
1.037085279903934565e-01
1.367662462490734365e-01
7.526281582603018550e-02
9.387505026478874803e-02
6.407456714477739734e-02
6.734409375111960472e-02
6.626930565590925803e-02
7.346696371242060486e-02
1.007087116285605016e-01
-2.570457825912367961e-03
1.700824420433049919e-02
5.881175079589018306e-03
4.034836113532287022e-02
5.203485256069566994e-02
-6.203578113611978029e-02
-7.360883738035670087e-02
-3.354294472181187231e-02
7.218092479212420698e-02
-1.792261631318958076e-02
-3.421113303969342684e-02
-8.074329247481071281e-02
-9.311869049435736456e-02
-1.027022442404883773e-01
-2.169487684981778741e-02
-4.405824788114618557e-02
-5.531784323845062579e-02
4.902599310918496133e-05
1.746280499252459567e-02
3.562824401212285469e-02
-1.274492871886495349e-01
-1.242683016516992339e-01
-5.952324803750488891e-02
-4.113888200238830645e-02
-6.150835232288041909e-02
-7.080800693977493468e-03
4.630630001665171636e-02
1.788682457633961054e-02
6.248613686863956768e-02
4.312541466332183576e-02
9.924285069925484204e-02
4.782982724505212280e-02
-6.825635289634773839e-02
-5.163743855880704309e-02
-6.843595480497875923e-03
-7.339181840742753371e-02
-1.297537533279944366e-01
-1.128437069074087057e-01
-8.316853679928912224e-02
9.097482552926816624e-02
6.892030086659776955e-02
-1.077018964337014689e-01
-8.472898396871961224e-02
1.201000862268966456e-02
-1.170076455541723265e-01
-2.280081294338098252e-01
-1.668244365533125828e-01
-4.229734998449907746e-02
-4.627676102796037666e-02
-4.719510708709663549e-02
1.172737393217773011e-02
-8.906470337101909940e-02
-1.009497594910571810e-01
4.607046246138437467e-02
2.805011209317793963e-02
1.834020061732540702e-02
-1.023978112638971975e-02
-2.331752135026718062e-02
9.895696307694611810e-03
4.128037618691367955e-02
1.238871257449558096e-03
-4.271527354680410005e-02
6.584813219767472747e-02
2.790063357769077823e-02
-1.531707979975600702e-02
-3.402217914188832709e-02
-3.699635380965815915e-03
1.331821165107324387e-02
-5.719866168772300835e-02
-1.423847030659959427e-02
2.726510512007042017e-02
-4.446638228938797066e-02
-1.844722366727015103e-02
-4.056949370842435898e-02
-1.422866331681605680e-02
-8.989732412767108966e-03
-4.462300875439967340e-02
1.035204711913713209e-02
9.987013677719411286e-03
-1.060212440990876415e-02
6.607704797553032999e-03
2.414141095260507238e-03
-7.098783274361830078e-05
4.874748643921496781e-03
3.471466805945948308e-02
-1.557677547705603894e-03
-1.347885001470319581e-02
-5.178940648546860245e-03
-4.326120217631661963e-02
9.896586955259599472e-03
-2.980126865067157273e-03
-4.438966212824037305e-02
-8.566959979028376457e-03
8.816786812848877164e-02
3.705612987796899627e-02
4.049291383456248700e-02
1.349156624557017528e-02
-4.320688129202877870e-02
-7.222258276779647268e-02
-3.072710333327392102e-02
5.201317945568197793e-02
-4.366733313043948822e-02
1.046711063456274259e-02
1.142118984914033443e-02
6.246854962818908230e-02
-1.037509129172371897e-01
5.593720215929198769e-02
-6.026565863071094847e-02
7.310596535171422217e-02
-3.199111526492419422e-02
7.582738486889208096e-02
2.546163497256689889e-02
-4.058521561212922318e-02
-7.417965012466251618e-02
-1.489267221600512336e-01
-4.503006404520857459e-02
1.099934389713561889e-01
1.489136380522329828e-01
-1.181387011517635519e-02
-1.596951981399855058e-02
-1.580200106292458870e-02
-7.518773679641187809e-04
7.044519161757253900e-02
6.265239299554854757e-02
5.367711951665587317e-02
-5.128108256201450998e-02
-4.982333649871893005e-02
-2.732507161046567740e-02
-4.770823609150634005e-03
-1.084929448306086799e-03
-2.976694455858986538e-02
5.281446730882333358e-03
7.893891111130610025e-03
3.155307231939894624e-02
4.470372986075060381e-03
5.692936095509044253e-03
4.629959149983227384e-02
-2.570669010218116710e-02
4.909313452567060435e-04
-2.082315644813976727e-02
-3.126770781690700607e-02
-7.814956985872990869e-02
-3.020487652779774157e-02
2.146213061693273347e-02
4.460153177008216452e-02
3.506693210281563999e-02
-1.287029807077321938e-02
3.583044639193129488e-02
3.488746952558444830e-02
-1.857446413727798992e-02
-2.320020119326677427e-02
-2.995811513730386316e-02
-1.507996750171647186e-02
1.082118751115990381e-02
-1.441055114186423278e-02
-9.067010387003986149e-02
-3.509124978835991004e-02
2.522274735179060728e-02
-4.289714916464974770e-02
2.772277189021804880e-02
2.794293641904960906e-02
-4.153606069937777756e-02
8.189428257754510776e-03
3.009938355026650983e-02
-2.316917055028463318e-02
-5.486612810420987002e-02
-3.526515800090660596e-02
4.399339819732783763e-03
-6.301600967382785246e-02
1.253905873308737429e-02
3.331602822514062590e-02
-7.217089554798017739e-03
1.998427398028446850e-02
-5.668476082837738822e-02
-3.961992418276667760e-02
-1.974119422911943186e-02
-1.058863830275035348e-02
2.495620165831712728e-02
2.700475234240929875e-02
-3.285544321514906330e-02
-3.807353301156178593e-02
-4.006676477585163938e-03
2.335290738037942848e-02
7.268181386671608568e-02
8.534424219741866503e-04
-3.589060665357898805e-02
-1.157605951956016538e-01
-3.849142265785216593e-02
-1.126574005002143816e-02
6.069092265329073532e-02
1.393655852808929792e-02
-1.617854592729621455e-02
-7.930294117636761675e-02
3.405741938538805330e-02
3.888881220391589288e-02
2.216317911140727459e-01
8.526539352392542570e-02
-1.239421050156708400e-02
-8.411026045724941114e-02
-3.111856396958201376e-02
5.246496959252175754e-03
2.374341639476605214e-03
4.442149211600063046e-04
-2.839847061939674774e-02
-2.426124298925841014e-02
-4.752456473743878890e-02
-1.240611298904608847e-02
-4.978208105273566192e-02
-8.173358609558163679e-02
4.880241264145749464e-02
-9.117970434500697122e-03
-7.891371671285458966e-02
-3.967897468124064603e-02
-6.525675746756973150e-02
-9.192863357161192017e-02
-3.362710594036780187e-02
-2.047419003095761469e-02
-4.488212429092707650e-02
-1.789916214843389336e-02
-1.886999129603332895e-02
-1.626280691578772114e-02
9.558469563370195540e-04
2.949930852279819982e-03
-1.181584549362558675e-02
2.146614629497686083e-02
2.991070882893022073e-02
-2.019468230361501707e-02
5.034995241754720158e-02
5.034736944376035084e-02
-1.846566018131794509e-02
1.740613043765051535e-02
3.728463011543921204e-03
-5.633574308464845554e-02
-7.467987587521958404e-02
-8.906309465987810592e-02
-7.919924767982258751e-02
2.414853208825594802e-02
-1.508697641196034625e-02
5.098517125078179044e-03
-1.712024907761102973e-03
-5.434953301214775351e-02
-1.939747863690772720e-02
-9.499670295771295292e-02
-6.171150987012219424e-02
1.396427539071024709e-02
-7.125624575753569667e-02
-2.759235544501325785e-02
2.126384795963054755e-02
-1.831818307048311070e-02
5.223700186045286686e-02
9.280680336528775165e-02
-3.557447168576333835e-02
4.117142831690570604e-02
8.475903978571644459e-02
5.129119286004216183e-02
-2.082796789559402534e-02
-3.878541183973965856e-02
-4.727063275437153739e-02
-9.615512089870953405e-02
-2.842833165546489183e-02
-8.848585652425890180e-02
-7.132839894263318103e-02
2.039287311717577836e-02
3.662163789233386507e-02
6.114238407980111811e-02
7.807608639017470098e-02
1.038792882685646984e-01
9.449542485747403076e-02
8.184707941172476853e-02
3.022687056650489798e-02
-1.917482565700841246e-02
-1.430234666761556923e-02
3.344661917793276956e-02
2.985210208515672904e-03
3.704170398954375470e-02
2.501776463334209801e-03
1.410033608560310597e-02
3.938860922304704415e-02
-7.645393031612461587e-02
-3.453154045012928053e-02
1.640933462671083365e-02
-3.963303721753994036e-02
3.769846158979389683e-02
4.902090639631075109e-02
3.032804793626358436e-02
6.957287830922563587e-02
2.036690861967659083e-02
2.995951378348800723e-02
4.204548964567245833e-02
-2.176182165415376651e-02
1.587319294807982076e-02
2.394048111888780195e-02
2.870299332257170849e-02
4.800741896360720407e-02
3.190005081162139433e-02
2.549451304846656052e-02
-3.170316521442080593e-02
-4.618037986181203897e-02
-2.771695386136648412e-02
-9.513501830740744847e-02
-9.926602617300496478e-02
-6.263589365537053366e-02
-5.807470301344847680e-02
-2.139911208505250809e-02
4.020158823661817982e-02
-6.691121494357088646e-03
7.008790155243739550e-02
9.258150714291217553e-02
-1.359565414069725418e-03
-2.755527741054447990e-02
-2.601017241886977721e-02
1.841576582794151803e-02
-5.943885732354450835e-03
1.222284088419689149e-02
4.193332462442497625e-03
1.358231521641874856e-02
3.459270598373796746e-02
2.737088162771274258e-02
6.434340854828754508e-02
1.029576055555372904e-02
1.029070785792269710e-01
8.817492996531274552e-02
-1.531338338857819985e-03
-3.016690746844103311e-03
-5.864576821593862205e-02
-8.212750430655728351e-02
1.418503691481411838e-02
5.422997706743411250e-02
1.208528120000753464e-02
4.608429433054816310e-02
5.798452034758647816e-02
-3.215912101537041906e-02
4.048918543027233558e-02
-3.951353063968152113e-02
-1.273883030728923949e-01
3.253935511283143761e-02
6.907245707654505098e-04
-4.109356268141930307e-02
3.212383781870902649e-02
-3.780821962422935972e-02
-9.880426976656784405e-03
-6.677287843665272171e-02
-3.910807713161463389e-02
2.446003200796336222e-02
-7.793867727489375841e-02
-3.761084035847665069e-02
1.768443924027199993e-02
5.947873869014858560e-03
5.141559733517848257e-02
7.725764740241702899e-02
5.986418099083455624e-02
8.327086183051000956e-02
7.141359555611868914e-02
-4.985375345338268621e-02
-2.504298051774402067e-02
-3.611068917777914694e-02
-2.546349585333634521e-02
-3.196214021066335915e-03
-4.112303328349978249e-02
-2.034359864850627739e-02
4.225230855938265362e-02
-3.894478215318243619e-02
-1.411101836783037328e-02
5.747549517728307508e-03
-1.591198612814684679e-02
5.953101113741108251e-04
1.951812523650117009e-02
-1.413199928129582443e-02
7.217576338134162883e-03
1.570535974517198521e-02
-2.772710932872455430e-02
-2.646149267211489898e-03
-8.694781804528751296e-03
-5.008116539812450946e-02
-1.596117173647696244e-02
-6.912509272281375239e-02
-5.070696786443384951e-02
-3.142354429408747429e-02
-7.426320206577260996e-02
-6.268314831442103885e-02
-4.013086749974176942e-02
-5.552338242564590354e-02
-1.321350871495010661e-02
-1.200719375800593514e-01
-1.250646122663508497e-01
-9.547863923602954717e-02
-1.120113804695633403e-01
-9.125522190020596280e-02
-6.937936999206180400e-02
1.674745004541080759e-02
-4.481696222393920237e-02
7.114160813775104175e-03
4.593869063508167899e-02
-7.758717695413963611e-02
-4.167987866129277408e-02
-2.211106982341001434e-02
-4.518188671246230192e-02
-2.057659706255813431e-02
-2.934019139725151798e-02
-6.327105692458791231e-02
-5.142744132791780137e-02
-1.099686624901803633e-02
-4.984782814549510582e-02
1.286008347003028338e-02
2.055168456593556986e-02
-3.976125453428824147e-02
-4.738807437384445764e-02
-2.972418655315938255e-02
-2.317645189750473095e-02
-4.247636215567553164e-02
1.757874889810111252e-02
1.301907816243357344e-02
-1.926032831781042051e-02
-8.698051119483620960e-03
4.302166825478303397e-03
-5.080813279492780478e-04
-8.323764430289451455e-02
-1.597146480648326330e-02
3.340796908959603462e-02
-1.124800654436014166e-02
3.167104351232295865e-03
4.008239242336203434e-02
-2.358155496273982993e-02
-8.207769428227337447e-03
1.219021792523137864e-03
-3.177161904451359688e-03
1.679384882728687453e-02
1.870734318341945104e-02
-3.582271478446658053e-02
5.132991840426077632e-03
5.578891597633467772e-03
-9.404439053431752626e-03
1.887745266865688623e-02
-4.389738939583547050e-02
2.946815579236199134e-02
-4.565747965065885053e-03
-5.237177564940746939e-03
6.876938634285107051e-03
-1.168531929423622696e-02
-1.504589090147551936e-03
-5.274231719798280760e-02
-1.338918492582757275e-02
9.076588679964135362e-03
-6.091937243770433746e-02
-5.214123970231183784e-03
3.413348323234929871e-02
-6.927377186658383035e-02
-3.149635923649991148e-02
5.616187878370424921e-03
-2.042039679786719283e-02
-3.075075689018400525e-03
-2.482036946111253976e-03
-1.335396255304887626e-02
1.606043521923805097e-03
5.198673909186767982e-04
-6.926894236651574832e-02
-4.105228230698198394e-02
2.064254599048700664e-02
-2.701661954742198141e-02
-8.443899871673189728e-03
5.084605934061076082e-02
-3.953617509782657996e-02
-2.523529424548880823e-02
-1.523300257010629967e-02
4.205286316452968437e-02
1.975945259371518492e-02
-2.119259697578000992e-02
2.414633310277774711e-02
2.137743491751440197e-02
-1.991088432372523434e-02
-2.853619896318518919e-03
-3.340785193191243840e-02
-1.648074491788610249e-02
-1.136755728211928489e-02
-3.597158314775136551e-03
4.962021029255560961e-02
-3.932802494664403188e-03
2.551426751815502603e-02
2.851404531305254744e-02
-2.089868870195983608e-02
1.135247756953022651e-02
-3.151725669591402823e-02
-5.727865836750832204e-03
1.785902262105520596e-02
-2.727864140502441609e-02
1.305700036894305756e-02
1.567883203270353451e-02
2.267649450029442237e-02
-1.882741332024252118e-02
2.291348496792131647e-03
-2.739011043220241498e-02
1.718817989439167405e-03
-1.784885593762346179e-02
-2.683638850615685176e-02
5.968043427288784349e-03
-2.318788561958865652e-02
-2.192870846493156015e-02
4.188590478706354092e-02
-5.559431923347438187e-02
-6.106520120997592851e-03
-1.983731689198275135e-03
-4.249567364718768309e-02
-8.154565303645260749e-03
-4.344526270774513865e-02
-2.479998098674603482e-02
-2.401945002969510176e-02
-3.479685173271697927e-03
2.049438057330377639e-03
1.783542836533173054e-02
-2.724041979554575263e-02
-7.315317085164538399e-04
8.477938734888933528e-03
-1.119773743671072762e-02
8.525549447914164414e-03
2.054607097722210493e-02
4.639110153903405753e-02
8.447334761389181657e-03
-3.234658556385058836e-02
2.765701082253310683e-03
-2.425949657719437061e-02
-5.771574764995088258e-02
-4.400650008223448706e-02
-2.238479660143802633e-02
-5.873459425820533493e-03
-2.194981761090024006e-02
1.023813355962736003e-03
-5.257212530181452209e-02
-4.379857544899221772e-02
-2.378382710093899718e-02
-2.351563623743349596e-03
-3.858641881868848673e-03
-2.196733451527688522e-02
-4.375073452872219049e-03
-9.109474639400010065e-02
-5.259183762674139034e-02
5.349037819909498170e-02
-1.733157902390497843e-02
-1.595929811264129583e-01
-7.828569535558242351e-03
9.011298706719937657e-02
-7.431946938595478114e-02
-8.571989671158536384e-02
-3.193929084788257877e-02
1.534368139396861119e-01
7.346463442290870893e-02
-8.771537691259909120e-02
1.326745920032095516e-01
6.501393934040226863e-02
-1.158594773673097683e-01
7.586827700616226300e-02
4.371385780564071566e-02
9.991065045936867520e-04
-1.060371311649907500e-02
-1.174874550826359755e-02
2.545100085329709758e-02
-1.786490213259820173e-02
-4.962008849395425220e-02
3.989974417050761585e-02
1.367970600873388669e-02
-1.399355933355565622e-02
-5.574884795318738734e-02
-1.048029869702010591e-01
-6.448339535241562337e-02
-4.007308799900306806e-02
-1.014133778467645464e-01
-4.477626952359842899e-02
1.292844703445756964e-02
-6.042269329051785931e-02
-9.029172542082913866e-02
2.005231644055552667e-02
-6.535571919633114020e-03
-1.098131918272010621e-02
3.936172601816879252e-02
-2.552298439374270020e-02
-7.095574144633075286e-02
5.223418024160655232e-02
8.490926145652626447e-03
-8.024701268894793293e-02
-5.231942701302146753e-02
-4.733055320721898940e-02
4.400736348312916935e-02
4.529063731078931607e-03
-3.090867106137256543e-02
4.313382651633656389e-02
-6.340587675169971757e-04
-2.402477764053321738e-02
3.329012713899855147e-02
2.811527827756453782e-02
-3.692489032810798537e-03
-2.963329912527962878e-02
-1.800301635652038282e-02
-9.849913590057660789e-03
2.124468422326956582e-02
-3.122364790759448241e-02
-5.682105683675128110e-02
7.426040246994216817e-03
-3.161547184768111890e-02
3.518884880682751626e-02
5.142721754091093139e-02
-2.488434120168743838e-02
3.039144192660531846e-02
3.301159043911448820e-02
-2.241410075359400594e-02
-1.640665136968800153e-03
-2.617529052047510435e-02
5.008903976297750943e-02
-8.845841651847015374e-02
-1.441332418523334213e-01
1.458643092010874498e-01
1.451777590860281290e-03
-1.447394234986112693e-01
1.067208014959558082e-01
5.995200898881305335e-02
-1.073070237679670802e-01
1.996229461100737512e-01
-2.871387366546142988e-02
-2.045898915214991731e-01
2.009577868782692900e-01
9.019248901964009579e-02
-1.418637691843649129e-01
1.037816223156713125e-01
1.268422917516306703e-01
-1.008920410558116279e-02
-6.366404331169862874e-02
-4.043616055817224331e-02
8.929651112327305351e-02
-1.270448279625514820e-01
-5.983311925955438204e-02
6.222744033936327551e-02
-5.594564303243759057e-02
-1.761244056869483432e-02
4.798963659792736952e-02
-1.176333063756554442e-01
8.888130230389608422e-02
1.686668010151371744e-01
-1.420969763864457780e-01
-3.546685674737851471e-03
1.154333467547353914e-01
-8.196519659900117216e-02
2.352373355609032289e-03
1.021348504140091179e-01
-5.501385773102663440e-02
-3.282652983477024611e-02
3.764590788209105920e-02
-1.540407868911208671e-02
-4.947936255290792673e-02
-3.292237391666773261e-02
-1.959020327601728936e-02
2.499993669392970227e-02
1.356605077563425264e-02
-2.425865961916882224e-02
-4.581409061399586979e-02
-4.355100066852049534e-02
1.852317689763197106e-02
-1.307428800302701082e-02
-7.389831663321040807e-03
1.486456717882425789e-02
-1.554341525417030426e-02
-2.407029002859387493e-02
5.422398199511049149e-02
4.436070524815655808e-02
6.330545303875861896e-02
1.180306833949302039e-02
5.661743655857859672e-03
1.692653388810982582e-02
3.227859652311074971e-03
-1.280235120781683493e-02
-8.080455880103473015e-03
2.615475898870917373e-02
-5.126041842343723176e-02
-6.783126925044810629e-02
1.765463852802148792e-02
-5.619020063572682799e-02
-3.683873795137833362e-02
-4.807291949824454846e-02
-1.110544514265447563e-01
-2.645328083922559442e-02
-4.993809122203102246e-02
-1.854263233916396414e-02
-1.960577581954760229e-02
-2.166352537257216701e-02
7.445201132887246595e-03
-9.126604323009504527e-02
-4.569154086037848644e-02
3.895482373797854586e-02
-2.377609337645920917e-02
-2.427080036629907650e-02
5.392387950992790641e-02
8.433856850348295242e-03
-4.448408865391045332e-03
2.540384197155758084e-02
2.257626731929818914e-02
4.609898932915866554e-02
3.385035878373705148e-02
-2.339212531588718419e-02
-4.129052115783647670e-02
-2.610592947388309937e-02
-6.869855206640422540e-02
-2.563853575195951945e-02
-3.276385063771484335e-03
-2.796151336019602959e-02
-1.981344370995175366e-02
9.715228988671045004e-04
-1.885466243572880493e-02
-8.448115939219910664e-02
-5.892779187027765569e-02
-4.767162912771785721e-02
-9.915681269651749341e-02
-6.900064511928130639e-02
-4.555769991207229280e-02
-4.968270079060732591e-02
3.747084769398410786e-02
2.535048167922130183e-02
1.320742715306190695e-01
4.990994698182029234e-04
-1.500867633309804772e-02
7.941689766896516123e-02
1.669323326092827728e-02
-1.557532277082419869e-02
5.165645784046520028e-02
6.300123784271138838e-02
-1.686654341471524252e-02
-7.020952679594631707e-02
-3.696493989009200926e-02
-3.635396157508347798e-02
-3.604590629599373902e-02
-3.414324189368400566e-03
9.305366248599679715e-03
-9.090879933743770125e-02
-3.843661853338135870e-02
1.636606759757172277e-02
3.749659299632099319e-02
2.437551474643217392e-02
-3.434623408105279534e-03
6.125701710413985340e-02
5.847438766585636577e-02
2.982622903847329324e-03
5.305762551681252742e-02
7.440583301136676972e-03
-3.342089944168134125e-02
2.114231926981402498e-03
-5.748497665393483003e-02
-8.569392388583522979e-02
-1.096578343127622632e-02
-4.202395313295908402e-02
-5.331619639576794245e-02
-2.082176824484653979e-03
6.126265584470931601e-04
-3.299726679821407549e-02
-8.376265029453096311e-02
-6.009933667572463223e-02
-4.989727960059363310e-02
-5.645753382075137383e-02
-8.226254745250785247e-03
3.400071184401081380e-03
-4.926196665764331212e-02
-1.110553021838938358e-02
-8.247259548498396065e-04
-5.136563237619972550e-02
-7.571765138100641779e-02
-2.734296379940708011e-02
-1.290197756566690002e-01
-8.695984587499765162e-02
9.074037905990246441e-03
-1.502819428949023761e-01
-7.331405412679121991e-02
4.686214834886238273e-02
-4.215814773911677818e-03
4.601270175965493231e-02
-5.373151733778527839e-02
4.467987462975674812e-02
7.925869142588248817e-02
2.032944535408955783e-02
1.498576771296869503e-02
-2.700903313124627253e-02
-2.759486216868863723e-02
-7.456767475823762766e-03
-2.490227401939850219e-02
-2.784299939908508811e-02
-1.270853414028876244e-03
-3.616592738364109855e-02
-4.754873426088554456e-02
-1.828860213024606149e-02
-2.542518509923935577e-02
7.353521641370554772e-03
-9.439672145689671778e-02
-8.653430397375862226e-02
-9.156149839714386451e-02
-3.447956803733410319e-02
-5.579009489534609428e-02
-5.788759756938536422e-02
9.125987029305058715e-03
7.060420401196304020e-03
2.081179509343408091e-02
-3.085891491113361418e-02
-4.174836958015396005e-02
-3.730630330865082611e-02
-3.021859140309833200e-02
-4.305264737084787269e-02
-5.586632671083428814e-02
-3.489379041419312516e-02
-3.588080496137263653e-02
-3.677289328957072251e-02
2.087253768427905706e-02
4.129482193408660906e-02
3.369977473295047987e-02
6.466918224942179438e-02
3.208482954132934467e-02
1.119185834725511079e-02
6.657403290026810139e-02
1.241462913227018260e-02
-4.609310327540633301e-02
-3.741801276318033886e-02
2.060345953157158554e-03
-1.282487744840685520e-02
-2.276463045369387164e-02
1.515484032542377098e-03
-2.237821584301839806e-02
-1.567787959745450474e-02
-9.485682916621515637e-02
-2.502933503363908088e-02
-3.052838154967531595e-02
4.558402421244710581e-03
-9.537084168466272716e-02
-7.981291427155659535e-03
1.671877169129862284e-01
-7.550307111652966585e-02
4.112894091668178875e-03
-2.795935499168185345e-02
3.733779685251769481e-02
8.795544227795059483e-03
1.033172348041041730e-02
-2.270867972083386033e-02
-1.895648531176253801e-02
1.046381331173974749e-01
2.622283601818065427e-02
-5.485874578976281113e-02
-3.399129636072750066e-02
2.399587517737439279e-02
-1.392484686599732534e-02
-7.767103730702927880e-03
-2.958307669611636576e-02
2.397736609420699633e-02
2.540882705186342169e-02
-1.189040351311523511e-02
3.871904852096002929e-03
-6.726514772804390203e-03
-3.125328285014828539e-02
-3.233441597914333415e-02
-1.054507746580453514e-01
-3.665527528280249775e-02
7.139198956153954001e-03
-9.004886283948537740e-02
-1.489804964504275533e-02
8.782210432186489391e-02
-2.162199386688859817e-02
2.287547460635168915e-03
5.807044845903203828e-02
5.199321111468886009e-03
1.941830437844312834e-02
4.877020625366267764e-02
9.788010267124513941e-02
2.099077936408684855e-02
-1.976868209023479456e-02
4.887261666897149692e-02
5.027329659574417131e-02
-9.247149810758003782e-03
2.564198010515077522e-02
-4.097289043882772902e-03
-2.780108593544586976e-02
8.494464304382273040e-03
-4.049344379017016243e-02
1.561284978604949268e-02
1.158118670930360396e-02
-6.164420498091048584e-02
6.185457225748289961e-02
4.434638537843001854e-02
-2.414226297894242479e-03
8.492840137566829220e-03
6.216398022182178379e-02
5.495268653791548358e-02
-7.576203084099539242e-02
-3.369527660995749740e-02
-1.498226004329208591e-02
-3.825416565334729870e-03
4.069418815742754242e-02
-6.561766490960578742e-03
1.223735463757268938e-01
2.203689732628623943e-01
1.129848889381749183e-01
-3.295747929938999676e-02
7.282496794308926380e-02
1.841047363731964162e-02
-1.213310308127335015e-02
5.313620455773386715e-03
4.819226658517255721e-03
4.375113661256396780e-03
4.437665013635695710e-02
2.795494225323353482e-02
-2.131589179363862704e-02
-3.060875966771964968e-02
-1.185076735452315379e-02
-1.737202546802642592e-02
-3.407573140747965218e-02
-1.606125412784720208e-02
-1.125380372524114811e-02
1.298796528479501389e-01
1.213201262906865169e-01
-1.104829360045958553e-01
-7.571504651359589610e-02
3.565146274991507630e-02
-1.459102735013059933e-02
1.962418252212294947e-02
6.184728164613351826e-04
-4.072784217754925828e-04
-4.612108762074960261e-02
3.849047215766807778e-02
4.533618179820650233e-03
-7.452759080631196804e-03
-3.205996108931205568e-02
1.023392917323493259e-02
-1.920578131344299411e-03
4.581451566934231778e-02
3.692770170827986559e-02
4.555903729900419308e-02
5.460089535448803960e-02
3.039257734372166272e-02
-8.371758082875843318e-03
-3.218987350456278124e-02
2.412944336329218148e-02
1.709317667673309823e-02
3.562110206289142988e-02
6.824935584189611992e-02
4.995692243481929945e-02
-2.152156726529959666e-02
7.624291119360730729e-02
-1.642660375538604008e-04
-2.675664655802223110e-02
7.317876142838969367e-02
9.359781035279115743e-03
-1.260217613183004480e-02
1.175590080337902965e-01
4.229568291573955474e-02
4.261273381283752631e-02
1.074818657250390351e-02
-1.541160065732691611e-02
-1.277382084364406777e-02
2.246834907811467996e-02
1.335641045707617117e-02
1.514551043589502238e-02
7.096153303048524652e-02
9.092881172271052165e-03
2.762890541602262481e-02
5.440622556646694530e-02
9.935265965392891044e-03
-2.429762625563101908e-02
