6.403102883177899662e-03
-8.152093099876399351e-02
6.552715769876819168e-03
-3.942744566589412997e-02
-1.760530657612093680e-02
1.035662968258259506e-03
1.443682204993624874e-01
3.157652329079566056e-02
-3.464305416026153273e-02
1.941575439262342023e-02
7.158964792490482391e-03
-3.025884005700606519e-02
-3.986558678874008860e-02
2.641509333286704356e-02
5.017719255297131004e-02
-1.049827783495668743e-01
1.098648256690112068e-01
-1.033266083783366124e-01
-5.175072341676903442e-02
-1.743252427331051443e-02
-3.204520660910747248e-02
1.177206317487811734e-03
-4.756456897707816121e-03
7.660809470900765972e-02
3.497372453294537303e-02
9.872070820494920074e-02
-5.478664506550218194e-02
1.475073830629702702e-02
-2.196758342308692893e-02
-2.208153168737581398e-02
4.063929071521380637e-02
4.838817843807713404e-03
-6.190196242348847133e-02
5.245806421368210716e-03
-2.470770263723246624e-02
1.912166589856914567e-01
6.214404846617127554e-02
6.097280837801469927e-02
-4.919513394447337651e-02
-4.872844287259186363e-02
-8.492964381175725080e-03
-1.264093919245670456e-03
-1.001678400165956911e-01
-5.025727203815733707e-02
-4.025483432735012940e-02
-1.128425617549992793e-01
7.925833027032619382e-03
-1.173716267218075926e-01
-6.399386380637640814e-02
1.791298216187400816e-01
-1.161712895191993264e-02
-1.603401690675822777e-01
-1.994584044694166017e-02
-2.850565995691706385e-03
8.344911946906364078e-03
-5.180371410542111005e-02
-1.785876495261677285e-02
2.969601884373535353e-02
1.678076867847097184e-02
6.200284481068250864e-02
-2.296586645296854953e-02
1.172640047350556949e-02
-3.186794414688296460e-03
-6.144578689524925891e-02
2.118592171780718167e-02
2.632878236154826898e-02
2.893704904596386407e-02
-8.239072149225562525e-02
-6.205685198077461051e-02
-6.955596778034719985e-02
-1.621626051504573320e-03
5.594514474161884493e-02
-3.855544275302676821e-02
4.947852906436340376e-02
-4.997061388684319316e-02
-3.887825393491129572e-02
1.152663389120976538e-02
-2.088224314706959781e-02
1.315555666778627508e-01
-1.074628858553542815e-01
-1.657725577139496781e-02
-1.073228580811375343e-01
4.437753889068406232e-02
-6.989007097078983599e-02
-2.287571775034180632e-02
3.315455194517996640e-02
-2.001524615953823028e-02
-1.332148624021660052e-02
1.220277787393504558e-02
9.179562759737290578e-02
-6.130650024575605428e-02
2.014016570629465624e-02
-5.593435789438361283e-02
-8.804482131103957832e-02
2.647333201543932563e-03
6.943535106746953622e-02
4.219840661673681520e-02
2.243073615158957049e-02
3.830764564759385482e-03
-6.533717305956206201e-02
8.732101464336186614e-02
-8.486280378293316329e-02
5.846283033785367594e-02
-3.016060441453875286e-03
7.233421195799281944e-02
3.374961944840847161e-02
-5.914327918307285548e-02
8.690522829490227377e-03
5.724454672637777422e-03
6.889963792973528844e-02
6.497606331570219586e-03
-3.096805151223762723e-02
-2.946224701578538385e-02
-9.401152027580714221e-02
-5.952456180878232597e-03
-9.213800371417765755e-03
-3.560781833368600879e-02
4.567918006698407779e-02
-8.346972370694104998e-03
-5.997352700176442064e-03
2.435041381662062313e-02
4.515782289681555955e-02
4.042374444585866006e-02
-6.208358635231856631e-02
2.431364761021107771e-03
-3.128478439226932417e-02
1.223430921440808901e-02
9.295486385300599785e-02
3.566673741664160707e-02
6.961795826538522310e-03
-8.417104367478166205e-02
-7.532618792945461328e-02
-1.923211129940754702e-02
-3.359585699593005403e-02
-8.981492605626253245e-07
-2.578463608572227964e-02
1.577507181579521425e-02
2.303617255840457317e-02
7.953830232403455436e-02
6.087637448333108048e-02
-5.730322997228049636e-02
2.199741652924976087e-02
1.982616718291469599e-02
-5.439393461397500074e-02
-3.080372401290346757e-02
-3.126842445920960650e-03
-7.691609213130687871e-03
-5.908513227368133655e-03
3.438324913376005019e-03
-5.422404974550572299e-02
1.305374414929134225e-02
-3.258942508720347186e-02
-3.040288099942620170e-02
3.224245640384868633e-02
9.505883219804714401e-02
6.448651928399495858e-02
-1.198227790735778217e-02
-2.316236096961039881e-02
-8.739809027949140691e-03
-2.376699848611275347e-03
-5.191350501358579089e-02
-5.885434021174922731e-02
-3.533007824004759379e-02
-3.442017354152868136e-02
1.032668221696087961e-03
-5.980818026296567946e-02
-1.068465989785126607e-01
-7.766547061917412551e-03
7.102852280781340663e-03
4.762700047647603491e-02
1.111809273269505523e-02
4.132698807325464047e-02
1.035002411725016724e-01
2.345789410279580656e-02
-4.367908775645867187e-02
-5.710533763114309519e-02
4.170844974467388666e-02
9.765966900559057418e-02
-6.663656936123388275e-02
1.426687947188112933e-02
3.618634125475782282e-02
-9.049553847613474311e-02
9.100232932471298553e-02
2.141875951851987103e-03
-7.486339523625630543e-02
-3.699451353113646784e-02
-1.257876119410478444e-01
-5.619799544456140911e-02
-6.378069868343757241e-03
-6.931541923525569304e-02
1.855223344461489482e-02
-3.885561111170619114e-02
-2.420997710233867978e-02
-1.130878123244591082e-01
1.205134563384448361e-02
3.021797537391874167e-03
1.156083703842957118e-02
7.930939746237691129e-03
-1.065971394036948142e-02
5.497520538603394707e-02
7.417671239859606599e-04
-3.579275741705235242e-02
9.176229900307458776e-02
-4.892726641967208578e-03
9.058731897767235974e-02
6.379084328727718800e-02
-8.283886834876604335e-03
-7.973357868669987691e-02
4.445707472700628077e-02
-5.217588756620786250e-02
-2.905707473529837645e-02
-8.167066639120014460e-02
-2.891191943337882708e-02
-4.963677980086467212e-02
7.074940553513239805e-02
-2.172191868307105436e-02
2.667185562048832517e-02
-6.575438431058447386e-02
1.619150290590890516e-03
4.895900131923750648e-02
-1.774186395411423561e-02
3.675103643052175795e-02
-1.126055322749993509e-02
-7.729921414136387003e-02
8.809293035923902726e-02
-1.062087273931366926e-02
-1.434623973000913669e-02
5.360904507290559229e-02
-5.957193980886264784e-02
6.558715529917646947e-02
-1.904934449753519637e-02
5.371798281160768129e-02
-1.516146465995123205e-02
-1.161466097705922927e-02
6.761458528741273559e-03
-5.580845142182545154e-02
-2.127992197813030964e-02
-1.049771838501308355e-02
-7.930526894727512807e-03
-2.343811630944534624e-02
-1.803163028552284830e-02
5.456765841961234986e-02
-4.376873162258970024e-03
3.960659610318144341e-02
1.417157195669312315e-02
2.140494241130135988e-03
5.455672694889720370e-02
-3.900290917568818155e-02
-9.381847834349385171e-03
-1.496696186800797190e-02
4.588261540557508206e-02
5.879482416868505451e-02
-1.246276594176677806e-02
-4.768578443014097334e-02
-2.401968363628103828e-02
-4.032535992841096081e-03
5.949760916056621995e-02
3.227634815837735621e-02
-2.818712474300770141e-02
-1.550051817957868658e-02
-1.240628755548938734e-02
2.724734286680884424e-02
2.321698210659251319e-02
9.847755922675473922e-03
7.926235641653717190e-02
-4.965730088096624410e-03
-1.964863331520888719e-03
-4.561862052445764953e-02
2.954130296677797210e-02
-3.622168999214588504e-03
1.340477177180502723e-02
-4.804563363605011961e-02
-3.062717099151507014e-02
-4.769632323082648173e-02
-6.020235612359493491e-03
-4.750385258155905011e-02
8.642136739684731783e-03
2.814024695128276507e-02
3.322344919462515145e-02
-2.228771872761684328e-02
-6.343004057273754492e-03
-9.647874426914539170e-03
2.855571311217733007e-04
-1.267842155198988484e-02
-2.019850106329812087e-02
-3.118512609172359798e-02
-2.499997359595797913e-02
1.017748239685957283e-02
3.321523971608226437e-03
5.847880597528049007e-02
2.821722828420356044e-02
7.410742665395889106e-02
-7.188358937419088435e-02
-2.460799319835851179e-02
-9.056242034481229441e-03
-4.004137597669277931e-02
-3.471148613915423647e-02
-7.888587346522139832e-02
-7.098741396554229810e-02
-3.638998482675021712e-02
-1.747732996068351169e-02
-2.496836010810447870e-02
7.294263193860927794e-03
-9.515065369365598158e-02
-3.532712883524014719e-02
-1.812738768856394372e-02
-7.737911340293676665e-02
-8.795132963092022749e-02
-3.269224840774295066e-02
-4.306739042629469105e-02
5.103369700893673616e-02
-1.320599302758828503e-02
6.092241191736266770e-02
7.397585130469029602e-02
-1.345563769003737739e-02
4.506178682288755621e-02
-4.609791375348238490e-02
-2.429041579331005229e-02
1.149591757514627395e-02
-4.030718920175244135e-02
-1.341091216140057329e-01
6.183997034701416151e-02
-2.870019752902508089e-02
-3.010152409555469366e-02
-1.078715363585778554e-02
-3.394231506638037410e-02
-2.027816495240474665e-02
1.020329962366420089e-02
-1.060703257165589684e-02
-8.586557379381123609e-03
-1.271418967313001601e-02
-1.948992506924630483e-02
-7.171450567237022330e-03
-2.385010702816712028e-02
-5.823884991252288590e-02
-4.185471853377741719e-02
-8.042789337500917679e-02
8.873166676145119447e-02
2.971210768142903622e-02
-3.692163769330352591e-02
2.860542343137923230e-02
-3.937365161697181648e-02
9.860266991410245041e-03
2.741515614705362230e-02
-1.428737948666334301e-01
-5.618807243591715517e-02
-2.821972715101413523e-02
-2.885630366607135761e-02
-1.674107231449158129e-02
-1.274439704296842224e-01
-3.021747490153032026e-02
6.824465911522696777e-04
-7.702897089327848112e-02
9.186883827388879487e-02
6.762166832243603036e-03
-7.394137576976790582e-02
1.109010896779591589e-02
-7.487929934295811663e-02
1.202570811693738362e-01
-1.615364341350998892e-02
-8.358830333892453002e-03
-2.117724879620208958e-02
3.478167111377986065e-02
1.700359902860510905e-02
-4.604117299716965761e-02
-3.577279889281186065e-02
-2.437134331091317385e-02
-6.836588419109407289e-02
-3.533722077444464288e-02
-5.927052165338390216e-02
1.136419570741060286e-01
2.111784156585354982e-02
1.115208346225713895e-02
1.600976717415679776e-02
-1.450243734944154685e-02
-5.503649910966298964e-02
1.777834844400809008e-02
6.140374164444233757e-02
2.289322109054135052e-02
1.001477928943446741e-02
-3.899206461649343258e-02
-7.992142744218160011e-02
-1.621711467156278577e-02
8.703992017821489402e-02
3.935265204267549000e-02
-1.127709486467111215e-02
-4.620920519244580554e-02
3.923837453761105931e-02
-2.839367156600633782e-02
-6.788004559518051595e-02
-1.026713614218962862e-03
-3.925696436660971317e-02
-7.059623426171478255e-02
-2.814242348436832644e-02
1.984538173801548774e-03
4.230094487989708579e-02
-1.134959307252003842e-02
4.104102627836523492e-02
-4.471857597428679360e-02
-1.560683696894592416e-02
-4.075014084371529621e-02
7.926054885045988319e-02
-3.956242291561430646e-02
-2.552790657898171278e-02
2.445911437221118603e-02
-4.738829132499621476e-03
8.967642101957003231e-03
-8.611550171016957300e-02
-2.619480583616027453e-02
-1.123091179511491733e-01
-8.064854179218103672e-03
-3.411628702331492152e-02
1.267430586555371927e-03
-5.268301110921438241e-02
-8.171119529872962473e-03
5.900601586357789689e-03
-5.872396312224732740e-02
7.183000095569346856e-03
2.205967500522617447e-02
2.761259076524315986e-02
7.736669157587376146e-04
-1.038112516781806299e-02
6.723817735868489742e-02
-8.964795629776416142e-02
-8.848737785521726407e-02
-8.285825762155543672e-02
6.329208313825436527e-02
2.658927670210571928e-02
-2.181263527935846033e-02
-2.395807708791512086e-02
9.939289093110260410e-04
-8.297713433717444909e-02
-7.379486803229308445e-02
-5.516109584805515414e-02
-5.983769551787144342e-02
-1.249773621644500871e-01
-2.835798970738770408e-02
-6.632723215858099541e-02
-6.663203026842177002e-05
-4.123723596016835163e-02
-8.721302963530541685e-02
-4.936422102510277382e-02
-1.368164746901336104e-01
1.285455515569494667e-01
-5.517668378735625379e-02
3.752773452058153544e-03
1.188678990844534711e-01
-1.416037915403953462e-01
-4.588095876241995302e-02
8.764091818687599900e-02
9.442827697145662891e-02
-6.687570744902650299e-02
-2.799078861955126701e-02
3.086771138748742316e-02
-3.096091946671592279e-02
5.299033960350413297e-02
-1.044421518914575575e-01
1.150760697790826625e-01
-8.432380623257991481e-02
9.057652157269358018e-02
-1.738153076891088208e-02
-2.250826562561954181e-02
-1.850590801584685655e-02
-8.709284374995801548e-02
-1.037817350570830778e-02
-6.090737342881209077e-02
-4.963873481915530295e-02
1.105458351744499773e-01
-1.263054507217122903e-02
-2.110909087905787906e-03
-1.971419384559679536e-02
-2.625341627634767208e-02
-2.330319250495436340e-02
-2.896457240834629868e-02
-5.947120741977147962e-02
3.261649970827832506e-02
6.444097435459969492e-02
5.921659762018053816e-03
-3.711213863593424561e-02
9.148391526069660998e-05
2.529124338274183620e-02
-5.074840360263375288e-02
5.336145396094651300e-02
5.989084574507028830e-02
3.297241320274707510e-02
-2.551510280124168542e-02
5.146223264967979966e-02
2.631808699557919642e-02
-9.089143107211008349e-03
4.088241788463385651e-02
-1.808017053952082343e-02
6.034499394055300309e-02
-2.516639553176232974e-02
9.793265566271120923e-03
2.156669074620167978e-02
-7.333676311390653624e-02
4.384023907582015184e-02
-1.063156618971374812e-01
5.821713431066782851e-02
-1.801474816943629195e-02
-1.623662355173003877e-02
-1.636036158992234049e-02
-3.102980564893857360e-02
1.836562421508916923e-02
3.287456904223124045e-05
8.415458018657069605e-02
-9.077303647056954999e-03
-4.216472989809873922e-02
3.388535470047164544e-02
-2.042522264522462355e-02
-7.591806801592325057e-03
-4.816261306583977456e-03
-7.964486544507998200e-02
1.996907137205706075e-04
-3.216966468390751455e-03
2.628953761172568918e-02
5.903127455361139447e-02
1.404626465971714755e-01
4.994136848332569878e-02
5.403973306995157183e-02
-7.937262053866968661e-03
-4.003451239673511131e-02
-5.982012273283478405e-03
4.335126649186132886e-02
-3.895651939005099346e-02
-3.252523801364536754e-02
1.102581057970057898e-01
2.603781673125052029e-02
1.127363761606446808e-02
-1.211362826920835828e-02
-1.850708714754229975e-02
4.037240002202690387e-02
3.695720380863193408e-03
-9.905197715521285584e-03
-9.234843955362033452e-02
9.752299171051026505e-03
-3.122075440299216034e-02
8.898734665016456991e-03
1.591158617033332223e-02
8.742435284128434458e-02
-5.130177943374143040e-02
-1.788096044676061591e-02
-2.227917655814633593e-02
3.061891379673984531e-02
-2.869435363644103065e-02
3.714593274188569827e-02
-1.907509040422977059e-02
4.974516510645339562e-02
-3.394764551862184624e-03
-1.445367445214673988e-02
-3.006196552441522257e-02
4.009730876832990308e-03
3.294649155255582190e-02
-7.483124748181066432e-02
-6.527251010169907858e-03
2.714552321921792286e-02
-3.731327108774747103e-02
-4.366603764650842101e-02
4.180210933962349301e-02
1.352777393320377802e-02
2.531836898408033540e-02
2.838714296320968278e-02
3.018041869922264819e-03
9.728664373886839606e-03
2.963974612021090353e-03
-9.148438033297688621e-02
3.921205705843915090e-02
-1.530684453168336574e-02
8.864927831793238677e-02
6.230041062307901251e-02
1.073271350135617530e-01
-3.895917186382435310e-02
-3.238480290879804796e-02
-1.182377895915803778e-02
4.763624701949068646e-02
-6.111831422151831061e-02
-2.681942431898951332e-02
-2.809719082453295685e-02
7.609025942229695472e-02
8.399557366379328815e-02
8.160114270373348272e-03
-2.320340979537124232e-02
-7.734143353921237030e-02
3.739971645559712898e-02
-2.749904030463917043e-02
-2.407846747833557871e-02
4.677568712863783978e-02
4.641530772821952748e-03
-2.924565114912911715e-03
-7.689549318001846767e-02
-2.876546508614245823e-02
3.591957116581507431e-02
-7.420944406195145726e-02
1.601812480129416114e-02
1.345858652179758412e-02
-1.010488880829511632e-01
6.923275456065036866e-03
-3.192905820726178040e-02
2.137903310341947305e-02
-2.660103407104100898e-02
5.192367002365545769e-02
5.527247327856079501e-02
6.570732275665092104e-02
5.236131251549064336e-03
1.169656773952051167e-04
2.051020946457692701e-02
-2.937652867907257145e-03
2.004795002974674514e-02
-4.090651249058078684e-03
5.488774158263159952e-02
1.547298752969657361e-02
5.136873970485578145e-02
-3.322423137172294400e-02
-5.695364545967855630e-02
-4.262106305020822022e-02
-2.289906081902838217e-02
-5.225191355785517577e-02
-2.042979494699402598e-02
7.242070389436679190e-02
-8.772675598097449956e-02
-5.231305229515519767e-02
6.181357643737080305e-03
-9.904106018581765661e-03
-3.798072037863346739e-02
-5.315237316934367379e-02
-7.114919047690924925e-03
1.195313608788955810e-02
-5.415944909235499011e-02
-7.590835737133418311e-03
1.178003446433089317e-02
-2.690562247580111435e-03
-3.802177123558396488e-02
-3.453587430124541169e-02
-1.877629710774960520e-02
6.587220785178264648e-02
-4.287801811541668007e-02
-1.696215723042638018e-04
-1.682972296446970731e-02
-8.789907734306894385e-03
-3.994686846765575956e-03
1.720771053650377996e-02
5.139692069643955058e-03
-4.541482050064909320e-02
8.162802586715062203e-03
-3.529458385252989827e-02
1.722391133064542007e-03
2.049492542986712171e-02
-2.766088716679283854e-02
8.150029515468658337e-02
-6.041960053683419207e-02
-1.173917398606759421e-02
-6.530213858737479726e-02
5.518401445261261057e-03
-5.242611875234510360e-02
9.679355751935865559e-02
8.598360870963968252e-04
4.890375755965724325e-02
4.401087376726352945e-02
-2.590533868504393475e-02
-6.266069354139341963e-02
7.763935840651437804e-03
-7.855898397513079445e-02
1.315672501642795311e-01
-4.599733517197388682e-02
4.176818103161039175e-04
-1.307422855284589604e-02
8.858162899401855750e-02
-3.142412032085015877e-02
-2.108092460463815640e-02
-1.241765739216870931e-02
4.780010144974671665e-02
-1.159033183005180184e-01
5.300527025508990769e-02
-8.709184379539636200e-02
1.195232492500213628e-01
2.413844422310537641e-02
-6.253267858149163562e-03
1.896180196113000926e-02
-5.913927852266218088e-02
-7.828013631102110226e-04
-6.341696482724349174e-03
-4.064427451536330171e-02
9.916283046439641757e-03
-7.763747894901811171e-03
-4.731143570042316976e-02
-2.385062265569367831e-02
-2.747296683334230633e-02
-2.290975925586970219e-02
3.827191295656175510e-03
-2.238029297022346015e-02
9.465957520187431862e-03
-4.949164577558195360e-02
5.987957830123428332e-02
3.469053205658714084e-02
3.571624709751086701e-02
-1.379334263929314804e-02
5.495121003936821735e-02
2.874116689376569889e-02
-6.112499817277749353e-02
-3.471339812742351566e-02
2.819247942118013883e-02
-5.118369744411773760e-03
-2.283415359974099237e-02
3.721236041513827780e-02
-9.407046369604125588e-03
-4.319604350104342544e-02
-9.112656281271544478e-02
-1.026458960113560692e-01
4.414805229242133033e-02
-1.578220974650896072e-02
2.348109737819764273e-02
-1.745283729449749466e-02
3.108709830542398175e-02
5.470409255458393710e-02
2.962446159980831190e-02
-6.827523172269435447e-02
-3.036722966017303682e-02
1.627833198471353299e-02
5.437477125434710123e-02
-3.442496075843160669e-02
1.510662767105619766e-02
-8.935637642408665593e-02
8.873328812997756387e-02
-4.209353319516790509e-02
-4.807489162385843173e-02
-4.546793346336165664e-02
1.356216118162640281e-02
8.879313417930486882e-03
1.997588118743637287e-02
-2.842849593556946025e-02
3.355594284335478017e-02
-1.206794582473778507e-02
-5.790414766153669651e-02
-7.731109599789166842e-02
1.306551215425502954e-01
-3.338055565111098383e-02
-3.927770884669894852e-02
1.365539661883148626e-02
-4.398911757448561305e-02
3.160736812553601588e-03
-4.052691197784724988e-03
1.216507261438029043e-02
-2.817309384871836964e-02
-1.574099947040813810e-02
4.477691996774191621e-03
-2.833526292624187481e-02
1.506980585902203485e-03
-6.950219071368618148e-03
3.547785741266681198e-02
-5.457686880434310314e-03
-4.909971887867900509e-02
2.971736719051347453e-02
-2.469232708395048895e-02
-1.010560042884164553e-02
3.786082685103635270e-02
-1.752178336417953633e-02
-1.395867034923272895e-02
-1.688644013837349578e-02
1.927059949334139488e-02
-1.708396067772515294e-03
1.269993652099418897e-02
-9.353260608801731643e-03
1.135544857120713213e-03
-1.751156207503577712e-03
-1.943673225402059099e-02
2.727069019610869720e-03
-1.904710522447693524e-02
-1.009224904721577575e-02
1.474017321006446460e-02
-7.814300834477055924e-02
1.263832517982688697e-01
-3.064408980834019622e-02
-1.608922202389531306e-02
2.952284086552927483e-02
-7.859160614223023589e-02
-7.251880373720369366e-02
-9.469914181932000130e-04
1.326120330899907725e-02
4.333345238306909875e-02
-3.873906024516363816e-02
9.836859527946523185e-03
-5.363537826215085749e-03
-2.176402258977254769e-02
-5.821232228598115233e-02
2.857674782511474172e-03
8.853517915368072644e-02
-7.395910550898696090e-02
3.389512768191501463e-02
-1.487823007169754297e-02
3.828288521311018228e-03
-5.682100404956143963e-02
1.511626899599673168e-02
4.374520134701209186e-03
-5.008845217257002630e-02
7.941756667902359623e-03
-2.071319288453872878e-02
3.302240461787029485e-02
1.165575731151763210e-02
2.444110028772795290e-02
-2.091566322186735882e-02
3.949273898957383899e-02
-3.251506093588026752e-02
-1.074244840375137081e-02
-3.231172158729287563e-02
3.513110209510114396e-03
3.076749451317909584e-02
1.413142387587519935e-02
-2.311127317448280136e-02
-1.779022618309792150e-02
1.269737396472721790e-03
-1.388507043624216328e-02
-2.914989817938293606e-02
1.923271629160356461e-02
2.707606557374574174e-02
1.818169183465156991e-02
2.077168738336638773e-02
-2.736470487643173632e-02
4.081380884427927153e-02
1.939958350678720744e-02
2.581916102715273425e-03
1.457114914707679024e-02
5.273140402988746311e-02
1.248040293725856224e-02
2.021518270958146818e-02
3.261899858023587645e-02
-3.517287073515677071e-02
2.447832357477400050e-04
-1.051237738380108623e-02
-2.652307377054150678e-02
-1.464379654573999025e-02
-1.802074662826170983e-03
-6.736195500553628437e-03
-1.660510629421438691e-02
2.402708893890780333e-03
9.130709259783104104e-02
1.315101806058486394e-02
-1.662086105757747123e-02
9.711462437002734913e-03
2.720552176526900949e-03
1.139941748018573064e-01
-9.376775478173249648e-03
4.954737329597982270e-02
2.185533996905636087e-02
-1.884066734062360415e-02
2.063264426239220031e-02
3.796192347429679093e-02
-5.655516915851206694e-02
3.211047116036910148e-02
6.450290860662023784e-02
-1.970433928676543558e-02
-1.911967716335173997e-02
-4.279961844258216991e-02
5.927495831204845217e-02
-4.281161219310523902e-02
-1.053215762875960998e-01
-6.008957705953545288e-03
-3.137725552336317891e-02
-3.509026482349495574e-02
4.215029883498831037e-02
9.098774502871949388e-02
-8.711938453971423621e-03
1.304650507769566752e-02
-5.899708727512773671e-02
-5.024825216099575165e-02
-8.393136728596073404e-02
-4.148007155831433257e-02
-2.041059518347774354e-02
-7.918536235452844352e-02
1.569908406940225265e-01
6.147737956711379209e-02
7.389859580186326771e-02
-3.086937467717548386e-02
2.760709738168789715e-02
2.981253628226411979e-03
2.524309211611285367e-02
-6.270954845910943487e-02
-2.318782403683550611e-02
4.253445287264174396e-02
1.234414649826134774e-01
-6.376961112432294465e-02
-3.580735328444355908e-02
-4.415359294965770509e-02
1.782098223012403004e-02
1.018871247058765819e-02
-4.696440328665332786e-02
8.155167264506761604e-02
-2.080726855378562182e-02
1.121372666101297724e-02
2.848542593473687295e-02
7.413702592536444702e-02
5.274921419880981149e-02
-3.308239985753529816e-02
-1.075129748307349651e-03
-1.259736284986718614e-02
4.986579277516244718e-02
8.335712694134853051e-02
3.354739454495454798e-02
3.924776021746156224e-02
1.301622198547077759e-02
-5.366066366355760897e-02
-4.827620892496477939e-02
5.396668411476612109e-02
1.062835498536078560e-01
4.423388773603485064e-02
-3.250581608794327060e-02
-4.182657066412523439e-02
6.941526805389603913e-03
-4.710770205617544060e-02
3.030089758993606899e-02
-6.177501711751195480e-03
-2.564336096736208846e-03
-1.276684048150152628e-01
-1.283388144258873140e-02
-2.771739585120839081e-02
2.272376873790234522e-02
-2.171726632466622342e-02
6.520358019166863812e-03
3.227037471574212280e-02
-3.176499167559791075e-05
-1.640306129525885212e-02
-5.181527976039881217e-02
-3.460858220789234801e-02
-2.962353825078081412e-02
6.019741339293375321e-02
2.915471299921479700e-02
-6.518005533282106301e-02
-2.955731385627461891e-02
-2.988434584069325425e-02
9.727223986982841408e-02
-3.200811702794818803e-02
-6.882377376644831235e-02
-6.466973495526583127e-02
-5.013724921404505430e-02
-2.934926587549585922e-02
-1.099885048233843754e-02
4.524242445461790219e-02
-5.348603062291875168e-03
6.406321323099897769e-02
-8.239882794100257535e-02
1.719176290831990819e-02
-7.836117744508914670e-03
-3.148651051073049489e-02
-7.042996654883218466e-02
-2.087793213913750195e-02
4.207951165831021190e-02
6.540506380225666327e-02
3.054348050825914443e-02
-8.628684325193954410e-03
2.483311725117217164e-02
-9.598436153992542796e-03
5.872549794390116533e-03
5.745117654889973086e-02
1.078448889473156451e-03
-5.586481718939306784e-02
6.589933726197765018e-02
-6.995469554763246445e-02
5.481981296818102568e-03
-2.093849198762516572e-02
-3.544846011677650968e-03
5.402200811147294529e-03
-1.133140285763535073e-02
-7.454794840752941576e-02
-9.093687050148923029e-04
9.193021680048811539e-02
-1.947249057610368761e-02
-1.734274319265485462e-02
-7.794495787019255217e-02
9.347400026108674750e-03
2.139033125931899190e-02
4.135933839831341940e-02
1.533418601501648944e-02
-5.677585765218919056e-02
-5.676406609494668437e-02
2.856386992419232551e-02
1.152748411041890249e-02
5.641178450703225600e-02
5.871488772839060510e-02
8.446456949073572959e-03
-3.559749798362619316e-02
4.991227625922151773e-03
-1.413613982595711763e-02
3.671360052920048800e-02
1.275315248323434514e-02
-3.011677395814184744e-03
-1.152515146097812283e-02
-9.852075739510662844e-02
7.027490837540084634e-02
-2.533520090380723955e-02
-2.149114010029106944e-02
1.483945568930889955e-02
1.004721211919112726e-02
-2.736313971897994315e-02
3.364343414593571474e-02
6.568364004863520324e-03
8.278207831115304283e-02
2.391186919860401411e-05
-4.075217910737002208e-02
-2.479896295085561725e-02
-9.626021231382705934e-02
-4.168809672244043474e-02
7.126949085852025620e-03
1.366626976859439402e-01
-1.084244952331186868e-01
9.424183015512190009e-02
-3.528618251804870043e-02
1.601500005301041349e-02
1.148426717023435240e-01
-2.366870314713911266e-02
-3.780027982443965456e-02
-1.195710504817320552e-01
-3.246311590905178596e-02
1.193678432690809671e-01
-3.118910774261842225e-02
-6.717205814262902641e-02
4.640932944117414499e-02
-4.317533247311415578e-02
7.911187809884369371e-02
1.253516957636367779e-01
-2.341272080066067116e-02
6.885598168627040869e-03
-1.233509556856946313e-02
6.104723594598315296e-03
1.475296229818444382e-01
1.166145064038552892e-01
1.057872340464174887e-01
-3.303409468710346436e-02
-4.313912010495739519e-04
-4.798600552842997163e-03
2.379668141390169772e-02
-1.124562478006913280e-01
5.906211201616642925e-02
-2.631967604036869468e-02
-5.084254335629236760e-02
1.626295646609059523e-02
9.183997047248916579e-02
9.610539827590704187e-02
-1.879873618163372534e-02
1.065043334396444247e-01
6.794340610936003277e-02
-3.810354143960142936e-02
-9.013380794012518238e-02
-1.084862316033976919e-02
-1.549640117559961117e-02
-2.058260843582194674e-03
-3.080406616430003339e-02
5.367454884388410397e-02
5.040914583568005536e-02
-3.710232134144809263e-02
1.427396951173073684e-02
-1.022039018696054985e-01
-1.111371558531550202e-01
-5.593904310529929785e-02
-1.850153770497744987e-02
-4.664315315839848673e-03
-1.570149942143514747e-03
6.707226214327885461e-02
-1.732695582612827495e-02
-1.548469004734111948e-02
-2.302094188076059603e-02
-2.349007961740646327e-02
-9.559764362721890826e-03
1.561920568983606386e-02
4.691097800752692948e-02
3.528663294338673512e-02
-2.186652209280457360e-04
6.693061802667911453e-03
1.627857765772061996e-02
1.085554388666177010e-03
-2.615326345934574151e-02
2.223657048839776385e-02
-1.561965949509399980e-02
-3.902485977428586661e-02
2.093891164493811088e-02
2.154012236010101680e-02
-2.404504312299386454e-03
1.598146988078265329e-02
4.082836552838975397e-02
-1.218443945808822364e-02
-3.964348541668807208e-02
2.448831426086915328e-02
-4.673144782870568975e-02
9.717905111110033273e-03
-2.543175126355268646e-03
-5.824566746516949590e-03
-5.512507011886276509e-02
-5.951710704277158454e-02
-4.409406202318689322e-02
-5.820315842634547071e-02
2.748651129720745129e-02
-3.951694252881311070e-02
2.723925145723742752e-02
-5.210459558481160547e-02
-1.323332797297523643e-02
-2.891347132182836219e-02
-5.737677489680170079e-02
-3.218308358177372069e-02
5.989928890403310724e-02
-5.975731606261014406e-02
-4.305201029358388110e-02
-2.659226726886324780e-03
5.930070693375742719e-02
1.507366405179413373e-02
-4.747766254192426275e-03
-6.693371252532401283e-02
-4.106129083549867748e-02
-3.711814446273869333e-02
6.118020830638597196e-02
2.629227800812516166e-03
6.760371722243561921e-02
1.690657652135666225e-02
-5.448178059948697444e-02
2.179426187361860681e-02
2.004338820964084861e-02
-8.164273542578713572e-02
-1.342353928307674256e-02
2.878955902130380176e-02
5.232867263341034296e-03
-6.233416122566325102e-02
-6.667670720142175600e-02
-7.311642037811424966e-02
-9.114835575190693984e-02
-2.623813733451714827e-02
-4.660371965726518850e-02
6.372305277545486923e-02
3.652768638817047164e-02
-4.563231258812604219e-02
-1.149435145089319071e-01
-5.625393105626404211e-02
6.982298744150940151e-02
-8.576449179367283404e-02
3.065522866808621100e-02
-1.338795904968529370e-02
5.837891820885100086e-02
3.327097422482890900e-03
3.849573731507797275e-02
6.392775205463294141e-02
-1.795645444104312233e-02
7.633916945181758174e-02
6.124324622927350414e-02
1.476446747313996666e-01
-4.108561466912731552e-02
-6.161981013261381285e-02
1.097420168352785524e-02
-2.309132003878053285e-02
-1.050075991252687191e-02
2.404865904116617464e-02
6.364364759712774766e-02
3.973996575756424260e-02
2.633714396473328320e-02
7.509523910622652176e-02
2.677345570875771727e-02
2.675505736601967860e-02
-2.093868165832464892e-02
-1.161506224681263695e-02
9.761145612169125352e-02
-4.020265825334119747e-02
4.757167938028859788e-02
-4.308924083475829808e-02
-5.215576402624730844e-03
-6.361614362944968681e-02
-2.143423727811646223e-02
-8.856097938997067875e-03
-7.961615814838084171e-02
4.666718700858825115e-04
-1.582691470747900949e-03
-2.112982618093925055e-02
1.131831354783804575e-02
-5.700220299406380531e-02
2.594276212172057922e-02
-9.193340598794833007e-02
3.670276348344369936e-04
-7.302088382591732929e-02
-1.505389923669385455e-02
3.248108873940377950e-02
1.646521277878601822e-02
1.755320403564142318e-02
-3.540040359161852890e-02
4.000306106043580168e-02
-2.009753912717480995e-03
5.111351996098396216e-02
2.049511580450361775e-02
5.724992274578980661e-02
2.293059892399757979e-02
-2.817999079550884828e-02
-6.203515021786169814e-02
-9.848225383426743862e-02
7.076550937264801389e-02
-6.504421371039453836e-02
-3.514677468580803404e-02
-1.008910786213628070e-02
-6.767159529801655693e-02
-5.786665432265658549e-02
-5.263345105195620099e-02
-1.982552306775354350e-02
-4.023446929026738839e-02
3.089430839284963790e-03
1.245243228834182377e-02
1.571866989429591965e-02
-6.367846745750158598e-03
-3.607189505061160484e-02
2.141472877075898187e-02
-6.727891856671745774e-02
-3.160165215175370773e-02
-4.017933274029042434e-02
-1.666693878959232475e-02
2.844579420918015925e-02
3.292545267258309427e-02
3.083711970559789226e-02
3.863062852497999716e-02
-3.725570288138120578e-02
-1.291375549092821373e-01
-8.005499769775197699e-03
-2.409974602514159889e-02
-2.690697823579219633e-02
2.706412658245241007e-02
-2.489206583017471164e-02
4.860965049735336413e-02
-5.068464735334802379e-02
7.319594095134505929e-02
-2.374191546678172671e-02
8.769182845979348051e-02
5.642095905576341441e-02
9.157854794044220995e-04
-4.176463949443102314e-02
7.003314329029590099e-03
-4.905592937822266658e-02
-7.744515094489586721e-03
1.828222042352683693e-02
1.232083930382834452e-02
-1.751577167316599850e-03
-1.945895884618736860e-02
1.239738500225351092e-01
3.234031856900045077e-02
1.491750711677928831e-01
6.392038494229017320e-02
-1.374024900867754917e-01
-5.511130413915175247e-02
-1.636861961707426240e-03
9.844838879967374862e-03
3.903546577869814599e-02
5.450016992855156311e-02
1.819793498238569604e-02
-1.613966352222158493e-04
8.415146284102212326e-03
-1.852516082649561038e-02
6.244320996797640688e-02
4.433188862436130556e-02
-2.042348462435474368e-02
9.157564648591600548e-03
1.031410886702302868e-02
2.120494740765561936e-02
-4.217581422163923371e-03
1.085399102074957427e-02
2.544922460656763932e-02
-3.450628383472222754e-02
5.974984573561391114e-03
-7.760424062364201618e-03
4.311117925120874599e-03
1.783442661129540016e-02
1.108559750164574663e-02
-3.045321759256677200e-03
3.102400895152819874e-02
4.094621402599479126e-02
1.634948249316855139e-03
-2.849161300488294024e-02
4.053576548727317458e-02
-1.365847804715034086e-02
-5.942412085242353322e-03
-3.601780690574357680e-02
-1.196269206102419658e-02
3.382041523363531893e-02
4.273847933614164166e-03
4.313379649012028666e-02
3.731314680857317906e-02
-2.153907604697742617e-02
4.659857815988965868e-02
-1.277496712795910851e-02
-2.796765671351525082e-02
1.012434205884872769e-02
6.245637275057641657e-03
-3.112282542856216472e-02
3.347299473922096119e-02
1.592163252782201679e-02
5.989414725451025490e-02
-4.494924244754294057e-02
3.707240464660679913e-02
-3.050413791762553867e-02
2.953703894690425102e-02
-3.988624691412281931e-02
1.213983375340993431e-02
3.385116116970425526e-02
4.953692313172409004e-03
-3.566597509409546313e-02
-1.658987090823240557e-02
-7.520924135077791672e-02
3.751156876702230886e-02
7.363249425284336055e-03
5.003830946177637018e-03
-9.732167842816941139e-03
-1.086840434791896785e-02
1.532632854451964829e-02
-4.622063918929779532e-03
-5.084615823708251575e-02
3.262599129575464649e-03
-1.028072841122993145e-02
-8.541277052180181947e-03
2.823268417266469252e-02
-1.002803810107256478e-02
1.932614968957576881e-02
-2.503194070676172459e-02
-3.183045231937040552e-03
-1.361352352014080780e-02
-5.065431584468161816e-03
-6.391115159194514506e-02
6.697023449714111301e-03
1.672034142940013665e-02
-1.632086506201838299e-03
1.920565332020340507e-02
-2.715876770788333561e-02
-1.659108923485574580e-02
-1.770364683454090163e-02
6.071343178027155396e-03
-9.810236429316701937e-03
5.014602679362084592e-02
-4.122487200387001810e-02
3.798524284557210778e-02
6.401319611084102523e-02
-2.244892831786847801e-02
6.274512917374423793e-02
7.870398783222881667e-02
-2.269877521511978052e-02
-5.503576614182700139e-02
5.222294161325100742e-02
-6.016603744673177517e-02
1.076236992103642293e-01
-7.433499646194212385e-02
-2.197153875808243936e-02
3.610328179228284445e-02
2.003020974309323299e-02
3.973054447462533167e-02
-2.188194118414975384e-03
4.149891618268328197e-03
7.824022729489857331e-02
-4.667951953220889766e-02
-1.479729766040436536e-03
5.584683575693694807e-02
-2.101359432303950142e-02
8.168002475658475009e-03
4.594245974992930415e-02
-9.374799255899317341e-02
4.278250706432847744e-02
5.851978565509468981e-03
1.086517158998657941e-03
-5.412266305810446015e-02
-1.710866443142448901e-02
-6.623212107844463244e-03
-2.646958004799987094e-02
-1.229365825560917516e-02
-3.370594432110424199e-02
-1.866605779347385932e-02
1.364906243413284426e-02
1.576626692694147944e-02
-3.033394748374731650e-02
1.450817086790006684e-02
4.765565611928460066e-02
-2.143980520171546306e-02
-1.606994743769125586e-02
-3.112904843461564153e-03
9.024855697322054296e-03
5.827532836762241292e-02
6.637240698378831308e-03
-4.278664238003158232e-02
8.221624795197647606e-03
2.559548549106359719e-02
8.988458395660063605e-02
2.650822454488241386e-02
-1.989974329380557461e-02
1.193533893013147135e-01
-6.236397026041353570e-02
5.703663958073001278e-02
-1.635344124790551190e-02
4.962569566047037722e-02
5.991045162104118721e-03
2.846827417720299014e-03
5.260156001462824860e-02
2.636423823527269533e-02
3.778809057210746284e-03
-2.256086808666365670e-03
-5.607999894116257739e-02
-6.097333191883878904e-05
2.956038429511926788e-02
-9.817009778086123462e-02
-6.675193710279098136e-02
4.940548855187019972e-02
8.659804375791902917e-03
-3.576332744090397059e-02
3.577773516920571689e-02
8.776172628554070390e-03
3.962314106859593510e-02
-2.678959491359544226e-02
-2.845426099756480018e-02
-2.781727179629447932e-02
2.700466181656413847e-02
7.781307683197503933e-02
-3.996493442306350147e-02
-5.511651967895522808e-02
2.482301288709463146e-03
-3.450925698635493727e-02
-2.667244867679124769e-03
8.124990818587338876e-03
-1.469245308834391146e-02
2.484269573296475284e-03
1.423007368589676754e-02
-3.246870032859019983e-02
1.992030088096439708e-02
-1.262136922642811097e-02
2.618673648530958284e-02
2.204631830516291455e-02
-3.305008002336688039e-02
3.023571176362770813e-02
-1.606208147639795122e-02
-8.456095636473255628e-02
-6.619502405115702814e-02
-2.263665346469149672e-02
-4.371160747352109688e-02
-4.715668399441125258e-02
1.216082118775785488e-02
1.572127522464054905e-02
4.748172389798125531e-02
-2.906200606028819938e-02
1.334769321409716306e-03
-5.806004588200216858e-03
5.132650341360155306e-03
-4.033389887953700570e-02
7.809892995277780900e-03
-2.600125190484764426e-02
6.935484799851199256e-02
2.122605773934728088e-02
-8.331623348486980052e-02
-3.457918759176841980e-03
-3.462851216763770945e-02
3.561547866848699395e-02
3.546037199955715674e-02
6.893978779365260434e-02
-6.683957470563418879e-02
-1.210210595851800644e-02
-4.118977977171543042e-02
-4.642864427730047233e-02
-8.256498981181756638e-03
-2.827002646922910020e-02
-2.820354188733681031e-02
1.099437998949348433e-01
-1.067462767338833891e-02
4.616716096704377020e-03
-3.795113286997241209e-02
6.129904656453175928e-03
-4.721194114476618027e-03
8.728777659498339336e-02
-5.265414452525757349e-02
1.054398124391347502e-01
-1.854356857752773383e-02
-5.773256603943690418e-02
1.811568222869636841e-02
-1.271436825526705942e-02
2.363894658239232283e-02
-6.105292283267869935e-02
-1.097141298652879182e-01
4.919325689203775213e-03
-2.538629433405558203e-02
-2.302094344684875796e-02
4.146991480669042635e-02
-3.521866473049806157e-02
5.627950500854911331e-02
1.192848958446115007e-02
1.228465997786270907e-02
1.645569332432608375e-02
2.101314604209000500e-02
1.458852369548865602e-01
-2.853286717110508838e-02
-1.050455634465820819e-02
-3.897682453636175035e-03
1.490614949646949100e-02
4.859291098893829541e-02
-4.011293714996891357e-02
6.912856283728278928e-02
1.306295100519691034e-02
5.836164816266152348e-03
-3.769880035915144229e-02
-2.608208984488036113e-03
3.806773836392031863e-03
3.624963154491769868e-02
4.272103361437813024e-02
-3.373243692691024753e-02
-3.066300238712583656e-02
-1.740794327526296384e-02
-2.863196285342544528e-02
4.841663561914688781e-03
-9.343000271940200829e-02
1.051152566334404882e-02
-2.349290179102433637e-02
5.938262469389672671e-02
-1.078421863717290152e-01
-4.345024465524711943e-02
-9.882707745577143377e-02
-3.191255204053176225e-02
4.766316676360921739e-02
-1.415959747414491376e-02
8.577604828257250069e-03
-8.262967025517087283e-02
1.983357986256749361e-02
-5.511378492756585472e-03
5.934768164552851888e-02
3.478978950070199787e-03
3.139192797097175441e-02
-3.500389990709013022e-02
-5.230132264907862844e-02
-2.461629911377583024e-02
-7.608490995307534699e-02
-1.085464255855528304e-02
-1.576528520145377144e-01
4.891369731272280502e-02
-1.001123348548467601e-01
8.068082526208271432e-02
2.815268646855921195e-02
-5.531239914905237802e-04
-2.758365433582983528e-02
8.480572755361044657e-02
2.105830166725340680e-02
-5.151548050305086029e-02
-6.557424918919239898e-02
1.421358165631751887e-02
-3.874094753707834227e-03
1.556449193137197061e-02
-6.016725422290655073e-02
-2.550822831071791058e-02
-1.039803269715933176e-01
-1.120521768455724591e-02
1.480625756785013125e-02
-1.780005513389101846e-02
5.483596998703593739e-02
-1.091058741236223878e-03
3.089524072994218919e-03
-3.500161117534492106e-02
8.585144200019104860e-03
-2.521139378620317062e-02
6.107541035051745199e-02
-1.252901262728719177e-02
4.051768675410939019e-02
-3.496410777321889984e-02
-1.974515444525905706e-03
4.818099236014791210e-03
1.133449253683845330e-03
6.493178212340353257e-03
-1.507944096015092529e-02
-4.336128300591816920e-02
1.693854265566403089e-02
-1.780571789830306256e-02
5.355185479469041360e-02
3.178600739153526061e-02
8.948903072276408188e-03
-4.419440664314115827e-04
7.769695130425674674e-03
3.879138866053036955e-02
-2.054193572288007599e-02
1.752853340068084506e-02
4.147929933741019795e-04
1.728402661809328930e-02
-2.402262168127564882e-03
3.210428549699972239e-02
1.434010341095502128e-01
-3.963182353028687349e-02
-6.191019283269771911e-02
3.991149171924986833e-02
3.696672377931372461e-02
1.673554245837182430e-01
1.081510958012217929e-02
6.031494495467763783e-02
-7.573654723876938055e-02
7.503547541261561260e-02
1.965079147856749892e-02
7.224716028512781496e-03
-1.088913347088909522e-01
4.097188919126531353e-02
-5.507589764038227365e-02
-2.427599076416218568e-02
7.953642284220641123e-02
-4.417534799043171950e-02
1.916341328335525729e-01
-5.203242647974976737e-02
8.951819969034383734e-03
-3.459187453995508921e-02
-1.700984173997661941e-02
-2.452881965311359824e-02
1.146118383396751809e-02
-1.999367871203553207e-02
2.697845967322868438e-02
4.818423602937021294e-02
3.542977336669503319e-02
-2.991763376019485401e-02
4.161463615720828457e-02
-9.577190234394555857e-02
-1.042579692509847805e-01
-6.302813304035713438e-02
7.774979473801665875e-02
-2.894180767643874178e-02
-4.072096677388066521e-02
-2.660941293901453869e-02
-2.563168204781945958e-02
5.639482880447743013e-02
-3.294100248076678450e-02
1.086005012511098572e-01
-8.879370260154317851e-02
-3.724246519062369976e-02
-2.315685238504184423e-02
-6.190802047410397246e-02
2.456182444777774837e-03
5.168979172100120201e-02
5.155581915507959079e-02
1.978835333893660606e-02
-1.244608058782076393e-01
-7.995222574692006923e-02
-3.449940413025074509e-02
-2.798898761554363332e-02
-3.996442109854734387e-02
-6.947824477916750459e-03
-3.895200472423646088e-02
6.526286922031580839e-02
-3.574501780549476510e-02
1.537314751467634168e-02
-7.929895846029579032e-03
1.045799313212110102e-02
-4.547530034451575942e-02
1.163071928413519354e-03
-1.083779655424710504e-02
-5.472153716200000434e-02
-1.536258861091846506e-02
-2.459848748273937846e-02
1.823430296377365157e-03
3.573978175103362590e-03
-3.698654701788720023e-02
2.007568801992443835e-02
-1.817625281913863924e-02
-6.230528414158444106e-02
1.359033025209835377e-02
4.517647366756861321e-02
-4.827392039820915109e-02
-3.396538160200571199e-02
-6.000656102337670328e-02
1.385693140969307055e-02
1.721218318154204077e-02
5.018473852658420636e-02
-9.634361506125222602e-03
2.819561851797401306e-02
1.052160254941955121e-02
-4.245472606384387282e-03
4.184137089222211836e-02
7.037897171298786343e-03
-2.510588254822659904e-02
-2.131800609447309647e-02
-2.101793359867356811e-02
6.908271809962118759e-02
-1.022027526079464788e-01
-1.013679360707829200e-02
-7.871300357937902059e-02
-8.859203670112371365e-02
2.632728018339383809e-03
6.827467184294236380e-03
-2.817368561418754844e-02
1.180827264841049704e-02
-3.974518343548664318e-02
6.122991910147399658e-02
-9.049459240225706663e-03
4.050791226152004182e-02
-6.548349591990812457e-02
-4.874274906038866817e-02
-7.105254015102665729e-03
-3.743686726148500593e-02
-6.637664456036471150e-02
-4.324809374169517884e-02
-2.058248408660851569e-01
-5.804391538787663507e-02
-1.663719169860526301e-02
-2.864572203933800701e-02
9.637097231794483632e-02
2.703226895884910247e-02
-2.199289546415835947e-02
4.737586666189040618e-02
-5.575157798786312818e-02
-1.632623362968204511e-02
1.918706541059880810e-02
5.983835033546638406e-03
1.386860061742027639e-02
-5.604052576047043391e-03
-3.919549231956151458e-02
-8.261840006874697495e-02
-1.351496519543216590e-01
5.661314591380477851e-02
-4.445876403425083612e-02
8.912903157564952203e-03
-4.779662738028872537e-02
3.758729194109531463e-02
1.037523601558052316e-01
6.035027220307142420e-02
9.079637093359421707e-02
2.378545987244006649e-02
8.758134115656018848e-02
4.424257300559133327e-02
-6.157690522094023955e-02
3.958866071513954255e-02
8.820857080974567332e-02
2.341719688273784933e-02
7.855902942150608248e-02
8.879146989566819026e-02
-4.035559182317212390e-02
-7.574439419232335824e-02
4.798591853037079136e-02
-4.320425641628288654e-02
2.867311633932351569e-02
-1.317645509166042173e-01
3.009626390435611587e-02
-2.594723352115192033e-02
1.116005358915048715e-03
5.265493055938184203e-02
2.270092273378846587e-02
4.453406166704627217e-02
8.048565994194095685e-02
-2.337032324082883444e-02
9.711612751220603411e-04
