6.366823615811355586e-01
9.191718846228397188e-01
-2.058712127628696542e-01
7.925752378870080106e-01
-3.933757514538929745e-02
9.742933403919729063e-01
-2.235334147418770179e-01
5.845610032562675862e-01
-1.982882450817776143e-01
-1.130922957064317558e+00
-1.986815537860079917e-01
6.164480028999367311e-01
6.993838976424139320e-01
5.831349328783077546e-01
1.301084694756712068e+00
7.416640157150412582e-01
-2.803341261860234912e-01
7.280393439013916890e-01
5.399146037427857703e-01
-4.891382149214938968e-01
1.866432109452967336e-01
3.179905188405062755e-01
1.477564562288956607e+00
7.197474232950773487e-01
1.130486387527891712e-01
1.326219780050301722e+00
-5.339168952104489385e-01
1.333981713345991027e+00
-3.607664782993492136e-01
1.014054367429532366e+00
6.672124719896551648e-01
1.103123635580082640e+00
