1.542576381096255611e-01
-1.876906302865291587e-01
3.403010981426757287e-01
-3.065718202736288367e-01
4.711934302310997191e-01
-1.608136580498629176e-01
-1.457835498931687179e-01
4.728610140196189970e-01
2.461311654405319294e-01
8.943799893528240341e-01
-2.083391605979478811e-03
-2.185736501650196728e-01
5.484313319248009799e-01
2.618872100103928346e-01
-4.445092829194792761e-01
5.463488075884378459e-01
-4.850081014470238872e-01
-3.966868177645581084e-01
4.340384463825385231e-01
3.825921642664326106e-02
1.943725928605468112e-01
-4.060123056522247920e-01
-4.744675244123248148e-01
-1.082479311767600150e-01
-9.793991409660612879e-02
-9.685362586898920156e-01
-5.832377531204052667e-01
4.696845376320144538e-01
-8.448599650949684126e-02
-3.052940412850193019e-01
-1.881820347139067096e-01
2.377204123833429605e-01
