8.128210762188992078e-02
4.550110137413518330e-01
5.127428561332486590e-02
2.478172732766315001e-01
4.144550215039774499e-03
1.764690511950027241e-01
2.105813822318730044e-01
3.122830577029809818e-01
4.835636971282136765e-01
-1.095605887594006955e-01
-2.609079540661427554e-01
1.323510029409962208e-01
-8.644553648902536525e-02
-3.684138486334405660e-01
2.872226888089677299e-01
-5.577413149692491690e-01
3.370047190903261991e-01
5.034700220001450677e-02
-3.049347769167946587e-01
2.974559139566249413e-02
-5.054756966934474960e-01
1.655249432826428335e-01
3.150746445183685296e-01
1.971753875250838450e-01
6.231367675011416640e-01
5.279182453903320527e-01
2.170301897314177164e-01
2.897206849559332276e-01
3.313442239723214944e-01
1.051540418976160962e-01
3.496080769354029671e-01
2.395441563716025901e-01
