-1.788748267028483774e-01
-8.634185170930586128e-02
2.521240670520485949e-01
-2.302369294417297985e-01
-1.742553434489516051e-01
3.259006986650544446e-01
1.165840021358487133e-01
-4.822403591642693277e-01
-1.927508600942384742e-01
1.180950081924524303e-01
2.025115090308216015e-01
-2.298338239620605072e-01
4.256803216120690347e-01
4.868727587184806249e-01
-1.358071610398584039e-02
-1.664398020812082324e-01
-8.053413719635710288e-01
-2.351917534187880077e-01
-4.229647002852868209e-01
4.281651121142283634e-01
-4.501750452673889541e-02
-3.167724600286750958e-01
2.363490009104784462e-01
-4.766039307378752143e-01
1.674176818493199881e-01
-3.923014964669856441e-01
-3.320094147781010863e-01
-5.189933584518999776e-01
5.421594221394521185e-02
-4.744439080654014318e-02
-2.220109499229741268e-01
-4.927113005098517906e-01
-1.298825940878884366e-01
3.765770354292569122e-02
2.028657914546428409e-01
-4.856682687864413150e-01
5.307485340387360639e-02
1.002990149214753712e+00
-6.813038782095948154e-01
-2.829570314726754798e-01
-1.670413308231430971e-01
-1.581315796965383491e-01
-6.416829345565253639e-01
-9.139157168054262703e-02
-4.006029683917727846e-02
-7.018783645025300499e-02
-1.650378361203934940e-01
3.798552827767289752e-01
-2.871769290618532144e-01
-7.273977582915740481e-01
2.284904997911553215e-01
2.358071136407142165e-01
6.409133011543456382e-01
-5.572799796890811619e-01
6.233639171774574272e-02
5.800433396538219322e-01
-5.856273322254972324e-01
4.005489916933864247e-01
1.218180183853084242e-01
-1.521041321908644384e-01
-2.575193527228839541e-01
-1.919399837710985546e-01
3.450225530245917827e-01
4.091090120610545444e-01
