-2.918854357225594276e-01
-9.624272200162264923e-02
-1.609253547355804503e-01
3.586644255032627182e-01
5.359913971083918316e-02
9.804859660862658144e-02
-1.075274406496580681e+00
-6.595465574693212263e-01
-6.757145486257876144e-02
6.127641001579731128e-02
8.755761936309003346e-02
2.820073249138609905e-01
3.016997551399058786e-03
-3.366734784527489754e-01
-3.198485754071194731e-01
4.132955707271436796e-01
-3.856399725821058055e-02
-5.494363856540420699e-01
-1.725382270229652848e-02
4.565169011623004813e-02
2.941283434828889654e-02
-2.568222571362477336e-01
1.568438667356734650e-01
-7.415264558456261534e-01
6.885648051554976723e-02
4.817185487641912900e-01
-1.653181519149492518e-01
3.131260647084027071e-01
7.867856235094726758e-01
-4.927986028392017381e-02
2.593934567121235490e-01
-9.798875224340142243e-02
-1.303994574786825067e-01
2.580325893005740445e-01
2.393621116846688657e-01
-1.649600789580344617e+00
-3.883670190308007308e-01
-1.478958283536896401e-01
-9.916131402186967314e-01
1.199381041153623206e-01
-2.640002073912158798e-01
-4.272340744912505039e-01
1.856683331720812014e-01
-2.796982082308589468e-01
-3.876523433943779295e-02
1.732712931391749978e-01
3.133394629029098155e-01
1.565493646020551521e-01
2.261174152126941284e-01
-3.846759994510299818e-01
-2.241016724578697161e-01
-9.334696937708770736e-01
1.632798131205102088e-01
-2.123685399615986569e-01
-1.358603850056495643e-01
-1.879749581352393450e-01
-2.071036111127912416e-01
-3.065887404119319037e-01
3.425721844548490491e-02
2.469359208122949845e-01
8.807916332254062119e-02
3.014991928898458351e-01
2.345319970956581956e-01
5.688924800716277375e-01
