-1.410843655931544273e-03
2.753510291575263225e-02
6.753522822251428748e-02
-6.998473057642214633e-03
-3.867102235740560445e-02
-1.005009937361495270e-01
-1.075818465914555808e-02
-1.607668682357301856e-02
-7.942677329730675473e-02
4.135982391433788014e-02
9.667111348540431692e-02
-5.205494916888400020e-02
6.718048590059742808e-02
1.586243629181887660e-01
-5.881737838388024359e-02
2.102165648425761285e-02
4.243577963612504833e-02
-9.463944281048110307e-02
1.366681211080456558e-02
-1.208740531644748699e-02
7.093681970443932450e-02
1.438682005519333756e-02
6.023030988450195355e-03
8.816759194984578885e-02
-1.024917293709629203e-02
-4.483332233963423230e-02
-3.858909972899587926e-02
3.344062248854693525e-02
-5.285564433373258694e-03
1.457240239634118861e-01
-2.389709449903170135e-01
-1.283008044812992132e-01
2.066919054993709981e-01
-1.222108265731439020e-01
-1.807831464723616832e-01
1.750721408565913267e-02
-9.122210263597467506e-02
-1.618592925603034860e-01
-4.729068590278526218e-02
-2.338937703890529018e-01
-2.025147079859740407e-01
-1.261120620112640700e-01
-2.382067786998360026e-01
-2.543495406686399063e-01
-1.449707351482873441e-01
-2.162793753364351812e-02
-4.812338554283138170e-02
2.422789166167098329e-02
-4.806014379601219327e-03
-1.876423983550784547e-02
-8.669829200567365224e-02
-9.000997353428950853e-02
-9.394207052447192327e-03
-1.374034489517843571e-01
1.320890718202819836e-01
9.373270277054449040e-02
5.889506825557514619e-02
9.722610119544235208e-02
4.405475784505809983e-02
-1.912443928696951068e-02
-5.833787089414219952e-03
-4.579515915692018713e-02
-1.007756263422160681e-01
2.285808961357881607e-03
-1.658739847957292970e-02
-1.220262142715858172e-01
4.456011904433916648e-02
9.011613664280533620e-02
1.448795640384150929e-01
1.140833976891512946e-02
9.150565792472496740e-02
2.150213926840442158e-01
3.644516720261059550e-02
4.137195203661944709e-02
-2.274198859134596296e-02
6.012053986821573603e-02
-3.412936636173708599e-02
-7.700667691059458198e-02
3.514267675866302593e-02
-9.259465610730192864e-02
-1.162412418233911005e-01
-1.180173548852642487e-02
-1.025094959140452310e-02
-2.124322172407758572e-02
2.997007884798148433e-02
-5.748186613177427851e-02
-4.272294183264574441e-02
-4.157335873974247337e-02
-8.346374071052783949e-02
-6.939348987001470181e-02
-4.808995438427188240e-02
-7.666818248906533129e-02
-6.271790442143368449e-02
-5.825897504148385558e-02
3.246707005227192355e-02
1.731921610421109370e-01
4.110643338864871515e-02
3.131861096515549392e-02
8.722853477298038449e-02
4.362739129697468937e-02
-1.257730158337384656e-02
-2.226457567246643496e-02
-4.183906656119767281e-02
2.309653228110413944e-02
8.726834528182145223e-02
-3.238476434755616085e-02
1.069305170296366327e-02
9.212858518977967703e-02
-1.662224581185638705e-01
-1.607628955925564929e-01
2.578396968702068807e-03
-9.104130533301987849e-02
-1.673561275175687313e-01
-3.942990229995974732e-02
2.523464614639654019e-02
-3.585482296832673277e-02
-3.342425688021343627e-02
-3.553042459879935527e-02
2.290026794386704548e-02
7.794311718759161511e-02
-2.796762496676951856e-02
-2.321030857140572376e-02
8.107330252232398948e-02
2.488376454000839483e-02
-7.896836916072416668e-03
-1.128026459059778240e-02
4.226548146155786195e-02
7.269009532288280180e-03
2.611880255066180434e-03
4.130839237324999275e-02
2.133620679747308055e-02
4.505327855387248476e-02
4.189038197078537480e-03
9.100889360934885305e-03
-6.628944200505206517e-03
7.278638988129255971e-02
-1.254937537321216545e-01
-1.135131762587951038e-01
1.595388485613502827e-01
-2.420325391724751848e-02
-1.415568999380624748e-01
4.653097044400808513e-02
1.869888249855410772e-02
-1.244812446950951668e-01
1.210812539495709911e-02
-3.834655152236961934e-03
4.830684776084497034e-02
-1.251960714330463686e-01
3.593012799687519271e-02
-1.571013655274463294e-01
4.945125104137989766e-03
8.897109212720381854e-02
-7.865314581946054482e-04
-8.958421695728946421e-02
-6.416403777321269541e-02
-1.658547422595601784e-01
-4.385128119097263522e-01
5.475575134317743897e-01
-6.036678069801350022e-01
1.295773720961991560e-01
-5.050568950704211746e-01
-1.795533167624276116e-01
2.474764704994119810e-02
2.137237971188458985e-01
6.274757047521684061e-02
2.080306857652180208e-01
3.432009852012271045e-01
1.132905628733281850e-01
-4.972944011431962297e-02
1.394459217802590870e-02
-1.887990332731476761e-01
3.694613030588429076e-02
-5.187720046166748727e-02
-1.611999190338204990e-01
1.446704325064726571e-01
-5.953331859558708139e-01
6.732650035396418042e-01
1.810418564153596366e-01
3.203096876463609050e-02
2.691689565575266715e-02
-2.556393606064898405e-01
-1.701779680137101569e-01
4.221238732511611164e-02
6.490094189466459607e-02
-5.248760733096450304e-01
4.283034964582672910e-02
2.362117480416030535e-01
-1.562441496779511385e-01
1.070653650832091401e-02
-2.000802177949583538e-01
1.823199652261057319e-02
-8.422260924461412446e-02
-1.214273117649038031e-01
2.252233672357452088e-01
-3.729318481109585304e-01
-2.014534604461199474e-01
-4.255745262082069047e-01
-2.732253279797012824e-01
-4.471442192392077047e-03
7.787984583643157988e-02
2.148658619313912124e-02
7.806756966443394175e-02
-3.539437173990991892e-01
-1.027052169733515957e-02
-2.844475034563884730e-01
1.174251848766121320e-01
-9.922316724256208254e-02
3.555980557878260506e-02
1.784693122630082174e-01
1.450243929465764026e-01
7.855928390545936779e-02
-2.512205527099913849e-01
5.810009210323858753e-01
-3.403827820152635630e-01
1.005207406976978274e-01
3.761700268030544747e-02
1.549771650105172087e-02
-1.672402037448003365e-01
-1.869610370506937791e-01
-3.415297260209392838e-01
-1.270627068510752147e-02
2.441056882658098337e-01
-1.986149794169116967e-01
2.235491471775748196e-01
1.732886204443306877e-01
-1.254955788267402284e-01
-4.430694153096517880e-03
4.813854687472687854e-02
-1.579455076415024750e-01
-1.900898821992896837e-01
-1.935900047533515439e-02
-7.715201200990147445e-02
8.691105508506408173e-02
-1.536653605754179364e-01
7.481366912780693101e-02
2.019795062747057057e-01
3.505305132918914990e-02
-5.945002826670166968e-02
-3.737665654587971620e-01
1.433280392836715489e-01
-2.771438726215698090e-01
4.390463224867764969e-01
-1.196693947784204792e-01
2.465821081432427730e-01
2.924357330452765913e-01
6.909959183959542284e-02
3.534437460620070554e-02
-1.120147226788751893e-01
-3.034137195016666302e-02
7.286510913794409794e-02
1.120415634539052852e-01
-1.108775579107129129e-02
3.648124120144946581e-02
-3.316648732639819186e-01
-8.282745192687135383e-02
4.005752504110073886e-01
-2.698848530418895830e-01
-1.543021786839395559e-01
1.963437045891067989e-01
3.334265643272028151e-02
1.307981045149076982e-01
-3.732425317760963007e-02
1.359218307112257107e-01
2.090157093680999195e-02
1.572641408316005629e-01
5.235935753102068796e-02
1.033820955511112055e-01
-2.980871940216486479e-02
-4.287983488128230963e-02
-4.125010201329681360e-03
7.832644213687812995e-02
7.862953177578480002e-02
4.062551733473063892e-02
1.796893399093756893e-01
8.026629255849075661e-02
-2.669074505416088247e-02
-1.812651003523258753e-01
1.243313345367045020e-01
-4.286419435663668676e-02
1.290900220223625550e-01
-4.696138627620997236e-02
-8.468716055875531723e-02
-2.403107811267892191e-01
1.949533430594835581e-01
-2.112612120475753086e-01
-4.834264936172023158e-03
1.523003958715757611e-01
2.492048099839491368e-02
-1.711738292244513460e-02
-2.399722489458649619e-02
6.597050438581386622e-03
-3.811970748275785026e-02
6.547436582355035950e-02
2.216044256423422079e-02
6.154516234041888800e-02
1.149739079099197092e-01
-6.750532422668359400e-02
-9.398294104651803982e-02
1.066468182352414001e-01
-1.968522287052216491e-01
-3.520061614592706056e-01
2.733003232042867103e-01
-1.441303547789584971e-01
-4.451491903258153471e-02
-8.035971119143021923e-02
9.648021644134464891e-02
-2.765137563386729780e-02
-2.678988766606039962e-02
3.490406734905122932e-02
-1.108528519466795009e-01
-6.471191300111163447e-02
-4.876752012879161796e-02
-3.583094237306644336e-02
-1.310193947405389192e-01
-7.231322786523164403e-02
1.677392373067803089e-01
-6.833030117437868811e-02
8.526003950839802781e-02
5.727288856076522272e-01
-3.738236886833084527e-01
-1.894669801276588905e-01
-2.490919477493044876e-01
-1.821497618904256155e-01
1.043775806314649890e-01
-2.451744938671896745e-01
-2.547494032052796675e-01
-5.761477035731261270e-02
4.783009378253180732e-02
-6.470565005757356047e-02
-2.347708690719902402e-01
2.966293591209544570e-02
-1.086646504835896976e-01
4.527216050829532823e-02
8.743530287049638972e-02
-5.978639299796920104e-02
-3.242963597684144633e-02
-2.604342392935856121e-01
1.313301498731894446e-01
1.943532194544191349e-01
3.992649071975895581e-02
5.347423502992855460e-02
1.527974983673115461e-01
-1.531696718689127545e-01
-8.532077336154045288e-02
7.208079036762915504e-02
2.990004917921902372e-01
5.600891883756946993e-02
-4.397509106080148972e-02
4.629968643587229621e-02
2.111887428379047998e-02
7.840465129934567901e-02
-1.334721352359934943e-01
-1.856480664333278185e-01
1.457961728923666544e-01
1.778899372719003613e-01
-1.671590838317414951e-01
1.091150543632787573e-01
-3.953454900338707750e-02
-1.778190409917582426e-01
5.744972231271142094e-02
-6.472922899441531375e-02
-1.727985763893634119e-01
-6.982419298763534177e-02
-1.344365427883267294e-01
-9.990534549212774784e-02
8.313552810408414429e-02
-1.220437300986018936e-01
2.649503135332589854e-02
3.079671599406472171e-02
-7.917631123551320538e-02
1.004162199496483679e-02
-1.563849855412338952e-01
-2.645931166357705713e-02
-1.252854013906172514e-01
-1.028795365904482811e-01
-1.224822715449982169e-01
-1.600496048590901721e-01
-1.819746386757848944e-01
-8.752049876109475879e-02
1.255765989287457862e-01
4.309377018771896883e-03
1.295440826420781455e-01
-2.774866112674093457e-02
-1.018782704945929291e-01
1.358936287131233892e-02
-1.654083707138045284e-02
1.813821112611350983e-01
1.633457816626078876e-02
1.457432319884260641e-01
-5.338709165424490588e-02
2.069225845676151143e-01
1.956835420781065371e-01
-1.012336822677559894e-01
8.583998988533987629e-02
-1.699654406804566474e-03
-5.405283593284839622e-02
2.368621024770098116e-01
6.965401182668731761e-02
-9.880600558189646387e-02
5.485061277985447958e-01
1.439622647761939489e-01
-1.263962953259199495e-01
8.931385495724135370e-02
-7.663872462951613895e-02
-1.544308659181167498e-01
-6.742331772842265203e-02
-3.869061999438502819e-02
2.242705018832727090e-02
-9.591487408308034535e-02
-7.523514000896462661e-02
-6.390374806255369466e-02
-1.415126760623180990e-01
-2.006046240117228263e-01
-2.880777633054674991e-02
-3.485099405524001714e-02
-6.220132715878248092e-02
-3.238506497114106153e-02
-5.713296525518819086e-02
-3.979788073039769447e-02
-6.432919344277204798e-02
-1.208360937697811194e-01
-3.232011495194880152e-02
3.109747794812968424e-02
3.871082675060208422e-02
-6.046990083790484971e-02
1.097957263520087101e-01
-3.676052988499881602e-01
-3.104447461032964345e-02
1.086921665146517585e-01
-5.490559970906814385e-02
5.182049448335284553e-02
2.411619599870911679e-01
2.085016442702967640e-02
1.903878108840232133e-02
1.435516022468293464e-03
3.053277838058731167e-02
-1.455771160959722088e-02
-3.812620772272225927e-02
4.835254907874853708e-02
-2.674811292583805997e-02
-3.543057443671215195e-02
-1.802246217941790019e-02
-5.416788774461869793e-02
-5.842182940273807183e-03
-3.514181120692026154e-03
-1.002754138812083371e-03
2.442570327749939499e-02
1.374064646896286553e-02
-4.987908257644385092e-03
-3.736207014245728625e-02
-6.374781526813186328e-02
-6.230445990116235261e-02
-5.301158745602388422e-02
-2.987693666929863712e-02
-5.120544399986372286e-02
2.599747811962314914e-02
-1.033104126373578513e-01
-1.607138789346471419e-01
-9.773330291463964981e-02
4.080605713111402216e-02
3.546922427150298041e-02
-3.603540897802579024e-02
-2.469133106247013709e-02
-3.504529553204989434e-02
-6.183179997550261597e-02
-2.593126188592629125e-02
-5.850694142151247057e-02
-1.178429739281598304e-01
1.297594198721939152e-01
8.701891616885386316e-02
1.709786960522680435e-02
1.583057484767837544e-02
-3.470326497335059213e-02
-8.936689828676035174e-03
1.546162577747705637e-02
-5.761294523688837571e-02
-8.686724907871730753e-03
4.771138723004780813e-02
-3.317390627698982297e-02
-2.298832969854446365e-02
-3.305539687267333021e-02
-8.805534984072550808e-02
-4.519347429949520378e-02
-8.996517017549028605e-02
-1.332861242095865206e-01
-6.687433742882462062e-02
2.316001706798850521e-02
-5.201747405002641288e-03
4.166257824230339135e-02
-4.687434649199590658e-02
-3.065796400395774321e-02
1.300756233676400413e-02
-1.137273529727417243e-02
3.858417103008532356e-02
9.670567529857536371e-02
-7.325115989404770017e-03
1.961171741466833512e-02
2.383901889222505427e-02
3.400902709008372243e-02
1.097074443490479202e-02
3.488333764413846278e-04
2.812276150918339296e-02
1.196559602295884858e-02
-5.171466581283269692e-02
-2.098577582471748346e-02
9.247671128236408314e-03
7.770496224952203566e-03
1.233970352426549955e-02
1.359093234976539721e-02
-1.260755376782398546e-02
2.672797396026045311e-02
1.504667949420928144e-02
-4.599787119346124969e-02
-1.026289346917209355e-01
-9.972160978168739809e-02
-1.330643437871656398e-01
-6.302208363400853275e-02
-1.516655216160503750e-01
-1.312247298719558808e-01
-1.829960765239121989e-02
-1.156414692850488840e-01
-1.225432946482411523e-01
3.681828968024434970e-04
7.798658382390653843e-02
7.839829951344498560e-02
-7.764993370945316720e-02
-4.607618365254802228e-02
-5.000287933773557569e-02
-1.209408577900245446e-01
-6.826699281381237716e-02
-8.486360608382323423e-02
-3.389264240272075318e-02
2.058623222669456534e-02
4.753365337693604697e-02
-7.804727207003341050e-02
-6.123154532790696380e-02
-9.904934747584885624e-02
3.457449735180397749e-02
1.197173047409737408e-02
-6.792995173282211085e-02
-1.417212830955980607e-01
-6.048102920796219473e-02
-2.984479363472909708e-02
-3.720356113792495228e-02
3.376012336416529119e-02
6.901831879301216499e-02
-6.891059354900521024e-03
5.308438449432224121e-02
8.053704006429264484e-02
3.117250854706481861e-02
5.051586466905857303e-02
4.918556844670659428e-02
6.789435516050994386e-03
-1.076909273846173194e-02
2.798282853495376310e-02
-3.692361978877643086e-02
-8.506499108523576935e-02
-4.970405058136388721e-02
1.599013666924222615e-02
2.792627429451825447e-02
3.060737851931893613e-02
2.936043263914352511e-02
2.308229059327072605e-02
3.820481247583899787e-02
2.443181166420212505e-02
6.338445841571731243e-02
6.508258433384055130e-02
1.077228423553736741e-01
3.883023792142944975e-04
-2.605477519647876605e-02
3.526686185374819371e-02
-8.898275039243698503e-02
-6.580943766957571273e-02
-6.801614123675474299e-02
-1.383775604062024156e-01
-7.417820205976702330e-02
2.808486318591713396e-02
-4.773558381518805058e-03
-2.366290105130633079e-02
1.069833739042631501e-02
2.332967449473395596e-03
-5.063601809613593047e-02
-7.798893422873352972e-03
-5.194872260024305244e-02
-7.819055839296586152e-02
5.608021757150199321e-02
6.559039267301033926e-02
1.681632817243315647e-02
7.330128145984630972e-02
6.529564741331306266e-02
-1.231026082069478465e-02
1.156330471944608425e-02
1.819794957312993212e-03
-7.920059177484668755e-02
1.437752804912124649e-01
6.928317353759717856e-02
-4.398574249245457146e-02
3.792599038269151707e-02
-1.133293558248073783e-02
-5.064322974426106738e-02
5.953293132206349120e-02
-1.536393819042041788e-02
2.745987285527980897e-04
6.779822113082960289e-02
-7.025523851482583237e-02
-1.019468154156149275e-01
6.426069801484568522e-02
5.557236127913298129e-03
-6.333434275946568659e-02
-1.226056731635574368e-02
-6.826344793071865980e-02
-6.251721437402747716e-02
-4.654724129498426233e-02
-7.687350389173440782e-03
-5.886896405851509140e-02
7.497028548047950103e-02
1.798068027874429875e-01
1.081737008859649796e-02
2.047276415195571908e-01
2.360784902158404863e-01
-3.976885288343285870e-04
1.021685334508612708e-01
-1.129454200455591584e-02
-9.947762762644106471e-02
-9.238763082584428021e-02
-6.354511270277596324e-02
-3.700417206646101215e-02
-3.941262574702422694e-02
-3.492537674648191204e-02
-4.720266243195087724e-02
3.153576455751145539e-03
1.484249265083654144e-02
-6.148760480674084206e-02
2.890469312328841633e-02
6.309707977581799354e-02
-5.611952380998051076e-02
2.329293319670859216e-02
1.286055822550298822e-01
2.843999359577805558e-02
-2.467008620366508559e-02
-7.288344686003249417e-02
3.186626223985475348e-02
-3.135891596367750694e-02
-1.123751366209053276e-01
4.136155819417450252e-02
2.829444053497448194e-02
-2.470358190053024636e-02
5.308090102534401833e-02
1.496265658792831580e-03
-4.054925435100147774e-02
5.697674646643412222e-02
7.498040911015069199e-02
-1.654385058396573354e-04
1.037942100621205149e-01
4.757836844804452792e-02
2.168161948504531908e-02
8.369391111848349663e-02
2.410114109217612044e-02
6.816080717212542883e-02
-9.887974868283980201e-02
-6.189196520058606876e-02
2.073415799568419093e-02
-3.250866214575993951e-02
-7.988430586831621327e-02
-4.444790152577662162e-02
4.049023819166836652e-02
9.931619599762200878e-02
1.918583320105832560e-02
-1.097419815021093495e-02
4.215045593711819888e-02
-1.178362116884211670e-02
3.326899610593348627e-02
2.816106171405672806e-02
4.119796522794125920e-02
1.677391965501374288e-02
9.512473050402447949e-02
2.578469303707637064e-02
-9.564064255966309158e-02
3.413983676991352856e-02
-3.583518283924840703e-02
-1.321404019017265730e-01
7.104859170936959900e-02
3.273010695804640102e-02
-8.771297771778483951e-03
-2.157423279570519839e-02
-5.027887734049655026e-04
-6.492244881704942183e-02
8.408566490909237870e-03
6.731403649223337282e-02
-6.940821857890021318e-02
6.113943247492474586e-02
9.655789996981777035e-02
-6.419450136439164289e-02
5.262493264908651991e-02
2.244834830049553809e-01
1.204310724523672271e-01
3.618260021288589867e-02
3.417277403739578112e-01
1.954060171033203952e-01
-3.751999592381081994e-02
2.005456765155469445e-01
1.276937030231379833e-01
8.995365045141227867e-02
3.338119008135184002e-02
4.460378720784875101e-02
6.734063019366125225e-02
-9.456444608102505681e-04
1.331648058526198157e-02
-2.756421334828657727e-02
-4.043701244173051462e-02
-1.442228244928738141e-02
-2.585449431324667036e-02
-2.934861332569245820e-02
-1.303506477129841995e-02
-3.548559406208769834e-02
3.676534643921825982e-03
-3.250259132332691120e-02
2.998583637551579389e-02
-1.179125511420874364e-02
-7.175907685952165327e-02
-3.686189693175406269e-03
-5.484678287019700837e-02
-2.569529203861173686e-02
-1.823602004573934496e-02
-8.844410012060743495e-03
-7.522088685274637421e-02
1.859410075832043305e-02
-1.948957499288323306e-02
-4.772357846600738113e-02
-3.421099039390738950e-02
1.196229664976505014e-01
-1.341788977459099606e-02
7.577795136845395796e-02
1.997890379912843802e-03
-1.130693093111940772e-01
2.944479596827245110e-02
-1.489388909366381186e-01
-8.897326628359545492e-03
8.474143516974233514e-02
8.680559067684293084e-02
-5.008947126170306546e-02
-7.671287028898006975e-03
-3.064793621609179439e-02
-3.668874724126479359e-02
-7.019417650872961101e-02
-9.738402669567074177e-02
-1.372716513393456572e-01
-4.872134585506344116e-03
-1.482825628725282785e-01
5.233004770894054275e-02
-1.458268179408513943e-01
-1.637507952044151005e-01
1.063725206050683131e-01
4.556403114439032398e-02
9.333009356819430002e-02
2.316802001006926931e-02
8.478804821181250284e-02
8.899947252730985858e-02
9.123440961804495097e-02
4.140291701737926905e-02
9.749240987189947139e-02
6.388945688963999781e-02
-4.213152671036023839e-02
-4.284163858908266592e-02
-9.838744552340702998e-02
-3.227143838677301591e-02
7.308860961060170691e-02
2.495383294950800565e-02
3.970887607197897198e-03
1.931718708370617765e-01
1.064755332532513754e-01
-1.337311866053109144e-01
2.182614796763758525e-02
-1.740235340008638720e-01
-8.371306664478600501e-02
-8.144851009509938844e-02
5.928734629235919706e-02
-6.598100873497131369e-02
7.163357709882710311e-02
1.567199826099866244e-01
-5.176464105354986606e-02
5.034559530844347902e-02
2.988134861353613017e-02
-1.068380046292560781e-02
-7.327530946352790731e-02
-3.791848942412249374e-02
-7.622822997184200422e-02
-1.109766157000577902e-01
5.236839352083017332e-03
-9.078037949844051935e-02
-1.271414459947635975e-03
3.900104047555981446e-02
-5.037364408427704582e-02
7.202371062097479015e-02
2.827823632616170355e-02
-3.264214195464254509e-02
-1.683938492818190871e-02
3.724246257727776427e-02
9.106418985567958646e-03
9.088995276918554814e-03
4.224036296825761649e-02
-8.628571268806212169e-02
-8.172900993561289795e-02
-6.361972226957350596e-02
-1.218055454707570040e-01
-1.174816844083687462e-03
2.081331712337132489e-02
-6.738852445777401834e-02
-6.104641170651670806e-03
4.406941137695399857e-02
1.454991130315540504e-01
-1.186954539521345026e-01
-1.148845900782525797e-01
-1.729613897477823292e-01
-2.283960406460658343e-01
5.450690275029982518e-02
-1.477080311523310818e-01
-6.144547395808115653e-02
4.532529335154804329e-02
3.245358567509268322e-02
1.450909045713718870e-01
2.012126447585217692e-01
5.523588699079353542e-02
9.648571677397113633e-02
1.748491394174683106e-02
9.555731618838457508e-02
7.703445557520627318e-02
-8.581358346606756185e-03
1.165649250011219218e-01
-8.690105196388189790e-02
-7.907622280678688886e-02
-9.760597026132859094e-03
-1.164644616924610798e-01
-4.886912297210860290e-02
-3.553260968575065737e-02
-2.178117628942569453e-02
1.219274425628891767e-01
-1.267951405726961411e-01
-4.039715122659941204e-02
3.206716017332118113e-02
-6.086825093277222626e-02
-2.416224732102098538e-02
3.968740785430080464e-02
4.772046428467156126e-02
5.401130993895838367e-02
6.918052649280644062e-02
7.063729279709973774e-02
-1.551663534860259902e-02
-8.497683828150338903e-02
-2.933619470873387314e-02
-1.074633237839638794e-01
-5.930159420056584085e-02
-4.714373964919812976e-02
-8.342036380466368028e-02
-7.127167056463597217e-02
-1.848043767037976098e-02
8.910210458689128352e-03
-4.159889900342377683e-02
7.490967774084102550e-05
4.110301319926994851e-02
-2.233506077592829209e-01
-2.349846274086303186e-02
-9.081105010686331414e-02
-2.081050922524350644e-01
-1.964903744905859354e-02
-2.039736024243737986e-03
4.302684936378218215e-03
-1.030073695003610665e-02
1.268291294506431952e-02
1.844548291891836070e-02
-3.867052834603588009e-04
1.519545692930950216e-02
3.805187990744408194e-02
-1.065347558641466068e-02
-1.930663981861634182e-02
1.669491420536178133e-02
-6.841789805993632109e-03
-2.645586264195316784e-02
-6.576544788663456730e-03
1.110458163041755549e-02
7.921523118558048554e-03
2.278526422160637513e-02
-2.798433031670379684e-02
-1.731306971104777659e-02
5.581173155126970334e-03
-2.235915122500721584e-03
-3.338466662488469034e-03
1.623910360970590508e-02
8.076355316002337484e-03
6.421843555709088984e-03
1.009980712009601878e-02
-2.624641285589383779e-03
6.348193360611929445e-03
-9.775042166683404338e-03
1.982358426457593234e-03
1.415999065209175636e-02
2.803720385681043956e-03
1.868914951291480997e-02
8.333611499447352716e-03
1.879261353545910729e-02
3.225531478979751492e-03
-3.886908587150720434e-02
-5.867863970895375453e-03
5.412229585781404458e-03
-3.968698090388495664e-02
-6.942453969632969742e-03
1.309058776037808937e-02
-4.229351463644955705e-02
-1.587627510373463766e-02
6.111750568630835989e-03
-4.776508234390267234e-03
2.927859570924939980e-02
1.088879864238446842e-02
5.612909524682086967e-03
3.153494990553167704e-02
2.614544151722267631e-02
3.708213455848842488e-02
1.977582269814083527e-02
-8.716363004391639371e-03
2.298300607283777438e-04
4.355911312670063262e-02
-3.720455211069921553e-02
-1.973495804137304077e-02
1.131046424264445238e-02
-4.813645695738102276e-02
-2.873023223875068380e-02
1.261172575409059624e-02
-6.017057638549371500e-03
-1.024760189605102186e-02
-1.118079756723325442e-02
-1.195084759779565034e-02
-4.958590177968729730e-03
-9.141927859599547138e-03
-9.133497772932180035e-04
1.166560590099495649e-02
-5.801643883206567551e-04
-5.802893338403592415e-03
-1.835128312929339720e-04
-1.468556298053312267e-02
-3.250137444333244842e-03
-4.739326149642537379e-03
-2.038291471391364545e-02
-2.599593652352290545e-03
-1.198732712343342395e-02
-4.601900398967958411e-03
-8.673148666181067223e-03
-2.918122122416036759e-02
-3.716770771093579756e-02
6.160083937236659167e-03
-2.933346796256988340e-02
-3.635260215992814486e-02
1.136555608460255301e-02
-3.769018753398918186e-03
-1.664208321314806366e-02
-2.101813400016830369e-02
-1.942119742592491802e-02
-1.008525366520974728e-02
-5.283252808887634391e-03
2.540826917749918748e-04
1.016218274622095836e-03
-5.071069580146439666e-03
-1.284547329271811184e-04
2.292264825459081751e-02
-2.858426390893086672e-02
-1.305429855872962744e-02
-6.005646916319802055e-03
-3.401206332536262783e-02
-9.798852797765303727e-03
-5.132915536892175730e-03
-6.556349483175737645e-03
1.991487958974455519e-02
2.363008397572651659e-02
5.234761701751953523e-03
-3.816139818382512875e-03
-1.195102235548267666e-02
-2.364604337903548643e-03
9.618613281725708550e-03
-1.051165038361195209e-02
6.321878630368552889e-04
1.328957699129954158e-02
-3.656489123952490379e-03
1.154450110694383441e-02
-4.498927648923886635e-03
-7.368820800734780449e-03
3.087339451131182813e-02
1.437607583393993738e-03
-1.486880741556649219e-02
2.240620400581143715e-02
1.169018239414945128e-02
-1.103788500632802046e-02
1.724142528588816503e-02
2.281328979224660561e-02
1.511359478332771275e-02
1.441844108224834588e-02
1.687851874085475462e-02
1.466227454700532937e-02
2.306485991679167388e-02
2.153688828820730580e-02
1.287703926315084298e-02
-6.025526744747806626e-03
-2.832659179388869949e-02
-1.959516330704084985e-02
4.206614492319568806e-03
-2.907275107880008536e-02
-8.115290789039844577e-03
2.115470028340585978e-02
-8.950319131469817655e-03
9.759010950833211032e-03
-2.542439545083569410e-02
1.710884136965131613e-02
2.170871180016537005e-02
-2.611499680201900125e-02
2.455490048179355053e-02
6.302875160568836843e-02
-3.683838131042953268e-02
5.912490378496154664e-02
7.295480862961559176e-02
4.230801960611127455e-02
3.670997847541993681e-02
-5.070687075078830069e-02
3.863946657454590816e-03
5.331712844114249589e-02
-1.230593247201505758e-02
-4.961348638409120160e-02
2.338183586269669892e-02
-2.509117928229960201e-02
1.434175673379445293e-02
7.926319629192041250e-02
-1.826234121140556663e-04
3.412189828241335432e-02
1.568733586757731779e-01
9.667394826983724543e-02
-2.243968177943443665e-02
1.145752508235957784e-01
1.159080255045140118e-01
2.085209794488419519e-02
1.240802187099265402e-01
7.248501065837442692e-02
-2.032880233378912133e-02
-2.710128089691115141e-02
-2.700300912724402230e-02
-1.335353486809328638e-01
-1.823640233051382065e-01
-9.970806155622088940e-02
2.003813212944884764e-02
-8.184624769678147671e-02
-2.168333871001941124e-02
7.773192405208195722e-04
-9.646464319107489124e-03
-3.925864496846251384e-02
6.203671377721796387e-02
1.274393950285397648e-01
7.997253039973989397e-02
4.450487258045609379e-02
-3.885706852879539791e-02
-4.702299178948533831e-02
-9.078883291413322775e-04
2.332943564023926171e-03
-5.445775925155966340e-02
-8.683758866097611440e-02
8.928571688828598057e-03
3.420708562029010913e-02
-3.920595726764382338e-02
6.505418248311996623e-03
1.922703276491997265e-02
-5.261112741577241014e-02
2.580099543716831909e-02
2.173506190010431396e-02
-1.762918053661378243e-02
2.871018062699584247e-02
-1.774293114117586612e-02
3.263312950996949402e-02
1.838848671632631326e-02
-9.533398662988752659e-03
5.813915298326129827e-02
5.842019432904059506e-02
2.676617278744972475e-02
5.006538736912038989e-02
5.296383003421353819e-02
5.353560782934679851e-02
9.160360491888601886e-04
5.236918312712442181e-02
2.705873409944472077e-02
1.689190936497415169e-02
3.376765827969244876e-02
-1.104433618343879722e-02
-8.093254563857781025e-02
-2.488598431083264770e-02
2.258410007561333782e-02
2.582461282613406940e-03
3.527564893862192297e-02
-5.114580437854815420e-03
4.462995524871079395e-02
1.480653424959623987e-01
7.738330445964132498e-02
-6.132225088877949620e-02
3.368320213677802617e-03
-5.670689412393496720e-02
4.741642092574023526e-02
7.872104543340915916e-02
4.531766806731640090e-02
7.433752955103790916e-02
1.159558844021341545e-01
4.338595513565546638e-03
-5.760273502656299005e-02
-8.095876866474836786e-02
-8.295326853704963754e-02
9.817721011804166065e-02
1.312031950574494565e-01
8.283214432083889356e-02
1.023713860855223895e-01
1.463649663180542626e-01
8.282249921350097466e-02
-4.815055899987744081e-02
-6.190184059590349980e-02
-7.297421133582408792e-02
-1.276643405966958709e-02
9.010400112866979658e-03
1.346097011468439788e-03
-2.607718964779559556e-02
-5.365685703614938434e-02
-7.754023431406462108e-02
4.990140637877543001e-02
-4.344948368714079273e-02
-9.474850153318116475e-02
2.894823354188416631e-02
2.877819634072865604e-02
-6.162677796676778452e-02
8.535565854044778467e-02
1.111023205673380143e-01
4.399442183585035304e-02
1.820100374499540943e-02
5.970824737619417205e-02
3.095255350835195152e-02
2.430677290856664979e-02
5.962438702176758171e-02
1.962052439647079399e-02
1.467771727909230987e-02
2.247604570895725407e-02
-2.685492027401773299e-02
-1.901198811817977549e-02
-3.014271863197730966e-02
-7.622271265170538213e-02
-4.080484941767422574e-02
-7.101645036482119588e-02
-4.905640748255974543e-02
3.272578670225063241e-02
9.806016059512528971e-02
3.470833747397084751e-02
-1.350186953615021938e-02
5.695635034715325340e-02
-1.561374973980096496e-02
1.166811623321336276e-02
-1.629870680025691937e-02
-8.983786300854390561e-02
1.638300972829709670e-02
-1.251844503163329278e-02
-6.091557126648176196e-02
-5.064478679197820243e-02
-2.123444600884916503e-02
-3.925483285175126319e-02
4.244565923244004307e-02
-1.247346317050530319e-02
8.163431684618570675e-03
1.182334586785152401e-02
5.383856121464243583e-02
2.190245294368786330e-02
3.085884805922983753e-02
6.206104058836372367e-02
5.190487404818607681e-02
-8.094491446210863583e-02
-6.815186554871846547e-02
-6.886417062039600079e-02
-8.095193855273093153e-02
-7.235651387636884979e-02
-8.059082071145226567e-02
-7.635430377323564055e-02
-2.857688917900432987e-02
-2.289799979851612696e-02
1.768663112173327404e-02
1.144488440497917064e-01
3.095537498103870938e-02
8.514223143842380992e-02
9.358586932259559121e-02
3.155868969523176193e-02
7.005240039149486508e-02
6.336695121251699481e-02
6.610033490247899319e-04
-1.035551715232467113e-01
1.367731687204549462e-01
1.545821726493726012e-01
-4.028557489878333703e-02
-9.710787292576761667e-03
6.509767330127753937e-02
2.528048414199046690e-02
1.119953741772855976e-01
1.161844449404130508e-01
-5.764418168048412311e-02
-3.067503625800231670e-02
-6.130420070605493293e-02
7.447828058463083767e-02
1.570742092775812004e-02
-2.505065935697217694e-02
-3.525790868270403666e-02
-5.811411133586003724e-02
4.062268972693548058e-03
1.008418310585747213e-02
-7.282180970801994946e-02
-1.270896951059837243e-01
-2.729810746131166102e-02
-9.915156496368406069e-03
-1.806060477892232341e-02
-9.940163643041036168e-02
-4.465453850499111199e-02
-3.610495726540478845e-02
-1.038720306733185994e-01
-7.074621861027742542e-02
3.984048768726546758e-02
-2.282534855656536549e-02
-1.351944022788710911e-02
9.445420609009665125e-02
-1.634984910027354257e-02
-2.509789930752879747e-02
5.323378355191977964e-04
-7.696853454708151021e-02
-5.930458673987213693e-04
-1.314164588061671364e-02
-2.985578300533549972e-02
7.316708009360890427e-03
2.224606799678731373e-02
3.268303622715664630e-02
4.474441226352483814e-02
4.246096690579621163e-02
-4.234698079361198103e-02
-6.673740746540565705e-02
-4.297120446091459711e-02
8.028654887018125963e-02
2.236988991192864415e-02
2.488761948718493100e-02
1.226069550722674595e-01
5.972996013172918173e-02
1.628765717907798560e-02
-1.202492135205280449e-02
-4.465873219850551024e-02
-9.067848402930378179e-03
1.210421330076332652e-01
9.406354208634321035e-02
1.161106331664451680e-01
1.060318520360948591e-01
8.950042984722070272e-02
5.321610222035331322e-02
-1.516964478522855007e-02
3.275602656313745392e-02
3.276490529049548572e-02
1.777604052905443167e-03
7.511144526186842862e-02
6.138581164271376261e-02
-8.129643040610806670e-02
8.261799056576209221e-03
1.366268185052034641e-04
1.350773940776476834e-01
1.676765100685980586e-02
-7.967002886561828923e-02
9.237387805636303184e-02
4.937913562556311281e-02
-3.824004483281834288e-02
1.063286769572489715e-01
4.085410410172317375e-02
-8.211376812351946219e-02
-7.890389365471456307e-02
-2.658294984760997334e-02
-2.150214759702312114e-02
-6.417901221160376979e-02
6.469107879839846795e-03
3.255760603747282628e-02
-7.271456949094765032e-02
2.715945952474253973e-03
1.920764016160016879e-02
-1.401569396042374842e-02
-2.808912732982001698e-02
-4.917359896946803775e-03
-2.028382496082963352e-02
-2.281605807217084933e-02
1.102577594833429675e-03
-3.238091936304798163e-02
-1.793563409625064178e-02
-9.012920014264040255e-03
1.073580245665860765e-02
3.264840573031715931e-02
1.983137110451626758e-02
1.991399447906479214e-01
2.404990498668255483e-01
2.488925821098725566e-01
8.897916619989690301e-02
2.095687263222919539e-01
1.756357182214521861e-01
2.531581800493351922e-02
8.212797272205334120e-02
6.956261168973253139e-02
6.707380849941020629e-02
8.570075968900407737e-02
7.025932600465271960e-02
4.922399754906249536e-02
6.535357094670588007e-02
4.960072996272914259e-02
-4.728888500607497658e-02
-1.957270138681672239e-02
-1.029852628822267371e-02
8.072511288988755765e-03
-1.021587635345770628e-02
1.577786489738854797e-02
9.355194054171941942e-03
2.809144204945089596e-02
6.188832317832401037e-02
5.788865398096721543e-02
8.333822345229348338e-02
5.704791615350063988e-02
5.479712476694266476e-02
7.692162530639437557e-02
3.733299899674607375e-02
1.242533689961838189e-02
-1.066322045396363855e-02
-4.660232957434004737e-03
4.348161004424819925e-02
1.488493258456175319e-02
1.253276436766151414e-02
3.618325177862932035e-02
5.824172817203264983e-03
3.354366967628209101e-02
-3.475190352728861620e-02
-4.394582172978792750e-02
-2.496516320948285149e-03
-3.625929442848448148e-02
-5.559448536645999334e-02
-2.415663242227817503e-02
-3.372385205183876106e-02
-6.443336693148046801e-02
-4.513970537045182418e-02
1.765986046195729478e-02
-5.383186756588211053e-02
-2.042506778361465394e-02
1.215301723521995149e-02
1.527119647153843060e-02
2.079337858052681884e-02
-7.672695348707071240e-03
-1.548355752499277907e-03
-1.392016241399795899e-02
-6.583328452646881185e-03
-2.801187415826481009e-02
-4.908735398098459241e-02
-1.182810486640807553e-04
-7.071454768019940634e-03
1.130490032275047359e-02
-3.849665523287310043e-02
-3.894974829866044291e-02
6.854825894971376676e-03
-3.440302209582318804e-02
-1.591181633277350543e-02
4.515279789615871120e-02
-1.862540988131589775e-02
-3.388770973812124665e-02
-3.101417938528377646e-02
8.080110110692250228e-03
-8.233302402072845139e-03
-5.095050633563387443e-02
7.693086169652106621e-02
5.554334429941540363e-02
-1.455188594698847947e-02
-3.886884393849355211e-03
-1.432043616294659434e-02
7.507721503121435325e-03
9.179861929385900801e-03
1.344651494231638086e-02
9.932470442510487121e-03
3.606080371708919596e-02
2.016938536747391389e-02
1.097309217508159879e-02
6.366333733748694157e-02
7.982793682250285960e-03
-2.879528849626327922e-02
5.213564348155309142e-02
3.905010236495951720e-02
-1.193438294247886611e-02
7.039335966224506691e-02
5.258735567263786437e-02
2.279538504873221752e-02
6.167738740529399299e-02
2.330735036096734034e-02
2.716827144552319898e-02
4.794019375427120006e-02
5.569768426383717511e-03
9.327207849385741115e-03
3.458751927509257779e-02
-1.202408679776801465e-02
-5.167762567797797718e-02
-2.899815102258826438e-02
-4.604902568651737804e-02
2.655288549379059612e-03
-1.599357815310321201e-02
1.696925408244346831e-02
4.599516584334679276e-02
1.103480610123368927e-02
5.478368272523221477e-02
4.511996917579212674e-02
-8.955961977509306268e-03
-5.313786629731737272e-03
1.659549054938733864e-02
-2.223697478939533692e-02
8.641360617290797311e-03
3.304140801696203028e-02
-1.473679395080631192e-02
-1.487375552114974554e-02
3.990569748746241457e-02
5.034840772180687596e-02
3.637199615031894845e-02
1.144264515272810055e-02
-3.121135224945254319e-02
-1.080905858484322753e-02
7.560343429364686785e-03
-4.282750803290882174e-02
-5.294212874067139724e-02
-2.833185319463307761e-02
-2.879759186402440323e-03
1.758386307728947856e-02
1.896062609650795133e-03
2.400888455887425013e-02
3.342191491697852485e-02
1.560083131723766746e-02
4.871249233740254647e-02
4.263603629043737075e-02
4.207513186198004462e-02
2.302287842620928324e-02
-1.192833946699118665e-02
2.141510337741895156e-02
-2.872276392552585919e-02
-5.865313142729772916e-02
-2.804665100061841734e-02
-3.055222408338665804e-02
-3.782139031400706675e-02
4.944746719517078594e-03
-1.099101731360853096e-01
-8.698517748411488393e-02
-3.858923346831262535e-02
-1.818131536260474412e-01
-6.109608095355079094e-02
-9.348470157900180127e-03
-5.509043939097277992e-02
3.109524428763064344e-03
3.438817576455224095e-02
4.536874407750914745e-02
1.711160895045246710e-02
-6.362256110634155470e-02
-1.526242136624562651e-01
2.570479282611917368e-02
-3.114077764925853031e-02
-6.192928403310215407e-02
-1.554161879646217548e-01
-8.270954801343108342e-02
-5.387736148997698121e-02
6.428451523034239834e-02
-9.286673695644677429e-02
3.974193813586593405e-02
1.057827653099783216e-01
5.594418355791434122e-02
-2.154832501387541135e-02
1.052993101974797688e-02
4.508370543292632149e-02
-2.851770497114096067e-02
6.827610430869011926e-02
-2.819115253495266260e-02
4.059555447782466769e-02
-1.047872300357989700e-01
2.739880918151027869e-02
9.455642275635942062e-02
2.185395731456430124e-01
4.764082484674977969e-02
5.676911121487687034e-02
3.553336421244494836e-02
2.058153210011795867e-02
6.137327302559535125e-02
6.578592977114867610e-03
-5.042573280679156500e-02
2.834284648155186229e-02
3.991628919900809536e-02
2.797755034840735885e-02
9.222563656535684440e-02
-1.078976379510017264e-01
-1.110010127253750201e-01
1.050306508580543807e-01
2.671056461266701487e-01
4.642191901190538539e-02
3.511132042718874413e-02
2.982122762448048518e-03
1.210671360518447287e-01
6.715359621824634750e-02
6.163346271486060818e-02
2.228144223859122169e-02
-8.507003276212959930e-02
-1.023884033258045251e-01
5.477506915068386384e-02
-1.270643688333020493e-01
3.734224265867225334e-02
-6.112291866639321669e-03
1.788961930517227877e-02
3.287937559584270392e-02
1.694680436611355895e-02
1.094391574418279584e-01
9.481940467447011120e-03
-4.600096312239038143e-02
-8.699264224176940508e-02
-2.784727178994661489e-02
-4.208690127950816262e-02
2.868423214929591986e-02
1.466619805786749386e-01
9.237982337579841996e-02
-2.250800399698745305e-02
9.672481588369458150e-02
4.459285196536172391e-02
-3.112584149369063483e-02
3.788407671353939687e-02
6.295198017938784252e-02
-8.128870969361116916e-02
-1.470181087277704912e-01
-7.841342227710432211e-02
1.280914508705565946e-01
1.899573868342525063e-01
7.900587170503740875e-02
2.484365307088609032e-01
3.861229951412961658e-01
2.263983360924401722e-01
9.653877243143157982e-02
2.601997769251526149e-01
1.161822849660886121e-02
-4.656159187657079451e-02
-9.056686670392888328e-02
-7.990025923632047833e-02
-5.734235922764225474e-02
9.198185606241386647e-02
-6.959515299392517174e-02
-9.113936768757391338e-02
-2.981390618574608631e-02
7.582850784645455734e-03
5.663139224637737425e-03
1.465309461374153695e-02
-5.490640240359156987e-02
8.251097107259322549e-02
4.302443057252418324e-02
-7.519548643696258305e-02
-2.787772678379629027e-02
8.396677588879486454e-02
9.276493625476381344e-02
-3.051694912478615865e-02
-2.292629769605946874e-02
-5.592570980444536849e-02
-5.773481733960292295e-02
-4.540514652986666483e-02
1.970450109875273442e-02
-5.626152097488685416e-02
-3.921249646407314743e-02
-6.527087256008452798e-02
3.392557106483520130e-02
-5.833271177979104660e-02
-2.735722345376729106e-02
1.415163111924826536e-02
-3.745405355056798113e-02
-1.932733992975734991e-02
2.640221035920550796e-02
1.366565381509743382e-02
-3.456432689119700447e-02
8.080658263288215126e-02
-1.857071784878570192e-02
-4.426229987992754550e-02
2.065591959985834183e-02
-4.261561252282770190e-02
-2.786019428701897241e-02
-6.796601528760466693e-02
-7.464294496470366691e-02
-5.123875503299522849e-02
-9.879027393179365402e-02
1.736439862458695818e-02
-1.034816610760245781e-01
1.786925197122193887e-02
-4.450132706424545642e-02
4.603257628805405843e-02
7.442738180241957602e-02
2.280600420739020001e-02
-1.402382296647681492e-01
1.305236195930195298e-01
3.628001575067809487e-02
1.204852859693465589e-01
-1.061053862699021244e-01
-3.014761518571286436e-02
-1.013321187907028076e-01
8.420191565561735425e-02
-1.650627449478341696e-02
1.290295516281178556e-01
2.135393584667683586e-01
-3.583555349444612903e-02
8.393855415140903664e-02
-2.548251729950882782e-01
2.369871150557019412e-01
-1.211715652905506202e-01
-5.325667412527022859e-02
-7.542679324076495551e-02
-8.338028510232398799e-03
-1.638704506993237109e-01
-2.626989369182633136e-02
-9.902840868101646377e-02
-1.360720157484864024e-01
-1.148889361798448167e-01
-1.001599026155439859e-01
7.848502803384695137e-02
-7.296373682087742285e-02
-4.450756463946685046e-03
-8.504286096851418342e-02
3.815852358045256354e-01
-1.861925021206715380e-01
-8.705054047601488987e-02
-5.004684850880142255e-01
-2.845711445388437316e-02
1.067267474003240069e-01
-7.465656766835818137e-02
1.474967955768993755e-01
4.346446353264147439e-02
2.090940785050482698e-01
1.642506284247510495e-01
2.594347571541536640e-02
2.239504558115205379e-01
-1.774711403678902455e-01
-2.050304188952173645e-01
1.259473345396900923e-01
-8.175471899626265970e-02
-6.282162539742522367e-02
-3.252575751639165125e-01
-6.591895354151328101e-02
5.988035656653676458e-02
-7.057891640795699306e-02
-6.907269020636817858e-02
-1.390027661889696453e-01
-7.820154828187922402e-02
-1.222762610689676344e-01
-1.229727026892350611e-01
1.101704474187323590e-01
-9.356415051824408524e-02
1.982235228932989046e-03
-1.820624269103132409e-01
-7.444754661596984791e-02
-1.266178271447390875e-02
-9.803147162096953471e-02
-1.050624403823796210e-01
-1.442194586942359968e-01
6.843335102845682361e-02
-8.274747791789864582e-02
2.975987554107233923e-01
-7.486302760224940178e-02
1.640398497420215984e-01
4.562469257098780012e-02
-2.004129185517063427e-01
4.310423605290458066e-02
1.711376906313203383e-01
-4.012963159409125430e-02
-5.214986005989661472e-02
1.064113362985948941e-01
9.561604926596394688e-03
7.769985210341109894e-02
8.897870296077259322e-02
1.158118153713355997e-01
-2.346029100416646002e-02
8.952357841013071360e-02
1.570927907096253406e-01
1.815395661233735192e-01
1.308910510745183442e-01
-2.674465019070193517e-02
6.846367357579684343e-02
-3.952676895235076593e-01
-5.011957696968136755e-01
-3.115222373153971325e-01
9.585388541234515780e-02
3.914223960811516467e-01
-2.038863978498947627e-01
-1.248238024423442699e-01
-5.225492891905368920e-01
-2.461233049606360579e-01
3.872382223784748972e-02
-3.610662118051381764e-02
-1.135004264714315481e-01
4.587636423558171146e-03
-1.222132146403669406e-01
-8.585448078982815812e-02
1.593722683469718793e-01
1.348432267027106692e-03
-1.383780815393572394e-01
1.176768026867766742e-01
1.538781167725790933e-01
7.592040888493740980e-02
-7.195840878792909845e-02
8.826682615041832325e-02
4.285909912096085017e-02
2.443886014235734441e-02
-7.787992475581702150e-03
-2.341795539584019814e-02
-1.158253924950617686e-01
4.928838308122268641e-02
-3.639048989379341670e-03
5.319056257196551341e-02
2.229489900000491409e-01
1.978949601513443901e-01
9.610037914360677891e-02
8.334897189060984715e-03
1.782131799410080486e-01
-9.687532520892978491e-03
7.245723432234912886e-02
1.260862740768394982e-02
-6.161982624925173985e-02
-5.188357312835684132e-02
-3.948226666516759659e-02
4.492908365662744846e-02
-1.107915757201999585e-01
-2.307672310655383557e-02
-2.685563473140722413e-01
-3.301836697425971634e-01
2.050575548815752533e-02
1.078961468016633729e-01
6.018714843168383039e-02
1.297390134087306190e-01
-9.679580727313204236e-02
-1.104446240561307579e-01
-2.792224151901313567e-01
-4.447115793955320334e-02
2.065107126634411344e-02
4.995773792452056633e-02
-2.521227454873687778e-03
2.926197092705181552e-02
8.796475438146013348e-02
2.486183273246987679e-02
8.328436022597322796e-02
1.215231799685298208e-01
3.593364196564129837e-02
-3.928153677357066036e-04
5.289661722852904285e-02
5.023859192729563522e-03
4.076929286832318283e-02
7.743207481648037294e-02
2.436696775390401887e-02
1.182237604035061285e-01
1.356967892158892075e-01
1.319294526646430654e-01
9.467819187439158179e-02
6.932777473137290147e-02
6.453948535966121114e-02
5.909813652254936045e-02
5.227206404947725565e-02
-5.114136659651313116e-02
-3.483593329209914990e-02
-2.071957019228007693e-02
5.745479927109686108e-02
1.001500493097357697e-01
4.026693487647717284e-02
1.056173311605831666e-01
1.184117486592808355e-01
-4.565420831634117022e-02
-6.861871202997946173e-02
-6.500785087728624956e-02
2.431104237619192629e-02
-5.745654769728126415e-02
-2.990138093305233155e-02
-2.943571393831856398e-02
-1.487796321531137667e-01
-1.089923183936094830e-01
-1.257980453170366997e-01
-1.306732431488558110e-01
-9.485890771534956356e-02
-7.193692759962842798e-02
-1.835552083515671132e-02
5.009754995832468513e-03
5.303914301836640255e-02
-6.372046983949551657e-02
-1.646816049727135578e-01
-5.410737556218781635e-02
1.329455822210071081e-02
-9.571761685416779741e-02
-7.459859757112685674e-02
-5.515595171095763471e-02
4.848069298533793162e-03
5.064444232282849095e-02
1.603860281930257620e-02
1.577526918655999810e-01
8.218857826279563072e-02
-8.647063703945712110e-02
5.818068387475374553e-02
5.198723814597993459e-02
-6.683850217693348451e-03
8.521663915020839114e-03
7.706048206467693007e-02
2.572503903331326263e-03
2.177742840222638213e-02
-1.119402698799494555e-02
5.667337237503902031e-02
-4.646867702572267562e-03
-4.432790152309150356e-02
3.459048788155823229e-02
-7.268940531983976439e-02
-9.388462980608447417e-02
-5.288744913382214391e-02
-1.385259898976810011e-01
-1.309022819012996830e-01
1.869435838238176981e-02
-1.368046843478888108e-01
-1.428759264266001583e-01
9.767534640930932918e-04
2.076408143312969204e-02
-2.343656298609692913e-03
-2.942574412899144664e-04
8.334354944540097593e-03
-1.016003911152274682e-02
-3.583245723055151349e-02
-9.459820659521636643e-02
-1.747940698534689308e-01
3.317025692003619519e-02
7.675765848603191555e-02
4.485459022781350391e-02
9.290641948942815476e-02
2.036170983587147765e-01
-3.614649691521334279e-02
-6.889774313343158263e-02
5.779166328015054171e-02
1.719289979432793089e-02
1.803856936361596386e-01
1.262340460498702632e-01
-2.147418675846272246e-02
1.341982034855737083e-01
2.295910610366531587e-02
-1.272773808694199205e-01
-7.385546848656433794e-02
-1.066629791609512018e-01
-1.001512736029981643e-01
-3.531963632693076865e-02
6.902839384281411750e-02
4.140299157446412220e-02
-3.346422440128957870e-02
1.373965426907396703e-01
2.052542605457631508e-01
-1.049372729256996956e-01
-2.804069777609750555e-02
7.549421040685452833e-02
-3.409411877126999196e-02
-3.579463390321916544e-02
-5.718590666991445887e-02
-8.499785173812292316e-02
-1.495300167267796798e-01
-1.751778829702785867e-01
-9.761664803556743819e-02
-1.582822015225395229e-01
-2.005448782852891354e-01
1.064143742839266868e-02
2.010749577745765682e-02
5.036941076543034052e-02
-4.236471624636131694e-02
-1.290729169558636411e-02
2.353154501145086203e-02
-2.756913781218136433e-02
-3.276851665188425938e-02
2.544630920755797457e-02
-8.329148030937021108e-02
-7.773097727154305858e-02
-5.246452972061160097e-02
-9.607464785062445889e-02
-1.445517525847417051e-01
-1.112269074831860882e-01
-2.179345253920271508e-02
-2.886461385445544467e-02
-3.972837278387167381e-02
-2.348296731130368811e-02
-2.007146636973210219e-02
-3.902363382155586962e-03
-1.326505851722920293e-01
-4.028117069040577231e-02
6.608951125933477944e-02
-1.009740530703820971e-01
3.882921174889588517e-02
9.515237454027121455e-02
9.499588047855195283e-02
-9.411885899726024629e-02
1.343896732380292502e-02
-1.947950807688715938e-02
-1.513174737400414284e-02
1.071413494241902631e-01
-1.395164370570267653e-01
7.919071835228520817e-02
4.093139969245872256e-02
-2.685815948889769267e-01
-1.239753682208876578e-01
2.313263554380202980e-01
-2.019246090851629372e-01
9.131131728611117937e-02
2.470218837601006745e-01
1.252137594257156025e-02
8.345840243586465090e-02
1.325504014371796657e-01
-3.259476827538972804e-02
-5.973450999244639403e-02
1.844509533185078320e-01
-7.479554132548185685e-02
1.053330704844396976e-01
2.551519185396007236e-02
-1.375646822810235315e-01
-3.238316474569944304e-03
5.192009451709027334e-02
1.021728159402262859e-01
-4.535060001100438970e-02
-2.098595922973167660e-01
-9.533439258458857590e-02
-1.025802818080614881e-01
-6.873830328321223204e-02
-7.958747975094269955e-02
9.203900702432460390e-02
1.935194858926750361e-01
-2.753417176722871770e-02
2.409493022629039527e-01
1.014392060454258337e-01
4.162232632909601548e-02
-1.440481868951218151e-02
6.786662524041107980e-02
-6.424097296015807146e-02
-6.012241027817612909e-02
8.237893301588351813e-02
1.335226838980548003e-01
3.482429006752917888e-01
5.802161670741150246e-03
3.297240542661238338e-01
7.055882027275509061e-02
-2.547144006107442404e-01
1.799912244034405640e-01
-2.802523651807334870e-01
-4.381097150517290206e-01
2.040623669204471441e-02
-6.408610808881742837e-02
-5.261621773562062676e-02
-6.977524089089638670e-02
-4.357272421132852430e-02
7.250021400985290050e-04
1.797888376550001513e-02
4.968410797514802996e-02
-8.838412110263020594e-02
1.999105855820602073e-01
-7.655395786110984202e-02
-9.988205188741362817e-03
7.644412136422377990e-02
4.898921926989047160e-02
2.401475723234470505e-01
-1.119294787566532251e-01
7.313639832001293806e-02
-3.612651646983006115e-02
4.143685638985911308e-03
-5.274247616557174029e-02
6.484107338050547342e-02
1.938139486682403934e-02
-4.812850957921568223e-02
-9.758512291701811059e-02
-9.129007662094039410e-02
-9.728314138961156876e-02
-6.308502031824363143e-02
-2.287648704262393584e-01
-2.334650770197256586e-02
1.634017830318426068e-01
4.807886134096447939e-02
2.653850774734726192e-01
-1.943563696301604249e-01
5.819562877253035837e-02
-3.966086524985126122e-02
-6.937385274453929107e-02
2.053348946354145166e-01
1.470109575595928419e-01
-1.125229935764561207e-01
6.942770016362549701e-02
-6.147514311196990849e-02
-8.401102993131141783e-02
-7.670640571761649928e-02
-6.594608972942805902e-02
1.952800746821411193e-01
-1.788513647970030318e-01
-4.548885555414253212e-02
-5.902638583633845054e-02
-5.513766137823734176e-02
4.676570330068660630e-02
1.744677794979873353e-01
-1.352559741877029133e-02
2.002002066791764776e-02
5.414296798868004079e-02
1.465162879382062890e-02
-7.429101242523133974e-02
-2.970974364661495559e-01
1.369195764325649156e-01
-4.301217869766611746e-02
-2.299163332336362775e-01
9.717502586847755197e-02
-1.422147893581725275e-01
-1.936544409867597960e-01
-1.273412525967365094e-01
3.872289751571569155e-02
1.439590862438526464e-01
-1.063087872480377935e-02
1.940961810427946077e-01
1.015517961035151406e-01
5.722600502797261721e-03
7.202148138880835881e-02
-3.306314903606618477e-02
8.830378901403719560e-02
-1.573864297149872027e-01
-1.156657553582476627e-01
-2.668019759320837750e-02
-1.472087397417989330e-01
-5.461824030114579426e-02
-2.287459014490612619e-01
-1.305134698346219202e-01
7.346824068891273651e-02
3.847633305162625333e-02
1.509359032549064186e-02
5.430270516832665789e-02
-1.535994179717365890e-02
-2.057397160839051498e-02
2.461018111763378993e-02
-1.917177430117477863e-02
-4.076852616995052525e-02
-2.440992114594622495e-02
-3.011305817881215416e-02
-6.074226320354729480e-02
-4.109764985031690715e-02
-2.173317109953816842e-02
1.611925921587448185e-02
-2.219292149295465019e-02
-5.889534139918830430e-02
-5.535597969499640031e-03
-5.500178119031427088e-02
-3.206423102864661145e-02
-7.288793106515773640e-03
3.494356858657243076e-03
-4.516304835292660885e-02
-1.548181451922779617e-02
4.281469404621907754e-02
-1.976005125698467382e-02
-5.355496392573202979e-02
4.985780299443939856e-02
2.257811284667622653e-02
5.244938988915390232e-02
-8.008439973756732722e-02
-2.900049413997805858e-02
-1.268320061008404998e-01
-6.144871706906517711e-02
-1.793608886856964610e-02
3.341116243082675741e-02
-2.533732592138843165e-02
-8.532338723322266394e-02
-8.142579898756065193e-02
-2.754340646439207979e-02
-6.910965322978078473e-02
-5.780486757872149717e-02
-3.794106976522856889e-02
-9.400659719661885738e-02
3.934210207206830651e-02
9.535921824998044860e-02
-1.072158410035173592e-01
-1.885838034071392610e-01
-1.003236702324436791e-01
-1.755187499298356824e-01
-1.821150194647253306e-01
-1.237574829919607516e-01
-7.649919598224737272e-02
-9.893181716388543823e-02
-7.240974443004967454e-02
3.451568319287821873e-02
6.413974292278447342e-02
8.126165058223841497e-02
1.093441199962739106e-02
9.214140058703778821e-03
2.823869857303341196e-02
-7.056993468966749061e-02
-2.865274866441702359e-02
-1.852489886003953409e-02
7.583090313876258981e-02
3.177440826928704110e-02
3.837679713230288722e-03
4.999782452251989862e-02
-1.128678745344654892e-02
-1.131379508573717857e-01
-1.275783839927627575e-02
-4.433472176535459275e-02
-3.497621025321203531e-02
3.137035690314141784e-02
5.675601286758888940e-03
-6.838651136141184195e-02
-6.671069252735726401e-03
-4.217075940662441680e-02
-7.961886716231003636e-02
3.041380398563451812e-02
-9.883726362682070804e-03
-2.876059708536699358e-02
-7.576302107207179282e-02
-4.006624307468450996e-02
4.625641621741996556e-02
-8.072333378408208526e-02
-4.737368455435028020e-02
7.239640623394090133e-03
-9.367830530781792731e-02
-6.268268527044434935e-02
3.601172184639229307e-02
7.868744763905752282e-02
1.374170164245413217e-01
2.088856108465757602e-02
-1.649748517655800356e-02
-4.109740375813777935e-02
-6.713496036601829253e-02
2.851402748741103596e-02
-8.675705628485842064e-03
-2.116465239260613765e-02
-5.063435424844458382e-02
2.219197256151193148e-03
2.913257082814758175e-02
-3.967434620126604472e-02
1.434209962245481911e-02
3.241177716954254939e-02
2.118537876811669649e-02
9.295445961581667860e-02
9.524691162311339776e-02
2.624531550045048137e-02
5.760370690965831847e-02
1.029303622651131095e-01
6.585136324705864741e-02
5.832674049746843642e-02
9.181844889852393277e-02
3.395912112056132231e-03
-1.841602767999311191e-02
-1.424024896009457204e-02
2.317671533813799034e-02
-4.929883414061062008e-02
-3.687114759482512660e-02
8.521679978859855037e-03
-8.620159178366045005e-02
-2.924018398497429949e-02
-3.999346131270727078e-02
-2.144778242906213162e-02
4.117905222132901832e-02
4.159069060935716849e-02
9.213141416640875658e-02
8.941401510603662339e-02
1.012492721365816084e-01
9.834078249911622216e-02
6.858451220689500138e-02
6.218384165782024631e-02
7.069753348454559105e-02
4.821151030003665433e-02
-8.156357615496750979e-02
-9.224998630015643353e-02
-3.052529949267917056e-02
-7.978811459758383684e-02
-6.443271566203688516e-02
-7.897356917204301566e-03
-5.784760394654894083e-02
-2.791619624883865877e-02
8.070464062215549836e-03
-7.189389229169987350e-02
-4.386850052515374465e-02
-5.477400094651441176e-02
-1.289343979204804133e-02
-3.196262882577516340e-02
-8.525605000903571651e-02
1.740430559853106685e-02
3.021954942093423024e-02
2.951410993447434877e-02
-5.038227052223447772e-02
-2.731497460614812356e-02
3.647556405234182730e-02
1.087786660406673545e-01
-2.164133256241554115e-01
1.615074261756903329e-01
7.758994881325913251e-02
-1.517284051010279501e-02
1.164104443716884874e-01
1.216112900663482849e-01
1.206731508418905502e-01
4.961104586297429564e-02
1.695166924228294070e-01
2.033813720542777814e-01
1.104545020120282772e-01
1.355819743052681103e-01
1.606829206268765020e-01
1.061775690737035843e-01
-1.111116414626822091e-01
-3.085528684513617059e-01
-9.143050888398161768e-02
-4.653553402385447735e-02
1.654942905232497374e-01
-2.641349095476383524e-01
-4.502644726759223726e-02
1.978534129870849340e-02
-4.839018340791294281e-02
6.589438018098545125e-02
1.038677553847699130e-02
-7.883598264106497777e-02
-8.506588467608831861e-02
7.554886719271639017e-02
-7.073123943106254807e-02
-1.038871140655769493e-01
-7.513323428071126686e-02
-1.037065008806493105e-01
-1.449646066755870266e-01
-7.314979624848485552e-03
-9.933320699239421570e-02
-2.401466994356638851e-01
-1.020396128934853291e-01
-4.547841268401607573e-02
-6.327884687846584144e-02
-8.819065812543522287e-02
6.902913441668535877e-02
2.766143712005939004e-02
-3.959440397698671399e-02
-3.017538504548599246e-02
4.520087254305034385e-02
8.243679902507992929e-02
-2.707678333698178286e-02
-6.610650527898759288e-02
-4.038751208587139374e-02
9.833874698041115969e-02
6.061294539198049114e-02
1.777152336562296334e-02
9.658829359712220800e-03
-1.054673077239756535e-01
-3.837220600189596609e-04
-1.584773856137617828e-02
7.288130584562307890e-02
6.264430315478540512e-02
-1.511940953353631614e-02
9.977186172585841839e-02
-9.399334002229364771e-02
1.343019419532853927e-02
7.186528672459407789e-03
-1.314338427343497151e-01
-9.831024316721237444e-02
-1.742627363109076899e-02
-4.405740347369239973e-02
-5.992328284880119038e-02
6.097948840347658384e-02
1.182269932771941034e-01
8.618565462454369497e-02
-5.402164527738381739e-03
4.079821629300613324e-03
4.439723926441019319e-02
4.228218891309656197e-02
-3.231356215197530440e-02
8.563123574300773866e-02
-3.023396158993715277e-01
-1.732386977100831282e-01
8.646364629847173855e-02
-2.576402692850739140e-02
6.743284837789437214e-02
-3.500155886340410027e-02
-2.736395957294055284e-02
-3.078906603842152673e-02
1.925372292388389823e-03
-6.129621651787625636e-02
-9.124352336062802049e-02
9.016035938021642326e-02
7.918002531987536341e-02
3.402234731034713957e-04
1.148528973172168038e-01
7.637251419293988874e-02
3.503815274817143055e-02
1.073433572266003777e-01
-3.959879847384533552e-02
-8.431398053992004982e-02
9.490894711596973773e-03
5.086785924530311254e-02
8.933127490558752382e-02
1.423492260039279089e-01
2.724988263183927492e-02
1.215580473345097626e-02
1.131371992527880482e-01
1.478143265950705443e-01
2.689108372862791460e-02
-6.911545098407088916e-02
2.611351598519003406e-02
-5.769214718864683344e-02
-6.717135991575812204e-02
-1.229242270880076017e-02
-7.832480281038546599e-02
-9.690964515467126450e-02
-8.662243327034754858e-02
-8.147688446452387712e-02
-7.210924171663014165e-03
-2.638247318410018999e-02
-5.312362889038060865e-02
3.636490795040155100e-02
4.540153506342878113e-03
-3.384078336235096796e-02
8.443284818215533727e-02
-6.188907929740121439e-02
6.374124842997651308e-02
-2.829679487499583632e-02
-1.124720657608152957e-01
-1.176392754295919052e-01
6.208425601026842933e-02
-1.618413697792308106e-02
-9.083166170280114471e-02
1.122038806196745120e-01
