-9.376356771351017361e-02
-2.239843423365827091e-01
1.602838852019630722e-01
6.055334034073303062e-01
2.116155422797271202e-01
-1.037034885218524882e-01
1.687221791674116678e-01
-1.038802943342320706e-02
2.353742616378574071e-01
4.744992789548819201e-01
-3.526821896543821389e-01
-1.599601771994476618e-01
2.081379926163572647e-01
2.126014035119435097e-01
9.463788854498089709e-02
3.373339873192937599e-01
-5.629274809144043656e-01
1.033396192843588413e+00
-2.186863306184142486e-01
-1.662806360820113516e-01
6.989740611580135266e-01
-2.066018638886385483e-02
6.211344676643553164e-01
-6.586978289721058255e-01
5.037100098211226840e-01
-5.364268569193417768e-01
-1.635170491256817960e-01
8.742101412790675985e-02
1.413377578819018376e-01
5.385053692258592872e-02
-1.101787428052776463e-01
3.068010909256866925e-01
4.822061824055105528e-01
-2.691151788463275185e-01
-6.366605745734139621e-01
2.322508677725871606e-01
-1.748664159434402676e-01
3.350030405628188213e-01
-3.107828727800531210e-01
-6.748320056568501979e-04
2.525117066973570079e-02
3.286832917455964065e-01
-6.067305171391930152e-01
1.287716762865629416e+00
-2.783125936633342734e-01
-3.004635811547674562e-01
2.225311631682637958e-01
6.267934490641999257e-02
-4.000261583184930858e-01
-3.140306005863335859e-02
-2.989191484148760458e-01
2.197602413223128104e-01
1.072524961381950748e+00
2.024757709571355369e-01
9.037028208142477981e-02
5.193293587210731088e-01
-4.531579819822447175e-01
-1.710373039442060206e-01
-1.057379755143562639e-01
2.662008254300287646e-01
-1.110806430661058497e-01
5.751135255413300507e-02
1.210625364510632407e+00
5.357185611037604822e-01
