4.520692737882943679e-01
2.051822200763360193e-01
1.296871299263250954e+00
1.690498003004152316e+00
-1.059653136084286018e+00
-7.918748152384323946e-01
-1.262025851931212750e-01
-2.206676580996777826e-01
7.661819910409162215e-01
-1.004065946435141354e+00
2.183511061728581559e+00
-9.489481095719874970e-01
6.478019314432600373e-01
-1.028486956161055232e+00
2.113509891413479225e-01
1.123375330763030089e+00
5.750366658157292088e-01
-3.210391942494232320e-01
2.838750065047866755e+00
-6.124024284354974146e-01
-4.217678856328388459e-01
-1.256688622074370265e+00
-5.211418618181885565e-01
-1.337349355253716787e+00
-1.263799646137977184e-01
6.879923605909563644e-01
-8.475660712821728726e-01
7.548933387875038370e-02
-4.341274605895928396e-02
-1.600582946479140567e+00
-1.815822259670948624e-01
4.030815700481271691e-02
