6.458370973397559167e-02
1.436134827908627898e+00
3.830454261418173578e-01
3.033991812591965709e-01
-3.136478785020043181e-01
9.744817312481622584e-02
-1.177834738698030070e-01
5.397298330067383798e-01
3.409718408335057349e-01
1.156376552770203237e+00
-3.528853729932460159e-01
6.239898928830085456e-01
6.744071578915222798e-01
-1.157330538420082267e+00
-5.324949925576257792e-01
4.691447025926218095e-01
9.134644329754496583e-01
-8.824955456231453610e-02
6.204258281238396178e-01
-5.669701939393518852e-01
2.132614908855687830e-01
1.619208936452900538e-01
1.087563190878243713e+00
-5.752595378612557209e-01
1.915768777162928094e-02
-1.522028664892738081e-01
7.024444230170325820e-01
1.968648115281492306e+00
-4.738225438872668560e-01
1.637758241364694944e+00
1.009114430560757114e+00
7.846525010233942332e-01
2.467328437147800202e-01
-1.794815778868171119e+00
5.010823849209189440e-02
1.278848379106443112e+00
2.197825199170954091e-01
9.598085520716396202e-01
3.098118988450643263e-01
-1.108834539055592594e-01
9.831471210032506347e-01
-3.580840464858376926e-01
8.541070950044347132e-01
4.164878220037796508e-01
-1.894921007923837664e-01
3.534840693194210015e-01
-1.209055368334536196e-01
-7.811809078772462556e-01
1.787434682767328753e-01
5.958083754311482849e-02
5.170508021617046257e-01
1.306147639589804732e-01
6.964946901604314178e-01
5.175324429961315476e-01
7.274460422145783145e-01
2.952892672654224837e-01
4.723433651990567306e-01
2.154277561092311499e-01
5.816660319004240964e-03
-1.024824372631414127e+00
-5.251965112715315520e-01
-1.081499407438442917e-01
4.859516210037913009e-01
8.747184085477655024e-01
