-4.330264852362478156e-01
1.677947329277551247e-01
9.188486087563660365e-02
6.792011761059920660e-01
2.839224340607326424e-01
4.437584453243565569e-03
2.236380547336824232e-01
1.272828791950296190e-01
-5.913910041891067282e-01
1.582380463771140833e-02
-1.916042079561963707e-01
-1.493187059637569036e-01
-6.441042667081593454e-01
-4.207675406116583305e-01
-3.638041752569033394e-01
-1.951527136940554574e-01
1.064166931692569068e-01
3.757278031904089377e-01
6.202120616027084754e-02
5.448158489640256841e-01
-4.817804127536678971e-01
-4.156182210749256867e-01
5.893856728253005217e-01
-1.626968240730741200e-01
2.042020978612044679e-01
4.468485219634663053e-01
-2.483486771864620857e-01
4.466320813393018230e-01
-2.176576420827584513e-01
4.155433720045323964e-01
-7.886108601482004488e-02
3.110246357212963497e-01
