-6.233212052298391787e-02
3.197151716862629139e-02
4.573607482319479861e-02
-6.652028367430605493e-02
6.490070256924902747e-02
8.232197891335357731e-02
-6.289381852941337836e-02
3.136057153578587775e-02
2.814420696001742120e-02
-3.790040676056434521e-03
9.673620447909125550e-03
-6.073775070512968735e-04
-7.328069215936185155e-03
7.212432838091073495e-02
-1.277559390854430751e-02
1.177843649417920080e-02
1.709063869191388904e-02
-5.688269350759936338e-02
4.599968761257188649e-02
-1.254738694738893401e-03
-7.067327307240571510e-02
6.920616742780649755e-02
3.515140188619220174e-02
-9.497836933837354445e-02
4.307337671012188840e-02
-2.494258115048869368e-03
-6.818140328962937757e-02
-1.520806597153585675e-02
6.421817254672591846e-03
1.349453456752764367e-02
-1.169155045619422843e-02
-4.533878938452372102e-03
8.429823415383751184e-03
-1.857601231863627647e-02
-1.303617915750730251e-02
-1.515181966265140160e-03
-2.572209994212586864e-02
-2.934331880760062891e-02
-2.541361324747755043e-02
-1.341026620437723964e-02
-5.169317409675297688e-03
-1.449465139353940148e-02
-4.155071333081181845e-02
-3.176409968263932404e-02
-2.579456053333634841e-02
4.392141045365731584e-03
3.288434428459787416e-03
-3.792987700654460934e-03
3.629872494077138710e-03
4.833037821160610786e-02
-1.729032957415813435e-02
-1.281669522885910475e-02
3.369439168622288816e-02
-4.175782842708233855e-02
-9.331093779312554098e-03
-7.065079968727416143e-03
3.329897341296965407e-02
-4.032507862617133385e-03
-1.081381111275465413e-02
2.406119163527910623e-02
-1.979577337627844852e-02
-1.995973235946215188e-02
1.636407088990178907e-02
1.661315075664131224e-02
2.555469626644935391e-02
-2.806638532702675215e-02
3.522620873014235821e-02
-1.821090515337001623e-03
-5.986814892398724386e-02
4.655456909900762552e-02
1.871859744941641382e-02
-3.539447221272347399e-02
1.349368295793462952e-03
-2.310225919567292924e-03
3.897613631733685188e-03
7.133432249531211113e-03
6.515374993479834849e-03
-1.498082119259872697e-02
7.128917716794599610e-03
4.475657441799564019e-03
-1.081022524434000626e-02
-1.318906630516943068e-02
-1.478777887654182666e-02
1.266485369383096513e-02
-1.794713388263551165e-03
-1.807390803881988445e-02
3.267786675700661003e-02
3.256668024421778291e-03
-1.758137894759112529e-02
3.138165137794706600e-02
-7.552846239759612550e-03
-1.179731399195973508e-02
3.155545442153856982e-03
5.033250963234407564e-03
-1.194805708723474698e-02
3.271871669309929509e-03
-9.928617680642111074e-03
-1.989147607828520639e-02
2.226382723644718814e-02
-1.865112993177695314e-02
3.549869829715956299e-02
-2.347606571232398881e-02
2.102134887811300465e-03
7.787611050187391408e-03
1.568624430260683739e-02
8.685669525272554647e-03
-1.209526623040185246e-02
-9.973730947411782476e-05
3.702634564191666371e-04
-2.123480960436697693e-02
4.244556647490261084e-03
2.373369992911440046e-02
-1.309449118891256592e-02
-2.477312996853935079e-03
2.767246442935738723e-02
-7.217617000103389475e-03
-1.409829206891558169e-02
1.179513350707666122e-02
5.051144965786563169e-03
-1.179469996037476286e-02
-1.974908877595811518e-02
-1.751681236744230541e-02
1.835773357695436037e-02
-7.492058620254015908e-03
-2.963825807862703610e-02
9.998648042209724168e-03
-1.186246440285627923e-02
-2.285643457244723818e-03
6.593685004078817316e-03
1.648167025062910809e-02
-2.084788192429671075e-02
-9.705215072728692535e-03
5.900410309847836654e-03
-2.449570926319425551e-02
5.877860416474754365e-03
3.993120144749710831e-02
-2.243224920038572063e-03
-1.465804275843608610e-03
3.145836181981102181e-02
-3.175505531551779670e-02
-1.658716345727460906e-02
5.084708584850170660e-02
2.710585441166042230e-03
-1.623667009478694601e-03
5.250555101823226739e-02
7.585265595481656409e-02
4.041587166135397757e-02
1.757062432774571942e-02
1.906490228166960420e-03
-1.025073789145230542e-02
-4.714960877039472281e-02
-9.345003386129532852e-02
-6.483968949850839325e-02
2.979456472230567962e-02
1.057369893950275107e-02
-6.067769224512471055e-02
8.522247480179359624e-02
-1.151881460542563372e-02
1.333033375581845750e-03
5.630477791491765409e-03
-4.155754751679307385e-02
4.321836164942455955e-02
1.343729751833053904e-02
-4.911727402964243677e-02
-1.113722739994929406e-01
-6.995638261726409846e-03
-8.354323895460645522e-02
-3.800277149004917688e-03
7.719579455283911984e-03
4.483714918236188663e-04
3.899343385479615842e-02
-1.935662482281068917e-03
8.767124641140912333e-03
8.749326062539088469e-03
2.564907850833444275e-02
3.973541132649813235e-02
7.304542022934925466e-03
1.099799138512099622e-02
2.319965817705042788e-02
-2.574486193254905617e-02
-6.475837231989745903e-03
-3.857181222765022205e-02
-1.562396287687029851e-02
-8.323982126582856562e-04
-2.237059724946408382e-02
1.311451722097398478e-02
-1.260266984077783314e-02
-7.755862062036772073e-03
6.009951699471698799e-02
-3.197119098922367175e-02
-2.130823215739913873e-02
-2.512335397298102665e-02
1.106967471681656124e-03
-2.468051477294354399e-03
-3.406241048991321546e-02
-1.508112397444582101e-02
-3.566273297764908229e-02
2.115070854668074304e-03
2.566967913536442186e-02
5.108018323467298713e-03
-3.382967333788531455e-02
1.628290149896837943e-02
-3.187363513525959084e-03
-3.725843971992560261e-02
-1.020536059481963118e-02
-4.297769911594412698e-03
-2.564652406359655204e-02
-3.226793575854894954e-03
-2.328535670296057528e-02
5.177153813190045993e-03
-6.376188301497294486e-02
-3.876613573049772672e-03
4.404685597723301954e-02
-1.683209886415883844e-02
-1.606758532991464997e-03
1.262892305372013621e-02
4.655257230888113634e-02
1.871854804963581781e-02
6.958255056570323074e-03
1.839748983594504880e-02
-1.759986426020183382e-03
-6.663006226207059991e-03
-3.991727830036125371e-03
-7.797045571165596434e-03
-4.729463644187470450e-03
-1.358519945598167522e-02
5.956433606175957213e-03
1.956836311854009969e-02
1.746985787926454148e-02
2.086513379883251154e-02
1.201808330548354876e-02
-6.725215002694667071e-03
-2.127025470338641741e-02
-4.307649092499544335e-02
-2.473061737966850311e-03
4.555854872403881581e-03
7.947050076819891368e-03
-5.921377050362721176e-03
-2.713890578592583619e-02
-2.151335406985187271e-02
-2.970643018875614508e-02
-7.054648617545028304e-03
2.497297806179133751e-03
-3.488597337755723615e-02
-5.578494634739252639e-02
6.950872133535871029e-03
-1.498366097186558388e-02
2.923227324862841606e-02
5.234980210696384834e-02
-6.485419082130153452e-03
1.324269257262177500e-02
-1.319131233085505620e-03
-1.303522626589505296e-02
1.485265798607497689e-02
1.291598858212016955e-02
-1.539925963924583703e-02
1.554514360682131800e-02
1.790515548356939185e-02
2.750604015766504318e-02
4.009090419806675409e-03
-1.233645192408882110e-02
-1.963979678318131597e-02
-2.879622664316051212e-02
-3.953290864841557672e-02
-3.431798495563981310e-02
-2.576157930837005838e-02
-2.813976942271169401e-02
-7.271116762767711184e-02
-1.677505716401422875e-02
-2.896022694740699177e-02
-3.233819124229732594e-03
-3.166410670246578435e-03
3.611671640711253475e-03
-1.039784543393051063e-02
5.241311024383622959e-03
2.543055380812770869e-02
-3.584286053558810060e-03
3.033260135115748227e-02
1.497267562147419802e-02
2.237609405138794860e-02
3.255439465790783971e-02
-7.180607916164953022e-04
4.741254325581441970e-02
4.322582690068603462e-02
-2.950299899683509613e-02
1.544487855581292562e-02
-1.489893098905718111e-02
-3.571196690809402829e-02
-4.991710113007952199e-02
1.431307793820844887e-02
-1.301530688886353045e-02
-5.967972428041301569e-02
-2.670506847627807795e-02
4.127975836488768230e-02
7.276188276848193082e-02
4.366113898153284323e-02
-1.409670631780681610e-02
2.461391509092008406e-02
-4.622867243145473148e-02
5.281954729483864797e-02
-1.287263737182975099e-01
1.507974996614527552e-01
-2.794886591250921731e-02
1.309671395992600129e-01
-9.263920318466749293e-02
-1.356222920626569232e-02
-6.888883261278087866e-02
-2.629451169549992806e-02
4.727528853648235371e-03
-1.281024488858973666e-02
1.073390331414847687e-01
-6.550536046918783994e-02
-4.358660275900265620e-03
-1.220467067776090236e-01
-9.444618456298991757e-03
3.957411044311542891e-02
-1.498109456845774824e-03
2.363027035892806271e-03
3.477413565846088073e-02
-8.666996163784749380e-03
2.368234454769657313e-02
-3.893047931431920915e-03
1.240476495282400067e-02
1.862819645403975682e-02
1.808882467207044778e-02
-2.021540315373729791e-03
-1.306279249749513899e-02
4.067626482824426674e-03
4.327255781912901951e-03
9.359699762057990466e-03
-6.162857064841753552e-02
-3.917193554270021610e-02
1.716332599849202528e-02
-3.506310338830781036e-03
-6.673544210118871091e-03
-1.061073609496621453e-02
-3.704406426880615943e-02
3.129811142812420621e-02
7.583916844741361504e-03
1.358858996107879108e-02
2.362906264315644059e-02
-6.302941737216388035e-03
3.477336072291983132e-02
-4.732642318526314278e-03
7.676933153014370639e-03
-2.294087919395800326e-02
-9.957038756935357796e-03
1.356969096626663498e-02
-4.201176173717506568e-02
-2.978941735051119505e-03
1.840438341800699346e-02
-2.051162568585952403e-02
2.179653798378975577e-02
2.597324450434268170e-02
4.046081610243687510e-02
1.285768185568261128e-03
-2.132999904575083941e-02
2.653398712205642246e-02
-4.202693123910287293e-02
-1.860485591339979677e-02
-1.859547900840419210e-03
-6.206452829965124728e-04
2.676882958076005556e-02
-1.354903514264672176e-02
-7.501900182379769855e-03
1.362000629179041002e-02
1.207885369688490966e-02
6.283178846482448746e-03
1.550564270278606896e-02
1.002255465578810907e-02
-2.898983368068149685e-03
1.220694739769179020e-02
6.014763553867021918e-03
-1.710972043352304572e-02
-2.384471851163828642e-03
-2.260895617673918268e-03
4.648886027596898151e-04
-2.439079653769320871e-02
-1.512696000104032674e-03
-6.803900759695399869e-02
9.698606261638334503e-03
-7.558311235945956719e-02
3.841250980939313331e-02
-4.759184138230748533e-03
3.510839920295227845e-02
-6.229827586136130885e-02
-2.198690210161776543e-02
-1.950465040046363632e-02
4.157691192935207558e-02
-3.145234024618807911e-02
1.211194658861793477e-01
-1.266789274372503993e-01
-1.982082040223864805e-02
-3.758830390362526142e-02
4.362733033788003534e-02
1.930626875144115032e-02
-2.281152044324639278e-02
-2.838902745034155295e-02
5.936548144530573966e-03
5.865264801784666332e-02
-1.193794951630444516e-02
-3.080450523079322767e-02
-2.583863875570749716e-02
-3.551018940982920979e-02
7.095184973468755298e-03
-4.150648896850044067e-02
1.941810730076747732e-03
-1.637016560105872959e-02
2.217443280357728544e-02
-1.523413303152208916e-02
-2.336367218843456856e-02
-2.727879450090881300e-02
-1.564473346022093175e-03
-4.532622392887438595e-02
3.214262286445357386e-02
2.540572351250490468e-02
2.558297660873254734e-02
4.788375904577728964e-02
5.135418672492723935e-02
-6.797361709339881999e-03
5.959566874229853956e-02
-2.249598296642374429e-02
-2.562739021752239929e-02
-1.276497607647247541e-03
7.032622152368763098e-03
1.267894510004915348e-02
-2.877296824693985951e-03
-3.696744922157872704e-03
3.622663858665050446e-02
-1.180061484788207382e-01
6.511613198592633434e-02
2.601790779403478568e-02
8.338989757369170974e-02
-5.672783585015268859e-02
-7.492485863557994674e-02
1.014206385082982026e-01
1.392951707974421881e-02
-6.963423751331228317e-02
2.680674825464546621e-03
2.680532902692681768e-02
-3.004102370454542897e-02
2.428746316633122876e-02
-6.535118687976811114e-02
2.958920103111819036e-02
1.387336924848700803e-01
-1.348249932029808029e-01
3.175503995959659542e-02
1.383635387346484474e-02
-1.160409947209560012e-02
-4.147986271510519657e-02
-5.631044812295160629e-02
-7.093015967496374419e-02
4.412026606094640591e-02
-2.126953388051708391e-03
-8.139591348176677954e-02
1.227288211747781799e-01
1.773843523479649159e-02
-3.953878463954331457e-02
2.820768677215555395e-02
2.114541153685796371e-02
5.284484342640293625e-03
-1.830773878578527761e-02
1.061326742653438855e-02
1.982089372288911751e-03
-1.050539718885021030e-03
1.731424430799581235e-02
1.466980184656265646e-02
1.116041543634097889e-02
-4.073573271803759832e-02
-2.311204545433758265e-02
-9.828227784519163318e-03
-1.155537969035347508e-02
2.529476085155731111e-03
2.772361158048140470e-02
1.794086939481279522e-02
-2.065210649352157771e-02
-1.810776895069553943e-02
1.693029871714997817e-02
-2.065702994711762081e-02
-8.056085385705482466e-03
3.466022020946491616e-02
-3.702243706031721482e-02
-3.118565521709072545e-04
2.341787603706364101e-02
-2.322968221961193430e-02
1.266833514442316632e-03
-1.793171164121772423e-02
-2.440353455915618419e-02
6.123431741956352620e-03
-2.990165684163840088e-03
-2.043580417285498912e-02
1.541274969514148940e-02
1.427091198269909511e-03
-2.013925865202278662e-02
8.662123226684283195e-03
5.325829011736469415e-02
-1.185626570968905009e-02
9.071103734674226468e-03
3.183319653777312574e-02
-3.066953698128374248e-02
-1.280452676948002841e-02
1.933843261857462123e-02
-3.059631197585497772e-02
-2.997786482340487543e-02
1.247077182589983145e-02
2.861125732697907681e-02
1.768122509372973411e-02
3.414957428190947691e-03
1.515818018864231904e-02
9.651715802545672226e-03
-9.002606998434428687e-03
-8.888369884363464968e-04
-1.231601186326862843e-02
-7.297049275633189780e-03
2.412065357064941545e-03
3.154849685928364650e-02
4.548460344255449497e-03
-3.512877483073306370e-03
2.089595709593516232e-02
1.616105845721042128e-02
-1.464034556416415889e-02
-1.204995554331528274e-02
1.186643900677982096e-03
-3.886641170527559142e-02
3.129297416437389762e-02
4.442527985701058557e-02
-7.054891191584762578e-02
2.052596410491737758e-02
2.467409067536942280e-02
-4.991859073019033061e-02
2.013353302623793924e-03
2.172647324335102992e-02
1.154273005199160694e-03
-9.939233313827103636e-03
-2.906076441833904678e-02
6.341392967700026917e-02
-3.718857276640722548e-02
-4.185849123588015336e-02
3.259323844835906175e-02
1.583493584100230042e-03
1.003505602944011928e-02
2.339086686699009057e-02
5.412436003011215913e-03
2.432980779015182608e-03
7.106645262703392869e-03
4.441406893233146476e-03
2.917504310246675850e-02
-3.902405315484814771e-03
-4.081840679222474913e-04
-5.014851861125414756e-02
1.241431286874915101e-02
-1.529718331355280590e-02
-1.265185976177624419e-02
-7.083591256193128537e-03
1.844270571799842828e-02
-1.934348435476766076e-02
1.792781282456729769e-02
1.655942155051113793e-02
2.461432072815200600e-02
3.369800654984588667e-02
4.205708568667047842e-02
-1.613377258644664580e-02
1.494881162353480474e-02
3.576452389547401384e-02
-5.723226575516008642e-03
1.574300106237642646e-02
3.823621126881224241e-02
-2.454300534720508034e-02
5.187197743974233249e-02
4.934455858524650594e-03
-3.061342227616550490e-02
7.466265063115340439e-02
3.252968335261513522e-02
-7.892067154381055688e-03
2.169998694664750788e-02
5.010454366177048702e-02
-3.925974241777388518e-02
5.234814086663368976e-02
5.093547836336119461e-02
3.024704656591113011e-02
-6.853227649939664518e-03
2.357331428968724961e-03
2.906223242533260975e-02
-3.374625845073485342e-02
-5.170902885278615829e-02
-7.889409330199234627e-02
1.422874943007945425e-01
-1.036255831242758885e-01
-1.840482485078868968e-02
-2.769899137538437903e-02
3.611787323496181562e-02
1.059076968754225634e-01
-1.184407548970216884e-01
9.650130398808362542e-02
-3.667389942608850067e-02
1.936525705440882497e-02
-7.178525712563431360e-02
1.347510290504418812e-02
-5.095333476957548263e-02
-3.698432039467455974e-03
4.290009114264692336e-03
-7.933480498083723964e-02
3.677251669430370296e-02
1.409299605759246898e-02
1.988360737873694217e-02
5.446080236648936229e-02
7.459553514567416298e-03
2.391397965690584757e-02
1.347217845397688171e-02
1.612854783499835911e-04
4.169533675855804228e-02
-3.484141007190334760e-03
3.041449461700017343e-02
1.527461586584028148e-02
-1.032294549452876346e-02
1.429205892897531839e-02
3.456162505099589360e-02
2.000940169017626294e-02
-4.288308419876987743e-02
3.343392619188997883e-02
1.101920774168463693e-02
2.566284563798486990e-02
1.981475646537541810e-02
-2.958335323567940628e-02
-3.200770989762702357e-02
2.793423713926525623e-02
-2.192876515940657411e-02
2.200699201331550448e-02
-1.453318014068884396e-02
-2.879173397445582844e-02
-5.766522648673054995e-03
-3.058345134859444866e-03
9.290324919661136285e-03
3.363026259887005875e-03
8.381164404518592209e-03
-9.105980974198509686e-03
-2.627310690234691340e-03
4.692272667712233530e-03
-1.377528718882392762e-02
-3.285119060425295556e-02
-2.240571724642858795e-02
4.192591711600855003e-02
-4.438404211800338339e-02
-3.965591926387521809e-02
2.523735791696538229e-03
-3.330244977378538779e-02
-2.681990846340502610e-02
5.412181380253023796e-03
2.360129257056384905e-02
4.282186097052573942e-02
1.359813115474783375e-02
1.211964040826385945e-02
2.932711867321562832e-02
2.921199661724462396e-02
1.107434625350992193e-02
1.747420457213719538e-02
4.486736185434252178e-02
-7.223041078461776279e-04
3.010614310679041086e-03
-1.565009680089373724e-03
-1.564305466963226976e-03
7.121552450575345007e-03
-1.481726224646637627e-02
-2.371157755792382971e-02
-4.388332831302413188e-03
-1.159424728903182301e-02
-4.935604030001663339e-02
6.362798975665659613e-03
-2.481084376228838775e-02
-2.303770837677712735e-02
-1.058298538280644414e-02
-9.594303247333112530e-03
1.337388106142304786e-02
-1.903181211705686068e-03
-7.192959493443883698e-04
5.893256014180506264e-02
-1.243925879757801500e-01
3.278008795205526738e-02
3.949114347972210171e-03
-4.540952013038529467e-02
-5.386087622723054018e-03
-4.210025377573874822e-02
2.652956046681951424e-02
-1.705101858435184928e-02
-3.488702000541750448e-03
-3.649659849674394274e-02
-3.033090221387509892e-03
8.158228986889193637e-03
-2.643745795533140527e-03
-1.077783323976898820e-02
-5.700329623327692052e-03
6.761639903779361090e-03
1.572150826804528251e-02
-3.068859885852727107e-02
-4.014797253486921541e-02
-2.960608077748387579e-02
1.361639747078267730e-02
-1.965572229449400604e-02
-8.028874012486231226e-02
2.447833013650929299e-02
1.134077856708956555e-02
3.423374143738311913e-03
4.389169020790644610e-02
3.930215580681583470e-02
3.265997530485291456e-02
3.093299846394861885e-02
1.263227699230321313e-02
2.854848689475767906e-02
1.012204543962745909e-02
2.556782442699736049e-02
2.483750537654224114e-02
2.844559576915817872e-02
-1.691112408297076874e-02
-1.337203702026593284e-02
-2.092120438713029711e-03
1.048365160195833534e-01
-3.523685691130860886e-02
-5.419426807318641903e-02
6.921820627601911469e-02
-3.929237592922993350e-02
5.119195625049414999e-02
-9.625597922434213707e-03
-4.100367479534169912e-02
2.815758438589634031e-03
4.019480360156948984e-02
4.742838000057516407e-02
-2.294157848958851276e-02
-2.809823174296157203e-02
6.894253123991953003e-02
4.420814457401057301e-02
-4.371463208619837115e-02
1.161037034417392033e-02
8.722722337532048953e-02
5.913116139680608258e-02
-5.697998590549131770e-02
-7.119461820585439027e-02
9.742929677697394208e-02
1.569900040014896719e-02
-6.788803007555364866e-02
-6.651114461251479704e-02
1.796446453030498686e-03
6.790645346704930752e-02
-4.549257977238193446e-02
-7.839247845213789812e-02
1.587311767944678265e-02
7.915307238696066283e-02
-4.774336182977878540e-02
-8.274432446312046316e-03
-3.880123099428837204e-03
3.325724755611670497e-02
4.085100049639519421e-03
-1.869878819457718513e-02
2.273805088103114311e-02
7.591096503765557349e-03
-2.817520391887694178e-03
-1.326163733520974684e-02
-4.116306752155231979e-02
-5.199157544666885983e-02
-3.746849893066232784e-02
-4.643702420996987691e-03
8.876551230009681326e-03
7.276529456841786953e-03
-1.411010890862109644e-02
3.257673884278661225e-02
1.938194593759377457e-02
1.809512225554784498e-02
-5.345209922940653835e-02
-2.042298846264781198e-02
2.161766163864866849e-02
-3.049999542161875229e-02
-4.972060543030423080e-02
1.249000788255564057e-02
2.486261190221436199e-02
-1.722423936815390202e-02
-6.371234018176659755e-03
9.396062549968721769e-03
5.206792893472981382e-02
-2.790128422829241811e-02
-1.133103713486328414e-02
4.141726980449498413e-02
-1.014727552127504470e-02
-2.355668601481560390e-02
-1.278817338375022594e-02
1.922899715037382868e-03
7.796294787377676568e-03
-4.155537444016574322e-02
-4.077403485591490039e-03
5.973945790943873541e-02
-3.127662295717559965e-02
-2.881053099100801609e-02
1.569645724451079402e-02
-8.553289875948723656e-03
-4.262216222248546051e-03
-9.172262457483206302e-03
4.891426998534377513e-02
-2.487074851889123361e-02
-2.860717003604523398e-02
1.421573308547869523e-03
-3.381722977566778421e-02
-2.332442100896427173e-02
-9.635982728779232676e-03
-2.619678045447139392e-02
2.932346025644831655e-02
3.069139653038178983e-02
-4.405453135089063693e-02
-7.602894924718775309e-03
2.901603121172091626e-02
-1.941388243036029290e-02
-2.923447377237418932e-02
-2.412911605971919567e-03
-1.766022477789751591e-02
-1.819210244811838434e-02
2.351838618675775039e-02
1.054767374421543454e-02
6.581444544800866409e-03
-3.830367742911724299e-02
-9.350780698765119928e-03
4.846811543861283267e-02
-3.517827116558993467e-02
-4.215674992704673829e-02
5.133898175505159645e-02
-5.399267992067804250e-02
-6.254178711817438840e-02
3.869489728702872611e-02
4.742843228405581313e-02
-2.625996743716867143e-02
-3.526056972109699317e-02
4.327488880128270606e-03
1.147028198610798751e-02
2.101396389383526631e-02
5.555666399771773747e-03
1.989518019000455912e-02
8.714892886304023353e-03
-1.269003794410505362e-03
3.136864841856277456e-03
4.275751326150841088e-03
-2.940529479606456865e-03
4.876647329944665786e-03
-2.895237389554558560e-02
-1.260214004566772260e-02
5.684793090422796125e-02
-3.399911093399497070e-02
-2.665846014508703801e-02
-2.758025276468138026e-02
-3.352487362271743682e-02
-4.356215385030431236e-02
1.266832221826300064e-02
2.541786464524455752e-02
5.884866067995912081e-02
1.883197055839214845e-02
-2.543435136947764467e-03
2.518392221105556113e-03
1.289197003511111106e-02
-2.450642981886356694e-02
-2.320433130009655689e-02
3.898378530242898720e-03
7.672728444894270049e-03
3.567769822215118079e-04
-1.824150815885862203e-03
-3.449727665158543177e-02
-3.843041694318071605e-02
2.213473088436546804e-02
1.679583288462684195e-03
-6.742983072196691297e-02
-4.117199995132328309e-03
5.458672617463015270e-02
-7.898551401245798922e-03
-2.074398222928020355e-02
4.817953084292942584e-02
1.505667203364510764e-02
-3.349485440906980332e-02
-6.433229121260577478e-03
-3.966902479312506280e-02
6.568005356301964692e-02
-2.838886717314328262e-02
-5.435961763416891773e-02
-2.766268511822274345e-02
1.529164288401807237e-01
-8.056818689065975425e-02
-4.720943781093937808e-02
-2.696749928433014518e-02
7.655153765380329212e-02
2.674534638405258805e-02
-3.886857405085684947e-02
-1.815680348277056225e-02
-2.937508151586386979e-02
6.287311184911426043e-02
-4.682131590683187572e-02
-5.709702059057546186e-02
4.547085901445598044e-02
4.985866592644777606e-02
2.430776864722328581e-02
1.948614647165529488e-03
2.819447464661533134e-02
4.998963185144708957e-03
-1.315058121356478017e-02
3.165330376141790858e-02
1.096838133778985439e-02
9.273133932005628516e-04
1.129056226718725374e-02
1.812400857009190819e-02
-2.023438422141992862e-02
-3.865087942905167523e-02
1.838156004164522711e-02
3.002143601740241488e-02
-1.620288404350514813e-02
-3.118468316523363704e-02
3.179979376360688587e-02
-1.388419373260595287e-02
1.702294961310255039e-02
3.010035074226206572e-02
-3.613552550621991488e-02
4.596032885378303207e-02
3.182902225325129342e-02
2.649365139658574689e-02
-1.667006049303371151e-02
-1.844759729279904547e-03
1.597555378758224592e-02
2.033675684161094890e-04
5.101337603028663521e-03
3.961497615639383157e-02
-1.988394595604894149e-02
-7.773520259847351878e-03
1.492314120031856296e-02
6.357017727083952470e-03
-1.781863447166328121e-02
-2.676776960722952389e-02
-9.040131155906334579e-03
2.165766765192438104e-02
3.932201013407202184e-03
-1.232954089491069063e-02
2.440027512911392346e-02
3.285362932469840236e-02
-2.859836231774007601e-02
-4.317535494751170017e-02
-2.769624205296107936e-02
1.761986556156320410e-02
1.441354638835683211e-02
-5.182966844216256586e-03
-3.526877784604098582e-03
2.327547344233523580e-02
9.861543596997432784e-03
-1.024485827046000804e-03
1.596480158640983804e-02
1.813430735315803288e-02
-8.203424143089945234e-03
1.271372505252157600e-02
2.033632619428180771e-02
-3.392648048214164103e-02
-1.989042244445344068e-02
1.638561353777493595e-02
1.315748155801400908e-03
-1.277271414891838555e-02
2.635418837632590508e-02
2.504942684085529822e-02
-1.692182539078125950e-02
-1.246670726257754873e-02
-2.899741619231322592e-02
6.326830467875591002e-02
2.225361084876494033e-02
-7.303616110909343095e-02
-5.509449453057255197e-02
1.849850595920832924e-02
-3.557356070323851316e-02
6.803952753424546973e-02
5.117375620653337454e-02
-3.154629509089785892e-03
-9.399674935723641156e-02
3.170683106719873745e-02
1.040100388113262136e-01
4.299877755794394296e-02
-3.604556695444548209e-02
-2.655951287331950478e-03
-2.428547046357698233e-02
8.137149995956369231e-03
1.884781966777826154e-02
-2.026588499493090292e-02
-1.015512263260919500e-02
1.106462722072356145e-02
4.249526174450499183e-02
2.659779973790667162e-02
-2.129683272909428660e-02
-3.350496143822313116e-02
3.572439712745074242e-02
-4.090186063436990899e-02
-8.655282251397776114e-03
-4.725122018956179337e-02
5.607948644209909822e-02
-4.040693579571128652e-02
-4.253832048510941544e-02
3.831703986175661464e-02
-3.613567131909110192e-03
6.895896157940018152e-03
4.916308060523686546e-02
3.052080914735045419e-02
1.896846084303576221e-02
4.627074847704196192e-02
1.776432816561173897e-02
1.873078386556854130e-02
-2.401988610102701385e-02
-3.088232120118509366e-02
4.432999913594305036e-02
6.434626927387357420e-02
-1.479837651696143050e-02
-3.581721600842429493e-02
4.772124698110652430e-02
4.156757429135392312e-02
-2.316290590578085062e-02
-1.832682631594529038e-03
3.989287909652676489e-02
1.017627416824360038e-02
-3.673092723539335414e-02
6.161089807623085224e-02
1.626585120806533016e-02
-1.163702094592234185e-02
3.922053086168018898e-02
1.151635593912873901e-02
-5.702877667137819240e-02
1.848469107125762928e-02
-2.637683843745451326e-02
-1.220233936638700084e-01
1.220677987656394320e-01
-7.449119916990673551e-02
-7.969652895804051063e-02
7.565058891066339664e-02
-7.461079901092741717e-02
-1.762989592082039392e-03
3.283782815357406265e-02
-3.438293024908235795e-02
-5.383102820543983480e-02
8.147826149151479735e-02
-6.239018344915518710e-02
-8.893979743343091715e-03
4.994444093390206646e-02
-4.648132625846419091e-02
-6.922775858631097581e-03
-2.020977024355794308e-02
1.516689314658539560e-02
1.124874699365509094e-02
-1.623710870755923699e-02
2.754829903742960287e-02
2.183635255043048576e-02
-2.051235531797556549e-02
2.214440338575607986e-02
-7.467671541458030700e-03
3.783644084547656706e-03
-4.244854288178974422e-02
1.249184209466272164e-02
1.639122053134718648e-02
-2.057689687018572980e-02
4.241536292973061006e-02
1.240699647942212006e-02
-2.024450703518180031e-02
9.706148381808337930e-03
1.499066808373059750e-02
2.807682312997337396e-03
9.230717718082205939e-03
1.725179189301816879e-02
2.222247934872045860e-02
-1.059893102934956338e-02
-4.558459584505619201e-03
7.003551974773739378e-03
-2.196453641942443941e-02
-2.955576566122879861e-02
-8.989262606777518455e-03
-5.845282607951365721e-03
-1.601123697915887018e-02
2.111245579769779543e-02
-2.729898448615338587e-03
-1.200006430964462197e-02
2.176270088693638485e-02
-2.587690941974489425e-03
-2.171232382200367558e-02
-2.472269487062576498e-03
1.826220218088984645e-02
4.867249842158859717e-03
5.490873739496685522e-03
1.228213213494603120e-02
2.035891945006934947e-02
-2.331969950010083850e-02
2.514767689761994700e-03
2.068147122130132090e-02
3.341047136655266297e-04
1.848327186976837441e-02
2.332533195601131995e-02
-2.131790968225866830e-03
1.506864938228529363e-02
4.868313784482215280e-03
-1.858499558340985514e-02
8.739242736830132863e-03
-6.935699768055018054e-03
4.470326713229290372e-02
-1.203770067672497654e-02
-1.196566855458553076e-02
2.380299877967019875e-02
-2.119221094518285858e-02
-1.057509578502743679e-02
1.366930983197595269e-02
-2.512767961456660246e-02
-2.448445559648875988e-02
1.096788885410583843e-02
-3.729873170536333188e-03
-1.612805806036708353e-02
2.939104805907017184e-02
-2.841669894697073512e-02
-1.411941539567862676e-02
6.759859021293160818e-03
-2.336503136491172288e-03
9.482238148914566914e-03
-2.417443347806009363e-02
5.714242443029093205e-02
-1.188463796093447260e-02
9.670636229026016717e-03
2.580483753549475678e-02
-1.522526086645491043e-02
1.234973078174350647e-02
5.032612661029031709e-02
-1.228074963694356743e-03
1.800484344875858192e-02
4.590705738688313775e-02
7.809885676426373165e-03
3.189520767649357130e-02
3.863888611856607785e-02
6.757143727926596781e-03
1.954793602836506564e-02
-1.117553194872260638e-02
3.376275296208540964e-03
-1.751812921560570377e-02
7.478087685146949173e-03
9.310144369360494679e-03
2.067292848475069697e-04
3.256059601265737929e-02
2.181410106156339741e-03
-1.277051561209193060e-02
3.785717984482547815e-02
7.599420695400150617e-03
1.793142729930471968e-02
4.858716128548737356e-02
1.174786241740750914e-02
1.848009472419302052e-02
3.488685535891635631e-02
2.002681406708805168e-03
1.665915751423402771e-02
4.885184542185735945e-02
-2.085084557834656141e-02
5.458388095062679385e-02
8.397456503345294976e-02
-5.388315480324291917e-02
9.521608602814604638e-02
5.943837281370826370e-02
-1.475336321919481185e-02
4.860293002099999593e-02
1.952652657089173210e-02
1.128153169390189864e-02
7.698042452628882718e-03
-2.650492429003776726e-02
-2.968106695605550460e-02
-4.001729070158730698e-04
2.177397664530603821e-02
1.302485770604395847e-02
2.788267498120818727e-02
-1.808728781805314613e-03
-5.394697803021385185e-02
-2.042763067734786747e-02
-2.568785912710426847e-02
3.349157714209654441e-02
6.119968141926375102e-03
3.887256156340250599e-03
-4.477352215613437936e-02
-1.914896834691968627e-02
-2.390360653264008914e-02
-1.326908299581598498e-02
8.448301614176534358e-03
3.022783286512675804e-02
2.702544986450736500e-02
-1.017861973446028412e-02
1.257551025420730259e-02
-3.070953818402016519e-02
-2.331745406023992724e-03
2.605392919256037040e-02
1.726424261429804555e-02
3.980410541593006751e-02
1.694406038152107639e-03
-1.299966771736376335e-02
-1.134360494024787107e-02
2.118444886600161919e-02
1.905963118583990992e-02
2.445595663059634342e-02
8.724432992656316801e-04
-4.617749909464892270e-04
7.069013017101533590e-03
-1.420952154274816859e-02
1.772439161171861707e-05
-4.559775209824777631e-03
3.614755768488896962e-03
6.737763412191051168e-03
7.958304817245956050e-03
2.497973354410393254e-02
5.367026766544957285e-03
-2.546050065164582113e-02
6.348528683069881891e-03
4.589455230097599231e-02
3.010720367889497054e-02
-3.505253120872250418e-03
-2.026089530594522761e-03
2.668297595541448217e-03
1.226912226400398397e-02
9.363011193955416908e-03
3.115900199660401933e-03
-8.459568039258950900e-03
-8.527244069669866894e-03
-1.197043352353126429e-02
4.799493985912868868e-03
1.058862147601486586e-02
-5.236514383047652030e-03
2.663354799491798874e-02
4.743793814873593223e-02
3.927640942737756213e-02
-2.624974488968276690e-02
-2.576119175490389560e-03
-5.094702328540157144e-02
-6.531193502670036566e-02
-4.637984000945934854e-02
-2.418270187010424302e-02
2.797912620734075741e-03
8.746586613848436262e-03
3.478214743131507157e-03
-2.681824180222022822e-03
-8.593665207179986389e-04
-6.852198149541624192e-03
9.062894850804577448e-05
-1.180901411963024934e-03
5.158394059903785231e-03
2.005375908867149809e-02
2.722182482575371404e-02
1.001711073560137763e-02
-5.167628679832609456e-02
-4.829640153537367170e-02
-4.260198549509925520e-02
2.698128631214993627e-03
2.068490344417186697e-02
3.184253122795648733e-02
-2.865104753848827027e-02
-5.672176768556515258e-02
-2.991464354698782080e-02
1.683193003775730612e-02
7.570063239780670805e-02
3.665062069492403679e-02
-4.330534254142558853e-02
-4.476841693400541305e-02
-4.972021474121660067e-02
5.102977606231169638e-02
1.160548987518728314e-01
7.963956343221952061e-02
-5.080845256797922316e-02
-1.330232765573426679e-01
-8.233207505123947556e-02
3.799196005155593830e-02
9.504843111496028008e-02
9.226897998609219498e-02
2.118835385378901176e-02
3.407400916978296085e-02
3.203654516484076564e-02
-2.204072872772215586e-02
6.454966929555966404e-03
-5.712749901587200335e-03
-5.627259970538943390e-02
-3.098777842495223020e-02
-7.824814246634172535e-03
-1.213461431165336474e-02
9.902594010411977510e-03
-1.902840114462103077e-02
1.790366886850046357e-02
-1.816962642959188065e-02
-2.725746276985381925e-02
-1.420608213882215004e-02
6.773776077341458340e-04
2.494737511355687651e-02
2.271749748418584389e-02
-7.109540507417820565e-03
-7.089780029534946274e-05
4.028231991240747295e-02
3.865736461736994645e-02
1.954661640885566390e-02
-4.516604809123235011e-03
-1.514964946565181166e-02
-1.993908176874625154e-02
-3.220459065119372216e-02
-1.698387097130164836e-02
-3.348767356303490594e-02
-1.677282272261175836e-02
4.952587679740912477e-03
3.003092681427151859e-03
6.061893422757795580e-02
6.260535728103644448e-02
2.482420176861512354e-02
-2.900465700031335317e-02
-1.821321562085427212e-02
1.144755440271045220e-03
9.675622540416090392e-03
-3.482621023812632055e-02
-7.071415599971915544e-02
1.705666429375041551e-02
8.121825323944101629e-03
-7.952214830291065920e-03
-1.443318803232358262e-02
1.122525294815860872e-02
1.129069125140112935e-02
4.337054854727357550e-02
5.724751455194850014e-02
2.632611370303633916e-02
-7.735438223322873078e-03
-1.263959854661784836e-02
1.927090858253846419e-04
1.215998836989141962e-02
-8.624890168816044117e-03
-7.334658198568892729e-02
-4.440763387085858160e-02
4.746554845780726756e-02
4.917583174596482087e-02
-5.052400736471494153e-02
-2.618708334133967516e-02
-7.086007319220118117e-02
-1.268166659075197454e-02
-3.553500948905946675e-03
-8.276511589852254130e-03
1.425024288297978628e-02
2.894151588507162809e-02
1.880330421082032979e-02
3.428353901641300466e-02
3.199832211036472002e-02
2.224418220473521265e-02
-2.204811066125017885e-02
-1.379621061667364763e-02
2.312627242000055237e-03
-3.865662528859897112e-02
-8.941078138727439131e-03
-4.003209815885719856e-03
-3.975177337998231060e-04
1.271183138291355659e-02
-3.120217133905781211e-03
-3.323956488986887919e-02
-2.540879020903485594e-02
-2.892668356062416679e-02
2.980856235886196470e-02
2.064582451092562485e-02
2.513489116671920043e-02
-7.390724337648130193e-02
-2.947707939253797413e-02
-3.409822173646535892e-02
8.925600124589505580e-02
6.390644093709231532e-02
-1.679214648759736264e-02
4.178118357139499334e-02
5.848258837191755433e-02
-8.943081472837337287e-03
5.981751729392680711e-02
8.353875627848234009e-02
4.342661153087479242e-02
2.751118384607799047e-03
7.237932936292833935e-03
1.323514532469432202e-02
6.806697420964397116e-02
7.636205144887973917e-02
6.530004597294064572e-02
5.976147994858452793e-03
3.860560673105239288e-02
1.171779545712785774e-02
3.154287618990423564e-02
3.957942314253573568e-02
3.645921350289026142e-02
1.600329946460962161e-01
1.580123921827154276e-01
1.427272408615518073e-01
-1.995029759499229033e-02
1.159022066395920666e-03
-4.015938225361297825e-02
3.156818904017059252e-02
1.434485200280662121e-02
1.400923891018517921e-02
3.640314460276775077e-02
3.933246951592862806e-02
1.864311005802289992e-02
7.934225450081515418e-02
6.501809612288386719e-02
5.749169727441660188e-02
3.500118149450580796e-03
-1.995050033445527199e-02
-4.680098703658387010e-02
6.666126397122963676e-02
5.511438774226487536e-02
6.570508313198250572e-02
-4.040686639496271493e-02
-2.585021081855227304e-02
-8.437281222954142595e-03
-1.442016695226136513e-02
-4.091273685423193335e-03
-4.626881764016609749e-03
3.666243417627132548e-04
-1.841931409019238047e-02
2.064539339374072205e-02
-3.995012672851278035e-02
-1.691777711186904717e-02
-3.440488292379034058e-02
-1.515966979322852688e-02
-1.837284336534655491e-02
-3.181117859751122351e-02
2.074655959689950674e-02
4.267476367101186163e-02
3.862520224957568388e-02
-4.607202230890952016e-02
-3.256429653727844348e-02
-2.958019489224551074e-02
-3.642558399585934387e-02
-1.801981873942854265e-02
5.245510469397120235e-03
-1.582564920738854103e-02
5.650003308480000021e-03
-1.335681109083000986e-02
5.866572442768174661e-02
1.619470366166377712e-02
-5.611531325987921016e-03
1.110199208788225679e-02
5.014106249618213197e-03
-8.472215520147601811e-04
3.667539530225109867e-02
4.325257508485964159e-02
5.597199144807116222e-02
1.771581288685997874e-02
2.540911995648826444e-02
2.924389351098028583e-02
8.869354517697705317e-03
2.331861576620132548e-02
1.661802721028410312e-02
3.215061731280088181e-02
4.098378638626897635e-02
5.670924127772984658e-02
-3.300167497944829503e-05
-2.281863934544446637e-02
-3.599161504769342237e-03
2.979423068528394211e-02
-9.101935041018669598e-03
1.908415885188309222e-02
7.039698516741107852e-03
-9.146379918726091351e-03
-3.372831423599047251e-02
-1.024849630642448751e-02
-3.082214991903202070e-02
-4.380464728781868072e-02
-1.516881434204979222e-02
2.606926013397738509e-02
2.184010592582924515e-02
-7.971509807417743662e-03
5.085851179567286995e-03
-6.538416223947302562e-03
-1.574283654572301849e-02
-8.926600383492752991e-03
6.702061167625862452e-03
-1.674831078299672841e-03
5.449547971418285813e-02
9.910775044971273373e-03
-5.864598078151177923e-02
-3.460574860507224793e-02
-2.712691127019082465e-03
-3.135583411510259322e-02
-5.848265214936235190e-02
-3.257711431035448940e-02
1.180281939129915712e-02
3.952269391722044306e-02
4.631842266375140599e-02
1.332186752494686315e-02
2.363288094038567752e-02
1.318707806598154800e-02
4.237693410820785218e-03
5.174756128985713577e-03
1.124078214858835814e-02
-1.341584243710624777e-02
2.633859801976027454e-02
1.244359679503151059e-02
-2.968557802034534846e-03
8.846428187633518028e-03
2.038174298780935298e-02
-1.877279228028070485e-02
-2.251753402874932808e-02
-1.658100201254514294e-02
1.966480564111840190e-02
3.997567550857943075e-02
2.574299307931599695e-02
5.931977613630252250e-03
4.945273150555203057e-02
2.863471238800465932e-02
-1.768675943601118942e-04
2.303916834402398167e-02
4.724745310645412852e-03
-2.177292771089764031e-02
-2.118772582845187061e-02
-4.623210691067077688e-02
-2.035516487704220820e-02
-1.351001072749304956e-02
-3.698184904263197847e-02
-2.720378256877170955e-02
-1.298883568550850999e-02
-1.883629630889138706e-02
9.164805410616297388e-02
7.651859050680120955e-02
6.084946352564080119e-02
1.040427351879328194e-01
8.515677175323896342e-02
5.689083855128374001e-02
-2.882601525265953216e-02
-2.247172065476466668e-02
-1.503698046209958616e-02
4.317138539076758458e-02
6.445148868909307549e-02
3.530740423734157057e-02
4.287123682826495669e-02
6.699267542876213843e-02
4.646358410207152706e-02
-8.736026485691588545e-03
1.627329581453314938e-02
2.326737295424396047e-03
1.892765129138753583e-02
2.619427225163719480e-02
-1.369894470886206389e-02
6.114499380169078745e-04
2.834523208792671597e-02
4.407413711363739398e-03
-7.501549953009803602e-03
1.181832659854667976e-02
4.476313337837617250e-03
1.515680244626282751e-02
5.495186269043481064e-02
3.239130373267651991e-02
9.675815664203965202e-03
6.149540205613560767e-02
3.768780734046132952e-02
-1.190892084490889971e-02
2.430457330695326781e-02
2.586040957645747637e-02
4.629326622827403120e-02
1.748150295097512796e-02
2.500427029403347323e-03
1.537370858822770942e-02
-1.708087989596233230e-02
8.927461261923020849e-03
-4.240278290680302847e-02
-3.619073318917692683e-02
-1.224902860087939693e-02
4.813049406285794390e-02
4.151117460428811051e-02
8.879746220262673545e-03
4.761583172331819436e-02
5.525157822383532785e-02
2.830821051692426066e-02
3.697817485631105933e-02
4.733528135352776250e-02
4.297481987578085499e-02
2.269773145805825676e-02
7.307164432218945854e-04
1.651783984901507643e-02
-1.279126598501227445e-02
-1.973956600915606832e-02
-8.777573797852126700e-03
-4.167141436457282022e-02
-3.560567979358435220e-02
-5.616692025058303041e-03
-8.486625549837130064e-03
-1.441224516360452290e-02
-3.303003236315304320e-02
-2.233812185317101892e-02
-1.612427026484731379e-02
-1.054338808900573583e-02
1.981217953355113998e-03
1.183125358773124206e-02
2.413290523874648402e-02
-8.702934981843123141e-03
-2.591021862806614125e-03
-8.201501439650015976e-03
-5.622497515699972047e-03
-3.717063108396516640e-03
-1.046894921227115201e-02
1.281198439017042570e-02
1.283295349638768901e-02
-1.177694124065160539e-02
5.444763625097209271e-03
6.165183924863394498e-03
-2.329927740239237655e-02
-3.078168500219997245e-02
-2.664634874660750437e-03
-5.616372372992585070e-04
3.648009290337238253e-02
-9.815607813967194492e-03
-2.161994246991317398e-02
4.473476541726015276e-03
-2.623795515928490155e-02
1.994993536553454558e-02
1.484720670329728494e-02
8.707528400890467146e-02
-8.383206057241300926e-03
-1.886666116225843570e-02
-4.162326996199213619e-02
1.922283229479210915e-03
-1.359377636973833035e-02
-2.076325176083992571e-02
-7.199925787869511200e-03
4.176835966157562557e-02
4.267421916529755277e-02
-3.556653233642823042e-02
-4.211807935048914736e-02
-3.982788638520178004e-02
2.808269262736875008e-02
6.498678545911631792e-03
-1.350749456810679174e-03
1.895581517717840822e-02
1.082561051104596016e-02
-1.441807447077062161e-02
9.594963923366667605e-03
2.215603362419349062e-02
1.397251121777388569e-02
2.329546423770956221e-02
-4.291165905566778245e-03
-5.590064665075149958e-03
-2.879034577743415976e-04
7.857759263535232450e-03
2.091495627573006916e-02
-7.409931400884114776e-03
2.440848251590897345e-05
-2.499366773098138372e-02
9.549589001637820776e-03
-2.525074872166178236e-02
-3.086324570969094933e-02
-2.905994729608858684e-02
3.046361944654448969e-02
7.783948804572098090e-02
4.624717706705291226e-02
1.757671916856268571e-02
-2.415294486626701296e-03
8.216962852649840670e-04
-1.754830118509471612e-02
-2.789990056613333297e-02
-2.742283786158173850e-02
-3.887083940370487586e-03
-1.402092659086832775e-02
-1.296244247682185394e-02
4.375004605286451215e-02
4.371047708279447025e-02
5.658866391449674134e-03
2.541392227654367536e-02
4.094100025321775749e-02
3.293882215681169685e-03
-4.631323832028619997e-02
-2.225951915961232874e-02
-6.138001135625176935e-02
-2.884996601502729310e-02
-2.404744673071021119e-02
-3.151844612040932692e-02
2.271801136979934368e-02
-5.745863900107824572e-03
-6.140136612127354045e-03
9.770542777043702068e-03
-2.382879806028100067e-02
-2.271693554986376276e-02
7.049365569983546617e-03
-1.726659191267418750e-02
-6.829222743821515042e-03
8.525306054961809266e-03
2.236154303983596894e-02
1.251022686779050194e-02
-2.625828276827770619e-02
-4.148956761655715059e-02
-1.593372922234011224e-02
1.888108132058721050e-02
7.922864097203821329e-03
1.737895948004905197e-02
1.738415070228747916e-02
2.797130442111456488e-03
-2.177090920521906111e-03
-1.048810946008576876e-02
5.259477191048311101e-02
-1.110307820260577390e-03
-6.249204245234550592e-02
-1.222947158173934151e-01
-5.748109391798890411e-02
-3.971172564010574946e-02
4.039974116585431929e-02
1.440745009715801821e-02
-2.440651684168095373e-02
-8.435425036036904578e-02
-2.339206209234535178e-02
1.981566121919680137e-02
7.522941158026663633e-02
1.631638047206038049e-03
-6.589946312375469240e-02
-4.769104212838156526e-02
-2.745040596468056524e-02
-4.795236556892101126e-02
-2.855782789361895752e-02
-4.273300864048485553e-02
-3.181687057575464678e-03
4.277234471900179941e-02
1.626924078851798086e-02
3.178448300790401304e-02
-9.649260155776172992e-03
-3.607564543747746044e-02
-3.140024496722868680e-02
-4.974563226577350533e-02
-2.280137611782849169e-02
-4.951615413812523320e-02
2.427842301148364079e-02
9.481450842389960512e-03
5.586956431839621567e-02
3.414610242212925278e-02
1.979614699264317657e-02
2.392103006729453391e-02
2.729613616671301354e-02
1.554327610559105843e-02
-2.568851705961639267e-02
-3.757451287926057149e-02
-2.087325043876051694e-02
-3.829157728126648084e-03
-2.299290682629508489e-02
2.747125497267285076e-03
2.693843559711422194e-03
1.258435937753564146e-02
-1.770832462102145746e-02
8.102154616558440020e-03
4.851757251233026341e-02
1.062946681183135969e-02
1.445073072307617376e-02
-3.541441003019679679e-02
-7.801650215138146438e-02
4.808289465347491409e-02
3.296725758088125957e-02
-5.405595508711701774e-02
-6.551547433949034271e-03
2.922145871716699470e-02
1.883891506231856819e-02
-5.438313430527504447e-03
-4.001588502842615136e-02
6.569181437434352955e-02
8.005225854590118650e-02
2.424172413651962121e-02
-4.354726819558515233e-02
-4.328513261283978980e-02
9.590578306360204863e-02
-1.528779708981499105e-02
-2.127627145280761023e-02
3.530237275235764000e-02
7.960057882884238878e-02
1.176310926818446498e-02
-8.998031263376411737e-02
1.551815081858796963e-02
3.027328835304316304e-02
1.938601717312844752e-02
-6.370552304624181594e-02
7.667160297295488695e-03
-1.552414553096414379e-03
3.096755909775819257e-02
2.001963558760597173e-02
-1.180386855608607684e-03
1.491451145397946348e-02
1.342951674369304536e-02
5.212934928867581606e-03
2.770425500449811423e-02
-3.309025254170281510e-02
3.769148058046595251e-02
1.047048317677322024e-02
-2.559808040484915295e-02
1.078692514613907409e-02
3.095227322146422433e-02
-1.685882881947165998e-02
-1.779396260731118395e-02
-2.268619304642605430e-02
-2.330299827751078010e-02
-8.086045626570425790e-03
3.137995762505390446e-02
1.049251013183014405e-02
-1.387552919833457375e-02
-3.507072660237814388e-02
3.250498604671594322e-02
3.605886447725299010e-02
1.740336712515636389e-02
-3.037067636121237239e-04
-2.299475261842916750e-03
3.473703131297081054e-02
-8.547810985296470584e-03
-1.569937790687812515e-02
4.617271257420165094e-03
-3.505580293330128744e-03
-2.146583863667122366e-02
-2.432276708668421397e-02
-7.761158009325921751e-03
-4.143733615339097870e-02
-3.339600299551097329e-02
2.137899744410580102e-02
4.505274590693230524e-02
-1.951600474550261232e-03
-6.610684164795739039e-03
3.224733780893816737e-02
2.070919873609614742e-02
3.012647918236105449e-03
1.108606348890552561e-02
2.694490220845344175e-02
-1.128271822651654745e-02
-4.449227597168272340e-03
-1.683839886896292210e-03
-3.214220442017672735e-02
-1.781813737799241987e-02
-2.676103631253355652e-02
1.529246736772050738e-02
-3.267067938458123513e-03
-1.459556421802856926e-02
1.240199523660986958e-03
1.491397911913006948e-02
-1.022070105532670416e-03
8.199009825606106208e-03
1.623137615966728509e-02
4.079408174640765036e-03
-3.507979275878227166e-02
-7.149442887239275402e-02
3.753618515079297502e-02
3.004476120965547670e-02
-4.827598768678431629e-02
-6.180505470597298656e-02
8.642937759419846294e-03
6.892547784366977182e-02
-3.169249489085950583e-02
6.775693882271954793e-02
2.652394790765044696e-02
-5.489088479714073626e-02
-7.381542893837796104e-02
1.073195288362449318e-01
1.685955689256464843e-02
-3.414707624678463976e-02
-5.863167861567306072e-02
-7.498033856983951986e-03
5.831072460539299916e-03
9.795725156816112097e-03
-1.249490138779963712e-02
-1.016102339178252129e-02
1.069607607583640541e-02
2.214189730981705809e-02
-5.607500604574437893e-03
-3.988353304782915956e-03
-1.129617202943708140e-02
-4.433653601497056229e-02
-3.479335453523205862e-02
4.368584904271888281e-02
1.508978133114571851e-02
1.819438561275782754e-02
1.745208765451696648e-02
-4.017899901186653203e-03
-3.524461899452173332e-03
-2.717676604862908837e-02
5.106700649685644300e-02
2.448396393293501838e-02
2.321813751693145925e-02
3.443317604439967428e-02
1.991269116275896575e-02
6.058639206002818314e-03
1.838965554802867233e-02
1.585530079652822805e-02
1.149675342256091005e-02
-1.468974449713106312e-02
6.435271051139077048e-02
3.115403910536119689e-02
-2.612309793672665942e-02
9.613151499169806519e-03
6.823210164102123942e-02
9.777560647810778355e-03
-2.633977102573606746e-02
-2.287372967467857232e-02
6.539276815465251691e-02
1.596562774178790153e-02
5.291223322866126649e-02
7.841842480960274642e-02
-9.193214260283256653e-03
-6.500688593495021483e-02
5.984965671646062108e-02
5.238254317345698678e-03
-2.381177301623257567e-02
-2.270770567065708012e-02
-2.308078163459923240e-02
-1.397464087590140173e-03
2.828415675422591216e-02
1.031353389219145378e-01
6.987498026465652212e-02
1.667889461474321433e-02
5.550507344614830085e-02
1.787248103198789406e-02
1.113937968288847280e-02
8.842462483120131292e-03
-9.506875794934331603e-02
-1.281685955680102740e-01
2.343226229286825626e-02
7.494530408061303439e-02
-1.174380784201621702e-01
2.046473425842932140e-02
-1.471185011495391819e-02
-3.751412777019160621e-02
-4.832117517476291341e-03
2.036579892855513996e-02
-1.194754073027467708e-02
1.170976190949202939e-02
2.908472397211144325e-02
2.927785893812776333e-02
4.560473063959447071e-02
7.948530249924815050e-02
-5.781305987813611935e-02
1.927224003314555179e-02
-7.933200700863182742e-02
-6.147597437853768998e-02
1.497971505106858447e-02
-6.111838431385099163e-02
-2.043404849943485785e-02
3.053458055777321864e-02
-6.519019975902262676e-02
-4.262614195864034006e-02
6.256338997659163792e-02
1.072448501276899308e-02
-6.123831304633999169e-03
6.082260680122597921e-03
-3.183241595208627372e-02
-6.575745724114555324e-02
9.800860251001257753e-03
-5.300910527823196605e-02
-1.456708881439708683e-02
-4.480516207468105555e-02
-4.246072932800257216e-02
-7.797891808845182175e-03
-2.974381233975213062e-02
-2.826848332511369688e-02
5.411706962979458829e-02
2.621739698110999578e-02
6.012405582541548860e-02
-5.032678665820131299e-03
-6.896137547166878747e-03
-5.962544330844857764e-03
8.222712456876694886e-02
9.845289463160457333e-02
6.832536909218009380e-02
-3.877821004968452084e-02
1.084567358439205570e-02
-2.690081226402403144e-02
5.317184956235371934e-02
1.438070311570728010e-01
5.258327242085314435e-02
1.669740720069878837e-01
2.227565811901329740e-01
1.276819849618757441e-01
1.746406224229531470e-02
1.082790253215921983e-01
-4.326443032795220661e-02
1.593078966507360805e-02
-1.877742330123104153e-02
9.714672884473900955e-03
-4.268754149313799123e-02
-5.592914397475279298e-02
-5.548510942428935139e-02
2.050826829794699657e-02
1.339040222633988448e-04
3.025865635660979214e-02
-5.747603935340005882e-02
-6.486833978053753447e-02
-6.355979710922249337e-02
2.046302073260566727e-03
-2.855578132505914510e-02
5.812907705891554380e-03
-5.790278500670814968e-03
1.549912124005589607e-05
2.300695948975925095e-02
5.003496128082252081e-02
7.057611598933603847e-02
5.335151220270904771e-02
-1.490065246346042316e-02
9.860970574218608578e-03
4.044252397201531131e-03
2.856787813051781671e-02
2.114647668464525801e-02
-4.075614619317834836e-03
4.617845451268166174e-02
1.625013403220314234e-02
4.664224522058450784e-02
2.400000644886039064e-02
7.683612469775835674e-02
1.097996981518357812e-01
1.024449353275915311e-02
2.868064231872040695e-02
2.659305453076695955e-02
-2.942920954078389120e-02
-5.101441571440268330e-02
-2.931057318272940054e-02
-2.630629968958734209e-03
2.136300001289279799e-02
-9.765371016398812984e-03
7.940247304685466023e-02
-3.457351953372015015e-03
-2.135009163243959188e-02
4.044979967857825071e-02
-2.269123467480469239e-02
-2.694604446547348153e-02
6.826152760263207164e-02
2.743356334874557170e-02
5.174494617927966056e-02
1.304241594971493855e-02
6.871471722513855691e-03
3.719100253002238093e-02
-1.914694659111581751e-02
3.474887802495355005e-02
1.356205440459712190e-02
1.351676074758015496e-02
3.271275114096888065e-02
6.817389919342231597e-02
5.852362632115415408e-02
4.971738240562153383e-02
5.411681928873280506e-02
5.724623674061873890e-02
-8.391711533583664714e-03
-2.578436173412815627e-02
5.831354637668501040e-02
3.817028298998341364e-03
-5.133426622869444178e-02
7.068614332454832561e-02
-1.008961050154742224e-02
-1.691226247368883204e-02
2.878118083204222327e-02
6.931017467342055934e-03
1.103499613701594204e-02
6.694468041197669528e-02
9.888645916044866424e-03
-9.363928015561396451e-03
4.176932755033035960e-02
1.843138706028919424e-02
-9.839050458151284498e-03
-4.033145214102815124e-02
7.430417450411498648e-02
-6.590361751469019091e-02
-7.716802767880209801e-02
2.044882690795372590e-02
-2.153969936667877311e-02
-3.884170720317040720e-02
-6.332359011541655730e-03
-3.108794212588664174e-02
-1.439262370680646601e-02
1.559533928433130476e-02
3.045590361093324788e-02
7.674894943744852913e-03
3.348862142944340758e-02
3.595285622704911394e-02
1.717963726717308681e-02
4.148600550720550617e-02
4.732508380900225797e-02
6.691910577817623829e-02
1.095075436033051131e-01
-2.863624173969925302e-02
4.814367302921886138e-02
1.154229300714644663e-01
-3.994700982509047371e-02
6.473349660354096868e-02
1.167459098274448576e-01
-4.878010447774838720e-02
6.969289342117675201e-02
-1.836785754968016772e-03
-1.234753747906503982e-02
9.282055582150974815e-02
5.084419430055695660e-02
1.745013249856902995e-02
5.021479916755828415e-02
1.783492818928964635e-02
-4.975134467527678878e-03
-3.560613666919003762e-03
-9.327077954618302399e-03
1.902183440262840940e-03
-2.090584512894363978e-02
-1.386355444625074311e-02
9.856078272446765123e-04
-3.219728950328788059e-02
-2.824612637271195839e-02
5.048636075932862004e-03
4.119976500410862247e-02
3.035013160948267508e-02
2.083013908549548321e-02
3.701422085206126228e-02
3.034857121730389837e-02
-1.170584559651186539e-02
1.867894757538074435e-02
2.328447072803229920e-02
-6.383239437150839586e-03
6.176062037940025645e-02
9.005728627498962857e-02
3.741703346002372022e-03
1.083581020458750516e-01
1.029318867466025578e-01
4.088694655998444116e-02
7.610521144561298301e-02
5.892212704207692303e-02
-3.099524014116264090e-02
-4.051361164494457490e-02
-1.620429237902875838e-02
2.247583489753509842e-02
-4.419091278320241151e-02
-1.409504091251488275e-02
-3.689659208730552888e-03
-3.687532724007345358e-02
-7.366289974238402448e-03
7.821975764429120806e-03
-2.351114817923569481e-02
-2.632372598002679850e-02
-1.048981402569585525e-02
1.647858846801647861e-02
-2.229245070748369500e-02
1.009745923263316233e-02
-4.562919665218018173e-02
-5.264982164977446977e-02
-1.544942910422698705e-02
1.028198565470353314e-02
-1.124334868060295443e-02
-1.182904867524551054e-02
1.535649881167753909e-02
3.772870655411614954e-02
3.042887390449717025e-02
-3.130734456035777491e-02
2.957984595052672722e-02
8.964414958023154273e-03
-1.664263820719906820e-02
-3.276218126634925648e-02
4.488240487315574290e-03
-2.734981202254233024e-02
-1.440592861382993840e-02
3.076948908620392997e-02
1.054350482016699030e-02
2.347080109372497690e-03
2.376312726489743232e-02
-9.786829633487996796e-03
2.695619547363702767e-02
-2.377388094456643619e-02
-3.644543295879506747e-03
2.484461346578509255e-02
1.847340540065568401e-02
-4.712627931347187354e-03
3.549950409620925007e-02
-9.809236366293174868e-04
4.584731204026051832e-02
6.162660472520044286e-03
8.078522392383261086e-02
7.213592226734753809e-02
3.343228933169273970e-02
9.270241778133155031e-02
3.564129538141715126e-02
7.800641974469784030e-03
5.272807337744324363e-02
-3.736972974153125043e-02
5.100338617581174835e-03
-2.052257761093629479e-02
-1.860963311170750825e-02
3.745291832278518224e-03
1.691633286616405982e-02
-4.562392374610536872e-02
-4.077924901241271327e-02
-7.211681231339965581e-03
-3.713605041046762374e-03
-1.042143590091214669e-02
2.680998241948842880e-03
-4.979056025633751131e-02
-3.145698742391125208e-02
-7.099857939563754272e-02
-9.739228484589528001e-02
-5.472148377736367475e-02
-5.095290989947688642e-02
6.523193751059971901e-02
1.232642790246078618e-01
4.570800442263907998e-02
-2.689270435765928752e-02
1.862673716927813750e-02
-3.451138704290217935e-02
-7.061916952019627047e-02
-1.280484715123520953e-02
2.177730851256509670e-02
4.059484573982711370e-02
-2.448851458983956897e-03
-5.171467343193927174e-02
1.724615890896788115e-02
4.543232234994368061e-03
2.580379284816379081e-03
-6.279731563263382318e-03
-1.989325646169652208e-05
3.445393023582368850e-03
-1.810345513610061782e-02
-2.278603967899188454e-02
1.448430749948867967e-02
5.276577941253069587e-03
-1.790866840465650880e-02
-6.888701939180974856e-03
2.620353269146060912e-02
1.880623969738487531e-03
-2.337730686748642692e-02
2.676899012134090206e-02
-2.993633431652506158e-03
-2.726502150698856611e-02
-6.986689367846135416e-03
-2.089383050432623568e-02
1.231681341127436810e-02
-4.912747764491815633e-02
-3.662159525329102688e-02
-2.657852130860879555e-02
3.555179318740972309e-03
8.974984522885140481e-02
6.557198897045912744e-02
-7.282366532295156923e-03
4.730962269531782324e-03
2.109341442670160938e-02
-8.975196229378264168e-03
-1.498087373729245324e-02
-5.575541862972651502e-03
5.716045150365808673e-03
5.209019271180109246e-03
1.733497062072195116e-02
-6.432765473102469538e-03
4.563300502343244427e-03
9.757247276679110320e-03
-9.748318178281775367e-03
-1.888612957244190441e-02
-7.656426210398316855e-03
-6.781380432679126602e-02
-4.165682192716311377e-02
-1.825382539841341814e-02
-6.678039734418042550e-02
-7.965447587022120302e-02
-8.023740327522671523e-02
-2.657898214728116396e-02
-6.800711358152214565e-03
-1.432779160435964554e-03
-3.109835439018964615e-02
-9.320432263949888010e-03
-9.915635294002614689e-03
-3.513184905953163628e-02
-1.178577253063116739e-02
3.323261837927609340e-03
-6.517848022460505375e-03
-5.076385153237838316e-03
2.810033349508003243e-03
-6.925529372914962511e-02
-7.337653487467210578e-02
-5.448026964439975708e-03
1.304928184827858001e-03
-5.454235159597182331e-02
-6.199557085414146573e-02
7.603003836424281070e-02
1.961246159340333112e-02
-3.767564780842395239e-02
-6.828894016984911330e-02
-1.140722065300899812e-01
-1.173866979098420193e-02
-6.141856732079711313e-03
-6.626713198866703014e-02
-4.824132397941791051e-02
2.695445394679492346e-02
8.227954142426436093e-03
-2.773692728989735762e-02
-3.498421310667488432e-02
-3.726549301113162710e-02
-5.196934684709799551e-02
1.232966745867944934e-02
-4.428525299999536841e-02
-4.664702047330238771e-02
-4.513264035778370188e-03
1.996223255980722130e-02
4.927927790359612481e-02
-3.366150836332141433e-02
-1.063464472810820086e-02
-2.898891256847775655e-02
-6.633169409018493945e-02
-1.443779910208098545e-02
9.966990876355123243e-04
-6.922925215471835425e-02
-2.570045047412572101e-02
9.667583711621571124e-03
-3.127355966750059585e-02
-2.503912742854631432e-02
4.562701970661496575e-02
-2.014537264116784965e-02
-1.317384710001193518e-02
-2.124805903752466363e-02
4.783116638916393160e-02
1.432850213380358964e-02
-7.319988284322606620e-02
2.041182397560763195e-02
4.624464407420729971e-03
4.564853947613372112e-03
-9.202696920637189540e-03
1.574875497295456436e-02
2.922067699499266216e-02
-2.272609992900590653e-02
-7.345979864740318291e-03
1.576688492491784555e-02
-1.928506895292962306e-02
-3.048852517856446079e-02
-5.103960063615340520e-02
4.689574767310674547e-02
2.918286588016529362e-02
-1.369491040445412451e-03
2.632962653110540452e-02
3.160952362798417903e-02
3.544808772835705141e-03
