1.942789447085264617e-02
-4.299907567332961894e-02
2.300357509031857872e-01
4.087661662351117775e-02
-5.660197234512317349e-02
2.679820059055527670e-01
6.236324049271572967e-02
2.077839157019191127e-02
1.922189070302616765e-01
-1.737309984351414760e-01
-1.282151590044333656e-01
-2.310684511864717072e-01
2.041913366876063271e-02
5.343328992638048114e-02
1.058224519827862947e-01
5.273997175354112887e-02
1.545441532140741092e-01
2.700239554222684801e-01
8.104798033040250260e-02
4.224435838813984934e-02
9.911436590459216101e-02
-6.073832241245212538e-02
1.603341724017569858e-01
1.607941360764041372e-01
-2.360606381153164054e-02
9.105981085205380743e-02
7.118750243430441160e-02
7.371045999663500270e-02
1.632323633139089528e-02
-7.041465726246702583e-02
2.692764482424692823e-02
-8.422801419606168460e-02
-2.772762885925766918e-01
-6.205339134471635903e-02
6.771111933331004293e-03
-2.418628860125091873e-01
2.721402305984094855e-02
1.344417106794566254e-02
-1.527119058718617306e-01
4.922636226267642495e-02
1.527691762223007399e-02
-2.059454778651795270e-01
6.164889052852324733e-03
-4.780515051537199273e-02
-4.620366627075507548e-02
-1.483958533623847831e-01
-6.751001102179737812e-02
2.595843981434599324e-02
-1.708346150149744544e-02
-5.489441877689841404e-02
1.041855594336436319e-01
9.557410484509658299e-02
1.276591665248420215e-01
7.764084072455623708e-02
1.166683970199700916e-02
-5.989016110206515919e-02
-7.083555130267017719e-02
-9.519068481454483199e-02
-6.898511913450222632e-02
-2.743489924248721304e-02
3.159732221617787135e-02
-9.240049982455604549e-02
2.974458731646278942e-02
-2.239888228821983740e-01
-1.659436012913388381e-01
8.995461888472666701e-02
-2.071375221396810629e-01
-2.002330020699060742e-01
-2.662791233468348936e-02
1.357334781930694123e-02
-1.375279337248418166e-01
-1.300592907719680391e-01
-2.173165026344171108e-03
-2.819490195204177319e-02
5.670785231242783664e-02
3.540983195579096039e-03
3.016377052908752348e-04
6.658363496483515886e-02
7.982143480779255174e-02
-8.486677391852445870e-04
-2.221775437711814003e-04
-2.212457915842126407e-02
-3.042722870697637041e-02
-1.655320161659006549e-03
4.725333844032021322e-03
-5.386822016807851776e-02
-8.983534427626903990e-03
-7.001773069840133007e-03
-5.008298766739879143e-02
1.630387431834768100e-02
6.219046941818328483e-02
-6.942584659225163948e-03
-1.275094624908794903e-03
-4.313675624412486448e-02
-7.624386790822951232e-02
-3.231460985140963138e-02
-6.906340803459483368e-02
-7.227625814209805155e-02
-6.769376608608452389e-03
2.926262388222734823e-02
-5.930034270104113381e-02
-6.157055925499218402e-02
2.841837549404956087e-02
2.935787606149448115e-02
1.180267570404863915e-02
5.685723589726193045e-02
-1.140161640556167783e-02
4.237898674719494524e-02
-1.297092994118632936e-02
-9.450418214445019394e-02
1.277714031700029340e-01
-2.046860929277513619e-02
-1.216839158233751356e-01
-3.020976358612735557e-02
-3.015889559740795450e-02
6.949217426516469433e-03
-5.042945673543031138e-02
-5.139032079880141018e-02
-7.684402542824145255e-02
-1.792798995162015255e-02
-8.199296097519520599e-02
-9.095949835731378941e-02
-9.744410427265036076e-03
-5.033336172198851072e-02
-6.496854487395786748e-02
1.283996224996450386e-02
-5.546758574077167471e-03
-8.842577860369550680e-02
-6.497716522034764630e-02
1.000291422327718484e-02
-9.667008058955538219e-02
-8.028442421078081648e-02
-1.287184627616208381e-02
-9.067487464690661414e-02
-7.867381643519223700e-02
-7.890710869739667177e-02
-5.383769805067693121e-02
-2.853603461516533019e-02
-3.711298001058427332e-02
-1.108055683474574310e-01
-1.397088946031549150e-01
-1.423094716976671878e-02
-1.039500359450694911e-01
-8.998663731417441691e-02
-1.009592541983305586e-02
-1.305643154002334716e-01
-1.693857964649761738e-01
7.006168441394589053e-02
-1.885098001129528467e-01
-1.678907565563301230e-01
1.832385161438367938e-01
1.958090893577523958e-02
-3.292938874662552917e-02
-9.185646510274694809e-02
-2.733381002421196929e-02
-2.801001724469131052e-02
-2.469156619569753686e-01
8.137452089340256600e-02
-3.134608068871894831e-02
7.087997656278541671e-04
3.193714441909188771e-03
1.415442394766845136e-01
-3.379621940417822934e-01
2.720395559932377028e-01
-3.640617508810002900e-01
3.998416406534383016e-02
-2.548348942605487832e-01
-1.679148458089542439e-01
3.825552784311399973e-02
-2.404482264158740168e-02
-3.746479999518178006e-01
1.488922413565022321e-02
-7.975350113721943468e-02
-1.355126004148738683e-01
6.747893409572599394e-03
1.303583656435415850e-01
-3.406873027628045669e-01
1.803668635791348673e-01
2.682386885503736385e-01
1.157796995117656713e-01
-1.328397253123131394e-01
-2.166184326688078698e-01
9.700643751851513452e-02
-4.891232477394459599e-02
1.016207568262435523e-01
2.296305175505525265e-01
1.546175783604454013e-01
-2.059265968250694745e-01
-9.241700224850848966e-02
-1.870157430030834622e-01
-4.999292591628058391e-01
-1.469210247579582906e-01
-4.585366055767363391e-02
-3.564120831897181763e-01
-3.563873850291563450e-01
-7.112010528345551197e-02
4.440145678831690368e-02
-6.463956219779992685e-02
-3.108543070228791949e-01
-4.272781349894014258e-02
-1.223955056203598346e-01
-1.458146069873222372e-01
-4.990735191757960654e-01
5.969458451469496912e-02
-7.553147237076091036e-02
-4.874653089335648226e-02
-1.234366847808959222e-01
1.274406176796941959e-01
-5.527483052174203548e-02
2.571100413807816398e-01
3.164093955039529726e-01
5.481347806947896306e-02
3.666704727251535734e-01
3.254994936762029556e-01
1.665945731610312397e-01
4.259815883858588670e-01
1.827628522185180682e-01
2.120500955247137109e-01
4.010311049207039846e-01
2.127433425531135569e-01
2.150580366415124622e-01
6.527052435372754369e-01
6.021844403741457435e-02
9.769636225974598354e-02
1.924463365173806062e-01
-9.984807839970388788e-02
-1.081468462256411217e-01
-9.175189958594612283e-02
-1.391003287143426637e-01
-1.291448398983998103e-01
-1.289190247873044370e-01
-3.832568044709738081e-02
7.544678075443987837e-03
6.081277877849859681e-02
6.965209234116821746e-02
-1.488637295093830394e-02
-6.852835381035266536e-03
2.905489258323536508e-02
1.695952607955542729e-02
3.271504460646932483e-02
-1.856288536902540517e-02
1.732425979773478952e-02
7.855809734691203416e-02
-8.136358939353105502e-03
1.233989965843292486e-01
2.240690408774302922e-01
-1.810632085602003338e-01
-2.717540315834207076e-01
2.128724524011024744e-01
-1.459928140437636579e-01
-7.094717542914104336e-02
-9.991229575368375249e-02
1.713923938194806748e-02
-2.824936079459959837e-01
2.820338504052259318e-02
-1.535425140073045647e-01
-2.983184415614140161e-01
-2.582001468282438816e-01
-3.023543367856452724e-01
-2.831402147628849786e-01
-1.261782446988322370e-01
-1.284062281603797762e-01
-1.357612164575882630e-01
-4.009478234069756286e-02
-1.809864327470697420e-01
-1.003377835284147146e-01
1.975491666396542514e-02
-1.143614888292271980e-01
-1.173068726673710642e-02
1.472025752422869149e-01
-7.290463284481144002e-02
-1.292844229629176167e-01
-3.846394741586207922e-02
-1.343465096663405411e-01
-9.096941870166172506e-02
-2.545012554410559704e-03
-6.507275960163014239e-02
-1.690141062406731731e-02
2.064277173752233630e-01
-1.039021062613649238e-01
-5.775346292390830943e-02
1.092793573037980914e-01
1.216765829739191729e-01
-1.043888053077305367e-01
-1.422786038147740295e-01
-1.123140305473226269e-01
-2.112649247629078963e-01
-1.193860732132433905e-01
-4.016444660324589716e-02
-2.424381677418743775e-02
-1.705466118868652625e-01
8.031400305539440621e-02
6.105975757246551866e-02
-9.545761058720948766e-02
1.195085430363115875e-01
1.194933320892571649e-01
1.319454492621418423e-02
8.214507721497366077e-02
1.637405112326256185e-01
-3.888252063287280652e-02
1.166159765435744039e-01
4.201310698137976363e-02
-8.368242660551376833e-02
1.887799480275665145e-02
-2.946997431631679168e-02
-1.497840452102371794e-02
-5.794086876457428537e-02
3.622406918770090245e-01
3.575564339168744721e-01
2.406230612394300583e-01
1.412176803480290066e-01
3.383444935926452901e-01
1.503306799861434950e-01
3.292604116379320156e-01
2.559178143190095067e-01
-2.110076619807648990e-01
-6.413041954317710847e-02
-8.190623771785908447e-02
-2.276781001725283748e-01
1.983558915346102236e-02
-8.907440802907863608e-02
-1.380567120130442027e-01
-3.728839035793464485e-02
2.248506752128880820e-02
-7.149548796621733870e-02
1.542515510121182376e-01
-1.061866620689636137e-01
1.405869709379242438e-01
2.926363037521527710e-01
2.404347279191899611e-01
8.360572720850971418e-02
9.915057066733376501e-02
1.956735922100856784e-01
-8.513957316951886733e-02
-2.066047988665929980e-01
4.306830311828973440e-02
-1.889506989665241943e-01
-1.559682621804631963e-01
-8.202257613682890913e-02
-1.761658058727377241e-01
-1.073968149324003724e-01
7.584900375972324083e-02
1.538726741028430614e-02
-3.145735131751535574e-02
1.170546228048475190e-01
2.281310517846135352e-02
-1.923733539173829721e-01
-1.016671765776780770e-02
-9.475097383927003070e-02
-4.621244347970932670e-02
-4.131934965389780223e-02
1.248077008450311672e-02
-2.327605134975388734e-01
2.541579415128067052e-02
1.891848032697272808e-01
2.238189401582916464e-03
2.637446524056815678e-01
1.585469551552224077e-01
-1.014903243759008727e-01
1.422173588305536245e-02
-4.683703627790572477e-02
2.168552657578755663e-02
4.343136739622738968e-02
3.268108812458802095e-03
-1.318755188133224621e-01
-1.713173970818527569e-01
8.217064112246021124e-02
6.645895306779183408e-03
2.911166058137948723e-02
8.297147215887964999e-02
-2.096352001772402301e-02
-3.269308880970862169e-02
-1.347971718294382025e-02
-6.386400540793608915e-02
-9.764169383661808199e-02
2.482549351994771392e-02
-5.514571526424979359e-03
-3.777067331136560457e-02
-4.843431388351342876e-02
-4.190192048408383080e-02
1.675413370346722636e-02
-4.432494376713897594e-02
-6.638090678824083712e-02
-2.886912886094104846e-02
8.262784443215796804e-02
8.141710446607252835e-03
-9.955634685482580085e-03
-1.566354256765964958e-01
1.585252054963161294e-03
-4.765696081340525933e-04
2.660251586312717756e-02
-1.573229343900059418e-01
-8.838453939325786879e-02
-1.200813326596253255e-01
-9.780291299139734496e-02
-3.325020624584785339e-02
-4.250045590158702674e-02
-8.849988395872439295e-02
-1.190498201668172690e-01
-1.543183502468113699e-01
-4.356836952606707447e-02
-8.640768035519659496e-02
-2.225103689371222271e-01
-2.109017225694937436e-01
-4.146423200595519831e-02
2.637780827212058560e-03
-9.836270193645164917e-02
-1.072155114948554651e-02
-6.611204063605537196e-02
-1.628104715662321844e-01
-1.210687241965222177e-01
5.900165196982716520e-02
-8.335417866582392477e-02
-5.009614898938712785e-02
1.368171733189962047e-01
-5.832108871912419779e-02
-7.326636299931073293e-02
9.849745158750199125e-02
-6.015412295735012710e-02
-8.682704816086894706e-02
1.637921455675308835e-01
-3.696142713698188920e-02
-3.374548373790270395e-02
1.754742526744152223e-02
-5.240085305355583062e-02
1.718557280006889620e-02
1.937030608339044765e-02
-1.183382057093624179e-01
-5.621011317992781475e-02
-4.789530453494984796e-02
-1.088515708758164419e-01
-1.605188065530450403e-01
3.914144173315706188e-02
6.172776099976532566e-02
4.601418381516819006e-02
6.548182774536051229e-03
2.184186183837477993e-02
-2.677325372806019710e-04
-8.150557423739173205e-03
2.051334135416608626e-02
2.019242189189072480e-03
1.171773919886859860e-01
1.010187162325805743e-01
5.359740637387028217e-02
7.146944213997342976e-02
5.557133428539062781e-02
6.326071669438229628e-02
1.371001040208652978e-03
-3.038858796718296382e-02
-1.267307428987005623e-02
-8.293517084778391502e-02
-7.878559082700899163e-02
-5.711756381608685401e-02
-4.522854062715773310e-02
-1.149302018242762680e-01
-1.044000210368632858e-01
-3.160971967005968969e-02
-1.272776724454220965e-01
-1.398503642417232296e-01
1.325749083612262798e-02
2.838579582547549537e-02
3.727597780256233090e-02
-9.481312076966511709e-03
-2.009523646012722695e-02
-2.101134517691255824e-02
3.393496996935140703e-02
-9.422163671923429115e-03
-2.936045597218706060e-02
3.056810855687032424e-02
6.226858731591677215e-02
7.524623260300794536e-02
3.783687665907288934e-03
3.216532307651678857e-02
3.241158336700836196e-02
-1.907078343360392838e-03
-1.587138205646419775e-02
-1.567718517643308662e-02
1.552066999174983586e-02
9.572702201331212760e-03
8.458230206089394076e-02
2.669455933588365387e-02
-2.887976442782920483e-02
3.843371369378203312e-02
1.294036817241232991e-02
4.370671619408730488e-03
8.620752424118824017e-03
-1.907067480898744921e-02
3.819642874236411911e-02
7.496159928592294186e-02
-1.586944752568847372e-02
1.364205189626349277e-02
-6.727547331405672390e-03
-3.515730989094958264e-02
-3.618582851593635241e-02
-2.394636252246508390e-02
3.555573439790578327e-02
5.969567058967860385e-02
-1.698658864868866220e-03
2.551519840078199028e-02
-1.334568481922950543e-02
-5.443314392103058667e-03
-6.276670482629151393e-02
-1.920027686411605178e-02
-6.332767732660986304e-02
-2.023840186355444284e-02
-1.035152090972909361e-01
-5.484121346543748693e-02
-1.108235561434393890e-01
-1.608220862884052194e-01
-7.365874366872694756e-02
-1.173322326972897484e-01
-1.597394256564832749e-01
-6.757665347420319102e-02
7.161652493370094033e-03
-5.620807015433571321e-03
1.008639951951644659e-02
-2.009090206176534360e-02
-2.883616269088311312e-02
-2.329237973401078465e-02
-3.645218251938178722e-02
-4.585757841682040065e-02
-3.505721414795722607e-02
-3.791412901343826219e-02
-2.952772591444956587e-02
-2.852707042413785837e-02
-1.577689244833938888e-03
-1.461692238810104183e-02
-2.331287158380047214e-02
-2.287310758561855034e-02
-1.716202384813921011e-02
-2.780505456550513843e-02
-1.440088275468121015e-02
-1.135332064070424529e-01
-7.692987273382687063e-02
-6.237733160358575890e-02
-1.616083444022106963e-01
-8.860450591063052939e-02
-1.329451618103361377e-01
-1.125455508898998008e-01
-6.652029288713609545e-02
3.802182847958432421e-02
9.705399137481936223e-02
1.113641385144775592e-01
-8.755784789523896961e-04
-1.542122507590876386e-02
3.014865183868483539e-02
-8.107464289340589325e-02
-6.073999501691100533e-02
-5.354245888778747658e-02
2.845730074091712674e-03
1.743611045140195867e-02
-1.959016145101210096e-02
-1.057206386199491602e-02
2.680172028168529078e-02
-1.195330134545815985e-02
-4.953916768843740631e-02
-9.308589731285205060e-03
-6.411474091956294308e-02
2.197689420377985526e-03
2.989023571717091751e-02
3.346001343652472287e-02
-1.325884542191205565e-02
3.012205261586086563e-02
3.695981573026980993e-02
-5.311509926847916840e-02
7.136415450853229869e-03
2.494128438206701104e-02
2.408101055924827955e-02
3.721506056531103442e-03
-2.209350779258435760e-02
-3.026630518600048961e-03
-5.079380962522483250e-02
-8.251860464905394488e-02
-2.632806402233979493e-02
-8.337194306627461471e-02
-2.778412545560673616e-02
5.248723088099208761e-02
1.118498012503163774e-01
5.314673929119392154e-02
9.488215099687896670e-02
2.977760668812552969e-01
1.287859587725011523e-01
6.990569472001344209e-02
2.706574840011330418e-01
1.322089979861347520e-01
-2.996892253699930987e-03
-6.855200846688315475e-02
-5.309078545989463077e-02
-6.570652923806581669e-02
-3.760693780547765680e-02
-8.786237631790452807e-02
1.126733997564731242e-02
-3.234601720604786401e-02
-3.879164548287306058e-02
-1.165298816837768425e-01
-3.592228738304691082e-02
2.176599050570123678e-02
-9.979281033697151582e-02
-7.402410428637136441e-02
-5.830324390744306973e-02
-1.089635161191277041e-01
-9.479054654601630492e-02
-1.192613774226980450e-01
-7.636494865241505448e-02
4.271155546649030993e-02
-1.788360624330229132e-02
4.495869150265357356e-02
3.584236865546341355e-01
2.916208088176899249e-01
-4.416515509001741474e-02
1.960562280383177092e-01
1.259995377653559678e-01
-8.770978742724676314e-02
-7.554386607387778008e-02
-1.273744647810496899e-01
-7.536972598161929826e-02
-7.241633240842200274e-03
-3.580829765943517595e-02
-2.130841209193928831e-01
-1.519214903636105785e-01
-6.244140874193498253e-02
-1.554867892011391715e-02
2.596645509398160523e-01
1.373271777188246334e-01
-2.413348961631407372e-02
1.514284408612947830e-01
1.964141118851006895e-01
-1.020376211972129216e-01
-1.276325593083764143e-01
-4.004049934062006016e-02
-8.646253937464043471e-02
3.210823087742956106e-02
1.077833054441720700e-01
9.381602978498479461e-03
1.457476121915234346e-01
1.293072283053752769e-01
-2.791760994946611979e-02
3.681993120994110288e-03
4.840418455990798396e-02
-7.243973689367301516e-02
-1.450388636617323812e-01
-1.383441523168636722e-01
3.694073064448324256e-02
-1.135134241032575075e-03
4.841175852437196170e-02
-9.658110654988744104e-02
-1.077407416339992152e-01
-5.918000977402224777e-02
1.965193931080077283e-01
-5.105691730211944779e-02
8.431820977628776137e-03
1.145133557228237148e-01
-1.019534722702176849e-01
-4.713405253730391237e-02
8.229874773528317311e-02
-2.834925859978415855e-02
-4.082084458765768142e-02
-3.491263802421908091e-02
-7.853248014026148471e-02
1.367145530837121647e-02
-4.310793250715397318e-02
-1.230899634726550229e-01
-4.747176408037870332e-02
4.546046197310524978e-02
-2.701637861923939996e-02
2.098018951076331337e-02
-3.947724199289524838e-02
-5.242638358294034878e-02
-3.848227241095318607e-02
-3.604572866626381406e-02
-1.025474643293772248e-01
-9.316132133580129482e-02
9.195808954910453248e-02
-1.059483489177392816e-02
-8.905083419860983229e-02
4.126428244093396924e-02
-8.904465035272648987e-02
-3.855617310948852156e-02
5.103966861103153424e-02
-1.585424132168248845e-01
-1.424266313698274444e-01
4.602677010124872625e-02
-5.165982731482809259e-02
-1.420094711213260030e-01
7.208269148163935769e-02
1.481074974418924162e-01
5.928648163661048159e-02
3.810775451744127101e-02
2.227631799756830400e-01
3.130196334740675823e-02
-6.200542516578299440e-02
7.253840102746196561e-02
-6.312393203016232468e-02
-1.901227344075144196e-02
-1.282999409013914072e-01
-6.844171284314085058e-02
-6.587228373608813858e-02
-2.031079068737749738e-01
-1.619183504753228808e-01
-3.753393600873302510e-02
-1.711424043956541186e-01
-1.640004364233275669e-01
3.537802167329406888e-02
-2.320383191954235591e-01
-3.043478742891925215e-01
3.668083457334574138e-02
-1.917010301612103729e-01
-3.052082330162909085e-01
4.290507493383158982e-02
-1.584912219442502490e-01
-3.332349872222264420e-01
1.127677719770658199e-01
1.047525477200474953e-01
1.369318666435299647e-01
-4.428266997980559450e-02
4.695094960874394291e-02
1.113306574144646288e-01
-8.407217748866291362e-02
-8.451239001748352131e-02
-3.722465519580415994e-02
3.905120752106867182e-02
1.581920424717805918e-02
9.438586704319495979e-02
1.235222678809548003e-01
8.017319356090958637e-02
1.075186106846993672e-01
9.176640274896993854e-02
1.792342561519991856e-02
-8.657585756590919016e-03
4.821053036274299680e-02
-1.478932221134244239e-02
8.775216772281041466e-02
-3.814527900697708279e-02
8.687360159907435431e-02
2.077536709713836693e-01
3.275414374685267638e-02
1.469752842863517872e-01
2.767246643123321692e-01
7.532744455702430897e-02
1.963240284048993756e-01
6.883325419238919829e-02
9.859898415234677471e-02
1.192371612616863058e-01
5.167064331231970009e-02
1.222732199498675204e-02
-1.950315681445009483e-02
-5.015105888029364190e-03
6.166655336211006311e-02
-2.770452011197145278e-02
-4.022799721763870538e-03
4.125840889430254683e-03
-7.665474789647867826e-02
-2.207146327024948548e-02
-1.730620730963088050e-01
3.354933048000754026e-03
-1.330774308739587995e-04
-4.147366169380365536e-02
1.660618740347508462e-02
1.434061948083776572e-01
-6.608835481356278851e-02
3.248072154926379823e-02
7.187720543984113530e-02
-1.146595419510940961e-01
-1.304290835866563948e-02
-9.977780587386342326e-02
-9.929546184146464602e-03
3.538951353253472210e-02
8.287543798379592985e-02
1.786414683429626143e-02
-2.895139612526435868e-02
-6.642224325460018008e-02
-4.804790069791468193e-02
1.543298937443798879e-04
-1.194217027011231641e-02
-1.085428150229095397e-02
-5.725184089938403775e-02
-6.266169577453063744e-02
-1.226704570776814829e-01
-2.418591178143849885e-01
-1.579987886359187355e-01
-1.435896691581851625e-01
-1.841299722784432158e-01
-8.489972653060652574e-02
-8.286165691163149827e-02
-4.685188842273495247e-02
-1.116702725405022828e-01
-9.020053330427078853e-02
-4.506771065847407082e-02
-1.927110971591047273e-01
9.095842070022897019e-03
-6.933192990143230428e-02
-1.520711643046721295e-01
-7.964044190614774643e-02
-3.448118927209235796e-02
7.914016556266061098e-02
1.235400049927207200e-01
-7.792852758171937844e-02
-1.248680761161766739e-01
-3.208679174863640626e-02
-1.848038979391749548e-01
-8.548771894295509322e-02
1.856442830754412993e-02
-1.969153522190176316e-04
3.456735025301834602e-02
2.187943138214610769e-02
-2.314369054576690191e-02
-1.815213935997663647e-02
2.584141024835902647e-02
3.488599492830182260e-03
1.271599699207673698e-02
-6.145759313810009172e-02
-6.223992534520772502e-02
-2.723202713871192629e-02
-8.057702777515769743e-02
-9.685193720320084410e-02
-5.151698175502878591e-02
-5.575920698714316448e-02
-4.891980011412492418e-02
1.323351399038637591e-02
3.609354283277348141e-02
1.733073930981101143e-02
7.683756832855599683e-02
2.502806672489499631e-02
4.470812747995919767e-02
8.546184852608741667e-02
5.537582250457850908e-02
-3.139950534494791862e-02
-4.588906125814467413e-02
-5.320383639044201640e-02
-9.710182486914727129e-02
2.930574080462929054e-02
-6.619747123480798634e-02
-9.658631647186557978e-02
3.675110688629810302e-02
-3.230872166629384507e-02
-3.176232167490684183e-02
-5.615531521220901157e-02
2.781337236346693997e-02
1.242750085214445847e-02
4.521087634819726669e-02
3.070251948692728078e-03
-7.177021669121057268e-02
-1.248219114764190923e-02
-1.703273045623171630e-03
-6.346832118798061140e-02
8.339598903024072335e-03
2.697557687154498313e-02
5.797638825106909803e-03
3.405485247995310681e-03
3.543252244991282243e-03
-2.651508865661565684e-02
-1.876389273518170100e-02
3.719648016702632731e-02
-3.688720245656244151e-02
-1.005269353268880552e-03
-6.604624381306792302e-02
-6.327224021526538233e-02
-3.079511684017860115e-02
-2.381122277802423179e-02
1.426134318001430999e-02
-2.163952230556292003e-02
-6.595708326922039566e-02
9.406593535371220172e-02
4.914400605588204601e-02
-1.427358127161220021e-03
-2.117965532553232715e-03
3.222140574292403745e-04
3.140853453333913251e-03
-5.561848790709883299e-03
8.310205849526601171e-03
1.641876078825085360e-03
7.422215329436687367e-03
-7.349229916983899061e-04
5.838465243173709615e-03
-1.198592212890380732e-02
4.700876877821838322e-03
7.056239537816332117e-05
9.908264708159383091e-04
1.662450660212180797e-02
1.482352507389837813e-04
-5.037566811712025985e-03
-6.522470925694938068e-03
2.761272866368612213e-03
-1.830674937997726556e-02
-4.198498559889285442e-02
-1.991189969586486599e-02
-3.897695948165018354e-02
-8.930736787176476663e-03
1.257093634022243139e-02
8.329346840108890065e-03
1.675314263887782082e-03
4.731413819537813766e-03
-1.199720695297409878e-02
-8.893561941685354175e-03
-9.953632461008091528e-03
-1.061881735395063010e-02
-8.192818972806584568e-03
1.767462763118021751e-02
6.537105584639026079e-03
2.277190973336542731e-02
-5.025152884990630002e-03
-1.705040365693517856e-02
1.689812081482874179e-02
8.843320104149116415e-03
-2.497800678024218388e-02
1.970106322875027349e-02
2.374941077710509760e-02
2.240647484626527228e-02
2.210318841545660246e-02
-5.110726409375810492e-03
-2.009906092977560566e-02
4.973545735184813858e-04
1.186962636488531325e-03
-2.300275527433194578e-02
-3.104497588456514579e-02
-7.089270377582925810e-03
1.999086451963342365e-03
-2.593356513922684403e-02
5.677860017759077046e-03
3.061927653255060860e-02
1.087403900392548868e-02
1.495800768636414667e-02
1.023219131116605805e-02
2.640338038479918617e-02
3.021313192560323713e-02
1.013722108904818210e-02
-1.026168495066127201e-02
-9.897637859678403913e-03
3.820629846570337135e-02
1.162657984766306621e-02
-6.938169100438915972e-03
3.529564033079760077e-02
3.756469215126303617e-03
1.925503537718530403e-02
6.482338808142343312e-02
2.847821982996392651e-02
-6.835058691709808981e-03
5.525911332147919082e-04
8.084691047947656015e-03
3.127741752028406069e-02
1.623552078906778662e-02
2.710405099186923711e-02
2.139858339347229261e-03
-1.097942364092873574e-02
1.499746192883002691e-02
-7.336311008211630902e-02
-7.156312301189275693e-02
-7.605446283393663132e-02
-1.316685909420599321e-02
-1.496364725561394847e-02
-2.066467959200625829e-02
-2.439533011378033217e-02
-2.404126895240118675e-02
-3.501807076993888185e-02
5.246990931381371320e-03
1.443992246254325457e-02
1.727608721658946411e-02
2.416066852114381880e-02
4.189964001420515283e-02
4.378710217377310837e-02
-9.603485815045808985e-04
1.901793053976427381e-02
2.319551421101744698e-02
2.391016873762313866e-02
6.104783318081150739e-03
1.914063135759484433e-02
2.147251519500916004e-03
-2.375662214821436594e-02
7.260797067414050295e-03
-9.911417615539439355e-03
-2.271506177956287426e-02
2.815235651483379530e-04
-5.340447499521788202e-04
1.356162713264701634e-02
1.366092743371184748e-02
-5.378762560370352157e-03
-9.454021206954085765e-03
5.796795178750728181e-03
2.992315593263902840e-02
1.081037663522151776e-02
-2.117321512455601525e-03
-2.120697707702573487e-02
1.138865551275825309e-03
-1.463063252630177578e-02
1.817670073734097697e-02
4.605632714570941783e-02
2.807861337086967057e-02
-3.028268041057673079e-03
2.273802735017118812e-02
8.796120563799601777e-03
-3.570258246825110809e-02
1.651781040733546826e-02
1.848244746964622029e-02
-2.656658107323168344e-02
3.733070248970751792e-02
3.766260801586598234e-02
-3.703569114859633915e-02
3.317585283127474222e-02
3.134714846038955116e-02
1.278242044552509215e-03
-2.275531820436545432e-03
-6.366226532995969412e-03
2.317823937979511008e-03
-7.168934784980812193e-03
-1.811890070888366386e-02
-5.018308233190564051e-03
-5.926989578744585804e-03
-1.712443495595903850e-02
-5.462648663631840956e-02
-8.388306723846328250e-02
-2.759575225730567100e-02
-6.644593716129798544e-02
-8.368363811257167884e-02
5.811069114407503089e-04
-2.806041399523831817e-02
-3.746661334644191960e-02
3.823667532719327022e-02
1.578679758187344351e-02
2.038179005410515471e-02
-3.255253662116363959e-03
4.656121742840134935e-03
2.852595966340088982e-02
-3.908977132778958946e-02
-1.603153400299862918e-02
2.466524878464856733e-03
-4.296914947911806976e-02
-7.662397105047276391e-02
-2.462911050426544457e-02
-4.665641135985777732e-02
-4.957246712911281272e-02
-2.088044365310596368e-02
-2.628149548367247554e-02
-8.886826934863450989e-02
-1.316038630437811330e-01
-4.599333687489514516e-02
-3.695882314023456877e-02
-5.217578725579837678e-02
-5.129876877787423878e-02
-7.496736744124364582e-02
-4.760974561213867501e-02
-6.903833262424920181e-02
-6.525083718858493143e-02
-1.877146221201934050e-03
6.461305945292287675e-03
-3.182899839648301726e-02
-6.058462492658447940e-02
-2.824775929703029695e-02
4.597097090382767752e-03
-1.169354213157530091e-03
2.576097142178303268e-02
3.292069919803893713e-02
-2.176490790464061589e-02
1.894692893812321977e-02
1.266371098068465664e-02
5.933797801299249552e-02
1.005270413660114548e-01
4.449667203357036971e-02
1.761998057964783357e-02
8.139503378246694398e-02
3.488166694483319646e-02
6.565434992951718618e-02
-1.917201787286255260e-02
5.874183235787265589e-02
4.265446655985716956e-02
1.625469867517048347e-02
2.034923728029761070e-02
3.560333351065821106e-02
3.029488440906220187e-02
3.459215865911317161e-02
5.975130228554172140e-02
3.661412792464415443e-03
1.011116611721183528e-02
-7.084378595104873048e-03
-1.306375328566107552e-02
4.172390689676277672e-03
-2.678172202759358800e-02
-2.419643605023766991e-02
4.544714126225798956e-02
7.761737805897954423e-02
4.890073745484251055e-02
1.694983653154980702e-02
9.013212049406608972e-02
5.722787122821251099e-02
-2.571153567451914257e-02
1.132828074334519125e-01
7.805293209655655984e-02
-8.977158780379287939e-02
-3.441552290944803472e-02
-4.303884235221438342e-02
6.709995629300188891e-02
1.076667975794422666e-01
1.004496528516732323e-01
2.501047238573773923e-02
5.323832211717479529e-02
5.577484680200124612e-02
-9.679114923234596879e-02
-7.085248435054830596e-02
-9.327308813020887546e-02
2.476757474614823054e-02
5.894477466023601703e-02
6.308045970092250598e-02
-9.173603115297895849e-02
-8.455802452619799736e-02
-8.293905135800049011e-02
-9.199808687656346740e-02
-8.967751170121382454e-02
-9.932558667703333954e-02
-2.404681935176107219e-03
6.735885109711381435e-02
8.268959234470639463e-02
1.810947267861415938e-02
1.650188868371390283e-01
1.342359649156791013e-01
-3.531402718561770654e-02
7.902533519439267420e-03
3.441955272951856878e-03
3.876267487187784119e-03
-2.835438983905985352e-02
3.133734156083777672e-02
9.178788338325719054e-02
9.412315002385232554e-02
-2.830230464948618654e-03
1.058252308650875773e-01
1.977286639375933630e-01
5.993417063571220699e-02
5.108585525405431177e-02
8.614227454779706250e-02
8.804428386644980176e-02
-5.155892701042320142e-02
-4.100149354609951974e-02
-4.204890390095945840e-02
-1.177120634572488833e-01
-1.187707037652424580e-01
-1.356349277557133415e-01
3.427102004324742573e-02
2.719766615286465725e-02
1.305558045360427112e-02
3.025785045654917974e-02
2.038884176955259309e-02
-4.188832355564061619e-05
-7.992361402608288631e-03
-1.382272480705047310e-02
-5.632748167258326555e-02
-7.602038572753040679e-02
-6.425985370823245058e-02
2.489438726585038730e-02
-6.043889385764675964e-02
-5.315356626511785754e-02
2.079543088827763217e-02
-9.438820697706979540e-03
2.753688541598393533e-02
3.075019020109682685e-02
-6.335137634901681809e-03
5.150262374348017064e-02
6.155464361683358337e-02
-5.280607803291761937e-02
-1.937125790265127601e-02
-1.443219140919895817e-02
-6.111824632008017177e-02
-1.130506532464279484e-01
-5.582129464105169830e-02
-1.003814388958979564e-01
-5.152373475317957585e-02
4.623398658763323323e-03
-9.134781048900478262e-02
-8.654393533959306439e-02
4.667867399395624235e-03
-5.038008595191450882e-03
-1.424941042448535367e-02
-1.112147843810491928e-02
1.541453029441114397e-01
1.107581981056480480e-01
9.809924864511729292e-02
3.527490407810471469e-03
7.676730163168603294e-03
-1.759213596355485229e-02
-1.002449316151348829e-01
-9.730997839361226268e-03
-7.347847522678992160e-02
6.419262464214961841e-03
2.519040186779065906e-03
-5.101596641738768284e-02
-4.867917558855761051e-02
-6.448597057192895741e-03
-3.490344169351079773e-02
-6.886160314731890053e-02
4.060164027792177201e-03
-2.831684868390116003e-02
3.089882157490411382e-02
6.013558297330803132e-02
-4.650246685721542983e-02
-4.557796149437304267e-02
-5.196014955685169558e-03
-1.220557803896734315e-02
-9.440224843067206162e-02
-5.791042442802060014e-02
-5.023611138676085941e-02
3.574198224988427153e-02
1.440852380580502808e-02
-6.120857326712580287e-02
-5.946060955837215167e-02
-2.937542319729531670e-02
-4.024056299750219251e-02
-2.649977583000538359e-02
-1.047322174823698965e-01
-5.215379358462020332e-02
1.443110072816378986e-01
1.496639635935957391e-01
1.123445466943994303e-01
5.900391824145879635e-03
4.166683999291691948e-02
4.303279398212234153e-02
-6.829095346093130847e-02
2.352880620820003987e-02
3.374367543932423746e-02
-1.356024706837712923e-01
-9.521011102983915897e-02
-5.704101625615480564e-02
-1.798597335737849023e-01
-1.408294822225832077e-01
-5.484809086601848821e-02
-1.584342179155282526e-01
-1.817110493770988378e-01
-1.294066787847183153e-01
1.151746159659752800e-01
6.590917218529160349e-02
8.174348571060746638e-02
6.757544569355952713e-02
9.533432261803351238e-02
1.089214188804967648e-01
1.252823521916633931e-01
9.311668037650901175e-02
6.578937234061030259e-02
5.198732846457338602e-02
6.809342873285040287e-02
9.786096781029693381e-02
6.150848137359879453e-02
9.987219764467920868e-02
1.284330431723570975e-01
6.223545033708113849e-02
1.010523973908113993e-01
1.225015298823977222e-01
1.549250144180049082e-02
3.016864009183985174e-02
2.799907009838059971e-02
6.911273989610646797e-03
1.759524811013620307e-02
5.023207078992431539e-03
7.460992987561473888e-02
1.003934252995696136e-01
8.573443876134706487e-02
5.315216647310806730e-02
5.117108938837109516e-02
6.896718737401376365e-02
-3.471375131154927351e-02
-4.655250746650678451e-02
-2.223243871945336514e-02
-5.911570575301391961e-02
-5.747974839229917643e-02
-2.475833111421259572e-02
7.845308951866769576e-02
6.434949830500327761e-02
-2.982927430843117581e-02
6.402899914431635364e-02
6.825794708353749574e-02
-2.475395671879279669e-02
-1.589448713915223368e-02
3.843274021588486550e-02
-1.935693140751305191e-02
-4.624348117320956075e-02
-6.522550366740013927e-02
-3.673882911862524220e-02
2.209076689767305174e-02
1.595566273230234269e-02
2.185710555513433254e-02
8.823654508922913753e-02
8.474441667308028892e-02
9.283219878323270557e-02
2.201924529913371412e-02
3.358209825097916660e-03
4.656498406390210953e-02
2.127711826187476951e-02
1.411481198142481067e-04
3.523832278791184935e-02
7.656496833660149381e-02
5.272928101620925900e-02
7.492490852127081657e-02
-3.625076773765279620e-02
1.312127392031862613e-02
4.950333362765301642e-02
9.073649806611081350e-03
-1.680150075595498310e-02
5.067348440244994617e-02
-4.540018457058857390e-04
-9.483450592471627527e-02
-3.456281015987993505e-02
-3.369004144976013582e-02
-2.165105475712145525e-02
-4.515013752300672811e-02
-3.503289158723508351e-02
-4.872080484044418597e-02
-6.660736407466391618e-02
-2.753821010974253497e-02
-1.732992309965935770e-02
-3.255741893728533037e-02
-1.954576252891711448e-03
-1.198268751947149588e-02
1.084981869906552314e-02
-2.036275467159667438e-02
-7.884540045733986688e-03
-3.769406762997765115e-02
1.248009405584922689e-02
1.905106903329914850e-02
-2.150690524773750043e-02
1.777415452428119519e-02
5.591927439047771238e-03
1.296381664912878498e-02
3.417474744800592240e-02
2.583565296564238264e-02
2.681828460412578538e-03
-7.849738774939973938e-04
1.344253696884948300e-02
6.130923176164424122e-03
-2.770615132119488497e-02
-5.214896064190892994e-02
-4.155913229481260351e-02
-3.553560029001741338e-02
-8.267703239792051351e-02
-1.977221237788337124e-02
-9.244428359283246230e-03
-1.856385733137780672e-02
5.542882932609775708e-03
-2.331936322485908542e-02
8.437766840104948471e-03
5.053708074272877937e-02
-5.483326344664365363e-04
2.521667108744135924e-02
4.675952085230357380e-02
-1.107648897688488787e-02
-4.395350417656301379e-04
-9.014249182938872604e-03
-6.499024442332625336e-03
-1.091890122341443968e-02
-1.863665548241645945e-02
-2.307395040533043867e-02
-2.807765188038102364e-02
-2.505036908723921613e-03
2.467577095463933251e-02
-3.228826008464957820e-02
-3.914332949183223914e-02
-3.163612254055932650e-03
1.636998528141517598e-02
8.036974818073349194e-03
-1.603949179594151009e-02
-4.091231975160759295e-03
-8.622913376029896736e-04
-2.045077702756760429e-02
-1.347152458087256047e-02
-5.657864894263212388e-03
-1.745466604063702215e-02
1.456448512277445755e-02
-1.863778624589775348e-02
-2.031313260502835838e-02
2.488059137462393308e-02
-3.013305046392730432e-02
2.041666840268633459e-02
7.192643103953431927e-02
2.027628506030926259e-02
2.547543903354696285e-02
1.787799295492259119e-02
2.283757577769883126e-02
3.825721768071525808e-02
7.736023061352959029e-04
9.902461766274734192e-03
-3.875138933233565619e-02
-7.792341415483880485e-02
-5.188321295622103785e-02
-6.086430342867326856e-03
-5.237194695685171500e-03
-1.887861329279441266e-02
4.828803358496593090e-02
5.064651270774773312e-02
3.384919899765964635e-02
-2.514209976286607695e-02
-2.006737391923294964e-02
-3.417578991816207223e-02
-2.505959421741775928e-04
1.441909646224110407e-02
2.472846380216410858e-02
6.722908913513916083e-03
1.822945701849651434e-02
1.953616778461194151e-02
-4.787004384995528772e-02
-3.586091065284555124e-02
-2.802077271140558309e-02
1.246606363756480942e-02
-2.032768395393111036e-02
6.136556594768173556e-03
8.037668986284805112e-03
-4.781409937238737494e-03
1.371887254652051115e-02
-3.583578237251037329e-02
-4.898577615379032246e-02
-2.929975328423184422e-02
1.354037815149559607e-02
3.455016914420755425e-02
4.017405968033566088e-02
-1.755424538394945166e-02
4.180147920474066268e-03
3.212809294824603423e-02
-3.855375842469549452e-02
-3.050275897307281724e-03
-8.425351885210870945e-03
-3.673561618419326266e-03
1.345162296092599491e-02
-4.787109423606472278e-03
5.256599741792754299e-02
6.545883536743506148e-02
5.219151802462698025e-02
-3.028629114120338570e-02
-1.216328634023218849e-02
-3.729443864415998150e-02
-1.365107910471865214e-02
3.317083102896865865e-02
4.655839779142420531e-02
3.083769817969721216e-02
8.082780481777374071e-02
8.074775626244228011e-02
4.913164281611839997e-03
4.940632639523005742e-02
5.246502638913504851e-02
-1.587472883973450573e-03
-1.967125200518183431e-02
-3.060927725836211713e-02
-6.376455039452140830e-03
-1.825680572372912619e-02
-3.178024464856651909e-02
-1.566355860737354486e-02
-3.878710854925140200e-02
-3.861657760323473215e-02
-1.122865789554479965e-01
-7.050278906201490337e-02
-6.715510097631455233e-02
-4.192284459416979747e-02
7.711142604091367897e-03
1.435009010594039992e-02
-6.670033064671518699e-03
9.703935199686562763e-02
5.733555492301539713e-02
-3.052804235813552300e-02
-3.836687737564641043e-02
7.027100207632200161e-03
3.666026048979404567e-02
4.202114728016998618e-02
-1.236573581240448527e-01
-1.828845553346881286e-02
3.852881191248001217e-03
-5.424122566049792427e-02
3.164278670575836755e-02
1.396464306878718031e-01
-3.191216027351263113e-02
8.313792505842437786e-02
6.872534569927085668e-02
2.903496638438582966e-01
1.014439929452281425e-01
1.716938604510362953e-01
1.289747843793131732e-01
-1.706145397982435086e-02
-6.846765920046460341e-02
-4.737422029979822952e-02
-4.480681041794459633e-03
6.332312513896404260e-02
-2.886685941226573363e-02
1.749648645835253508e-02
6.962309662684021405e-02
1.508458709110465853e-02
-2.930939957465830692e-02
4.161798966304224717e-02
9.046686812481073703e-03
8.702948707649853927e-03
6.823546093032600846e-02
1.142292040376137602e-01
1.413300289528913734e-01
8.929836402049136368e-02
1.005535399401186608e-01
-5.588034626940013849e-02
3.995738657120604526e-02
6.687512083264754437e-02
1.035479948904028391e-01
6.831509421760542655e-02
-9.496903862046200684e-02
4.579590831799211677e-03
4.364317645378709698e-02
-3.378320221680188029e-02
3.909584261670227129e-02
8.601720768951261198e-02
3.385532338417512194e-02
1.377248070949662895e-01
6.406514438355856260e-03
1.980551655144062798e-02
8.934541774944644577e-02
4.172858398711398742e-02
-8.033220467456991809e-02
-7.063104390216100315e-02
-1.117468774372350204e-01
-4.227821843660835299e-02
-8.442112619174822752e-02
-9.633066263537768889e-03
2.158150172387726662e-02
-7.651996542085008624e-02
7.259157158153861991e-03
5.758903985652909230e-02
9.069557142774142822e-02
1.540721724167276596e-01
7.362441772568964916e-05
3.040734463203373719e-02
7.453414343120291774e-02
6.385527524661503695e-02
1.510534966782864086e-01
2.847094458393567562e-01
1.094134877712539394e-01
3.199981709294424242e-02
-1.396488578364495602e-02
-2.158543585922209282e-02
-1.724131012547747699e-01
-1.938257925770486001e-01
-1.790888815284414903e-01
-4.978782627569359326e-02
-4.631204177991096738e-02
-3.700320454314539459e-02
-2.075856527476611577e-02
-2.279034655848748842e-02
2.562148102573974257e-03
-1.146702479864835922e-01
-1.238916001420067442e-01
-1.066607210519312787e-01
-9.337757060615611837e-02
-8.267364892499570739e-02
-7.438932821334566514e-02
7.655904061179111264e-02
2.038966340603794170e-01
6.312294811960486585e-02
1.116402983647007685e-01
1.554238026632174530e-01
1.212893483205174094e-01
5.608367858191039279e-02
1.498484142408318398e-01
2.094013436626928227e-03
-4.311487873156800293e-02
-7.256840910620786234e-02
-5.565364235387489089e-02
1.440987464110395910e-01
1.499042323209175409e-01
-1.279700335889600582e-01
4.379524459996612246e-02
1.204189462242852282e-01
-4.887912212723183325e-02
-2.180251419778977875e-03
-3.700537566874000789e-02
1.918336169081219164e-02
-1.565689921993448086e-01
-2.086415194138057649e-01
-1.538991477754265147e-01
-3.162026428788545368e-02
-6.586438075216170807e-02
-3.914080633625542649e-02
-4.175744994474233328e-03
1.507812884798302375e-02
-9.755333714711903956e-03
-7.082688880985503477e-02
-4.885472389740327243e-02
-9.512922408939100682e-02
2.892787843448659316e-02
6.575241188885624921e-03
-5.428682563518739262e-02
-9.978509075855712326e-03
-3.401533584747442468e-02
-2.216713972223527396e-02
-2.753043148098002421e-02
-1.185013087317854721e-02
-3.374559725685311734e-02
5.695033539143382756e-02
9.196099670790447433e-02
-5.002829776376496035e-02
2.697565737111118096e-03
2.954693711693476277e-02
-1.029906214000944759e-01
-5.087253764544232698e-02
2.000141372815279067e-02
-1.021057804132009944e-01
3.770030787262912408e-02
8.720314733411581309e-03
-1.213350601180865768e-01
-2.481870816314994677e-02
2.563764611736947877e-02
-2.449844341825391930e-02
-1.056871020305147624e-01
-2.221800581904407879e-01
-2.220161315320532680e-01
-3.284009981042240039e-02
-5.219389139303080849e-02
-5.983856932336119316e-02
2.344991106934791458e-01
-1.798805439682211460e-01
2.564879578909438074e-01
1.201944952323336611e-02
9.650521494490006680e-02
-2.126761316132809443e-01
1.068596851606598563e-01
6.529866285578551921e-02
1.121756897349048404e-01
1.038216449358354415e-01
5.539776702576014455e-02
-1.102291134235878350e-02
2.269995504835057784e-02
-1.856458010719135299e-01
1.067063890447752794e-01
4.170311704713998424e-02
8.922983520270673374e-02
-4.213724096930131224e-02
1.207634693007482163e-01
1.036986471850100539e-01
-2.144365600031720651e-02
2.770013702002582789e-01
4.003221206952284339e-01
9.119933444562434988e-02
2.377699096799345824e-01
3.456764157512930424e-01
1.642289245424374267e-01
1.156910766653238276e-01
3.616172281387840248e-02
7.742378049906828430e-02
2.730725643735375154e-03
-3.518606692250014073e-02
1.375470647670269109e-01
1.231249269333704183e-01
-9.930477754552612113e-02
1.447867016181744182e-01
-1.593031057215292812e-01
-1.689584133342121597e-01
-8.178955807268642464e-02
-2.453744247348474405e-01
-3.706158689398843329e-03
-3.092516505826941112e-02
7.066087626163080129e-03
-5.441668982149056033e-02
1.828150168581200441e-01
-5.380034732185180746e-02
-9.755753841432347750e-02
-2.505410899708143679e-01
-4.827332304971652249e-02
-1.027689627185756904e-01
-8.911103163614428335e-02
3.681431467209660136e-02
1.293141290169387038e-02
-6.005411135427059927e-02
-4.425560473718419541e-01
-5.651309716664953964e-01
-2.346194494897529403e-01
-4.812599058904051819e-01
-6.174136784723938121e-01
-3.891293675757455106e-01
-2.760296383771249640e-01
-6.503381832075783020e-01
-5.364066232905850828e-01
-1.959370525329276469e-02
-2.072751723859716025e-02
-2.187930882134570942e-03
1.612523937444326413e-02
2.999161772175036947e-02
5.447263021572158054e-02
4.129610707542009235e-02
5.967000637675949626e-02
1.159407862622212904e-01
3.457648576443545473e-03
5.755220921942987011e-02
1.269228214540527033e-01
7.995482667504780552e-03
-5.437101594622266096e-03
2.424741278520621546e-02
-1.381442955032556874e-01
-2.601682042241247328e-01
-2.505905022095649692e-01
-1.215343656439800968e-01
-3.746796167100988062e-01
-1.022733842369108470e-01
-1.476979825155954607e-01
-3.964196300774429638e-01
-2.285996080391518026e-01
-2.058906800743303192e-02
-2.166858772827212343e-01
-1.692285293521524625e-01
4.852010463118514028e-02
-1.600177947199342768e-02
1.092776403018000803e-01
-1.733884004396886447e-01
-2.432955865374022419e-01
2.861664172403795003e-01
-1.836001048437007621e-01
-1.575222498077814004e-01
-6.610835250181266998e-02
-1.162466810459910349e-01
-3.903660768816340915e-02
-2.203757359476343769e-02
-1.195170949060927502e-02
4.206278496615304535e-02
3.621413165220299657e-02
-6.638097975460725830e-02
2.523697648608632521e-02
-9.331857820084693556e-02
-1.892989302892309211e-01
-1.008626189219620356e-01
-4.652303456190510361e-02
-9.481987036687075654e-02
-2.541896398775151528e-02
-5.464892734361820326e-02
-3.629522132490123343e-02
6.793499097032003331e-02
-3.421315017636629430e-02
-5.720736813746406246e-02
9.295822233010066563e-03
-1.061526090023698493e-01
-8.385264301955409894e-02
2.700807762410818713e-02
1.078891068012965831e-01
-3.233498285687404217e-02
-1.253857874521237606e-02
1.117187716083077251e-02
-2.365829532378993863e-02
-4.479735914964004528e-02
1.519409496835714968e-02
-8.005274135541119718e-02
-9.403696525070867618e-02
-7.290258688532336162e-02
4.601708487543518938e-02
-3.739592310295066641e-02
1.628824401791517879e-03
9.997401387984994336e-02
8.238902518266541519e-02
-2.406399998256166656e-02
2.168950335400221530e-02
-5.037897301200220529e-02
-4.912788969873705530e-02
-2.933710709739113104e-02
-3.821856887676656350e-02
-4.267182298955749659e-02
6.017790607865696612e-02
1.268993810223469909e-01
9.320748588516530875e-02
1.115615377561303967e-01
4.967189488989542934e-02
-3.406505751811476218e-02
8.628703362530783239e-02
2.331211029356910353e-02
7.338131543603328491e-03
-4.138758544252049004e-02
-8.175895696291797521e-02
4.881139735368971583e-02
-1.582958028035476583e-01
-2.083240048871277950e-01
-7.995550723971266149e-02
-4.590535389075187794e-02
-2.009471300463198384e-01
-5.961070539428322407e-02
5.809234115036317203e-02
5.505605616715174983e-02
1.415175450031977596e-02
-8.303761298911797872e-02
-1.196917720864179857e-01
-1.300217994317075763e-02
-1.093731441174684849e-01
-1.237567534848386941e-01
-4.985188636589629047e-02
1.778935935108998806e-02
3.547855001390445157e-02
6.751321618861916285e-02
-1.040650071767300344e-02
-1.249037258464623769e-03
3.569338627079915449e-02
2.015895781798517084e-02
6.321574181954958682e-02
2.531387899470927821e-02
-5.279271728600045538e-02
-3.622815329071270296e-02
1.174173928564831160e-01
-6.937344657244751134e-02
-5.304838815047464851e-02
2.217968860477974313e-02
-2.714274977970876010e-02
-1.617008674167358037e-02
3.508889449031785818e-02
-6.602759636410322763e-02
-1.130377343643863691e-01
-5.253635652543721390e-02
-1.658385192107750261e-01
-2.482354942893353067e-01
-2.251937644304246589e-01
-1.015112853998954567e-01
-1.765338998362230294e-01
-1.465208554802779617e-01
-4.267004796536338213e-02
8.802993139002725231e-02
8.828043607926906733e-02
1.025010600098013036e-01
1.848631782393145573e-01
7.507887214364696027e-02
1.372805924222311735e-02
5.034630854411279582e-02
-5.984705263134789538e-02
-2.009271673096325178e-02
4.764910648298688843e-03
1.691579250785050191e-03
-5.018072342594801644e-02
-3.617386671507629575e-02
-4.611529248882204057e-02
-6.028340185087370517e-02
-8.032685939767157668e-02
-1.047274381605378391e-01
-8.751108125845378019e-03
1.696981257843793722e-02
4.895191390070056242e-02
-4.516231267222499401e-02
-2.341372162898710044e-02
-2.633194588118221643e-02
-8.304981690900214986e-02
-8.307476278726561025e-02
-7.604510379809435727e-02
4.308475697491245121e-02
1.092877569054564457e-01
1.131799474925958005e-01
7.224081462154227640e-02
1.072110389391091878e-01
3.262066552183547768e-02
5.175885871827648477e-02
6.493597156991473551e-02
-5.722017270437122771e-02
-1.038782474781646401e-04
7.566609841967243677e-02
-7.705276441666439801e-04
-8.048245309069838871e-02
-2.654276444875370081e-02
1.085829013348901806e-01
-7.460156160093349420e-02
-4.192342904226394051e-02
5.179045917732885695e-02
-1.711638884685481171e-02
-1.293047499980514402e-02
-6.041208557371008370e-02
-3.101660180244035503e-02
-6.016456071261963579e-02
-9.600948477130402670e-02
-7.499878486223153506e-02
-1.033281860854782519e-01
-1.237775760774387779e-01
4.529948231809249187e-02
-6.774292342724665128e-02
-9.975637479438356769e-02
4.190519858839493461e-02
-9.361865792015873489e-02
-8.786764490039318531e-02
1.367916914240858636e-02
-1.239647983885420052e-01
-9.211367876661351317e-02
9.829974870783719440e-03
1.622699110086651617e-02
8.818539434472813521e-02
-8.091823410134618699e-03
-8.892568503001373192e-04
3.759090925925420712e-02
3.585214181995417110e-02
2.057957117146831313e-02
-4.237943175205233226e-02
7.604746114397076262e-02
3.004345249238234150e-02
-1.321369325872053836e-02
4.807720805104472028e-02
-2.693986174886092363e-02
7.255686026594422577e-02
-1.188570821000782679e-01
1.452782050143469339e-01
4.919681546954177143e-02
-8.178963765717543744e-02
1.082375190037002943e-01
1.060438800337853565e-01
1.971908748876912976e-01
2.546142841323666417e-01
-1.103902748166705750e-01
1.537549501931174400e-01
-6.970731354575709915e-02
-6.082419697578902995e-02
1.071715482635914457e-01
8.512933628682776976e-02
-1.827109220265262651e-02
-3.141962734756401782e-02
-1.283136518422761108e-01
3.269724197726867065e-01
-6.509257561909660705e-02
1.200159219065648902e-01
1.660182265385867495e-01
-4.942274450129304636e-02
-1.286417954227154874e-02
-2.730061001306165538e-02
-1.425111301786509410e-02
8.625392263749587229e-02
-1.091158678706734275e-01
1.773932227780465332e-01
9.607517919224418945e-02
-2.114668845633095873e-01
-2.671332898830227828e-02
1.345240909354747105e-01
-1.054688732749663876e-01
1.410459196354836298e-01
1.131786565532750394e-01
-1.902904476528892164e-01
1.367760260122801441e-01
-1.280496353106815588e-01
5.476467943431127805e-02
-6.911098657337678974e-02
-1.229933366575086673e-01
-1.492828573418923839e-02
-1.731267105686704610e-01
-2.064180077141082592e-02
4.841958951372193898e-02
7.792484806061689140e-02
-2.274054981424329311e-02
1.756197843831240335e-01
-5.107345088693373419e-02
-2.330689802363965502e-01
-8.697271935989657476e-02
-1.260900261217854923e-01
-2.105716086582201385e-01
-1.837178711201635228e-01
-1.345492385367343946e-01
-1.509208328375994390e-01
-2.117828603790315040e-03
1.275521081915297929e-02
-3.359962151392623109e-02
9.540810878254573496e-03
3.779041268507839224e-02
7.133533117712204628e-03
8.766467777412387252e-02
-1.859962451255564864e-01
1.823011386023997149e-01
-9.866159467225221399e-04
2.307781655569024135e-02
5.337151031211634020e-03
-2.133051222960465343e-01
-1.263480985538763535e-01
-8.493800683986946209e-03
1.853837632489259424e-01
-5.944174720168000914e-02
5.845171848983258395e-02
-8.798279027063040172e-03
5.754250423719476509e-02
1.597809691061940693e-02
-2.772474114881214730e-02
1.990688242639208905e-02
-4.945722427221024668e-03
-2.263452518430554908e-02
-2.640443550390390859e-02
-1.144798818384662464e-02
-4.176327373195248827e-02
-1.981724367523173339e-02
5.778296402954686368e-04
1.831882471949572086e-02
3.690144897434431692e-03
1.484102595409564004e-02
1.665466390123824733e-02
3.018008757068242620e-02
5.040522094517083801e-03
1.332786256968034391e-02
-1.016089893909881414e-02
1.034938813156862231e-01
6.032044219762760368e-02
-8.590984381157854011e-02
-1.725490878735637668e-01
8.039199548361826431e-02
-1.434198718321120780e-01
1.518392261643868313e-01
3.033089063979279021e-01
1.957420855018314476e-02
6.744755728539417877e-03
-6.766936605108410732e-03
-1.018443038430083963e-01
-3.560878039678129492e-02
3.362974471919375624e-02
-1.127290949223915123e-01
2.203527608462163556e-02
2.133502388766018651e-02
-1.538260730410422050e-02
-1.909199231309003514e-02
-1.072868025557596333e-01
-5.671494979722339902e-02
-3.754456992154083048e-04
-3.659251688325264318e-02
-8.286617531549493598e-02
1.068400299256510623e-02
-5.012709699533653140e-02
-4.083097134545301404e-02
-1.705881141377491722e-02
-7.841546591293233059e-02
-1.821836211592446630e-02
-3.323738755766589281e-02
-1.055018686850892930e-02
-6.806792690884648500e-02
-2.818782244431149858e-02
2.262798001852506929e-02
1.064580300080512215e-02
-1.026689627809818789e-01
-1.627779334878682871e-01
-4.655802135684120047e-02
-2.828960033798570001e-02
-6.801523542881163231e-02
-5.546991056344377502e-02
-1.188094161464994802e-01
-5.649279490255900565e-02
8.332588692259605689e-02
1.627728621134053033e-02
5.939680612561329398e-02
2.419321031436996380e-02
-1.429627828405728891e-02
5.313313510798457415e-03
9.619837652535664918e-02
8.385542799869050157e-02
5.363770248325205880e-02
2.302569589185656657e-02
1.270827461239380958e-02
-3.397477022806327449e-03
8.114407883848023112e-03
3.626041553757330255e-02
-2.794333200386660276e-02
-4.312396007004812293e-02
-2.005253591070988231e-02
6.545608146962138274e-02
-3.476166862680729608e-02
-5.935590030586621046e-02
-1.296167907099149141e-01
-2.811077298146447828e-02
-2.125375409731956045e-01
-1.517595818716509504e-01
4.205651622392848552e-03
-7.708924899343506942e-02
-1.131068018166947187e-01
-2.047799147467481776e-02
6.619098700169140370e-02
1.188414364532282969e-01
-1.265416956814230665e-01
-9.789068847108034488e-02
-1.429442077441622251e-02
-1.383948986227434286e-01
-1.516906300927824136e-02
3.088676660977348123e-02
-2.359374867705201634e-02
-6.790777143389792325e-02
-3.937851986175180258e-02
-2.049535994396074201e-01
-1.926924231050101688e-01
-1.489272451378177431e-01
-1.186971284899829560e-01
-1.951612344120557396e-01
-2.139822101048423006e-02
-8.959807394320130902e-02
-1.052269871905915227e-01
-1.171151997218051743e-01
-1.374967619655006468e-01
-1.971311692150327088e-01
-5.732743480559223531e-02
-9.428553606931087960e-03
-8.558480892194826606e-02
-2.802112928773421718e-02
-9.282591172262778800e-02
-1.879047761209955147e-01
-8.682848181985457214e-02
-1.066020664232555648e-01
-2.819820297850820223e-01
-2.523949525772625213e-01
-5.242889414794040664e-02
-1.244660011711810205e-01
-1.014909795577991769e-01
-4.857703290789718020e-02
-7.470469274581126307e-02
-7.970768786504034420e-02
-7.206271304308965731e-02
-1.423652065581373360e-01
-7.105718425130824745e-02
-6.980554297350510806e-02
-2.179666669034921456e-02
-2.384772628353394944e-02
1.023884142829164928e-01
-4.278047509549665756e-02
-4.274467307644354980e-02
-4.741760346722873054e-02
-1.435339235470111108e-01
-3.086880526889069359e-02
1.631637048821660621e-02
-1.361607530870920062e-02
-2.254197183995058223e-02
1.634900569117645960e-02
-1.798880905315215425e-02
-1.523007657392807558e-02
-2.522646136434228067e-02
-5.802532589039246375e-02
-6.595550327633288579e-02
2.577875896392195498e-02
-3.477097763905283301e-02
-6.026932516082312424e-02
1.705018483489160325e-02
3.170986614269648285e-02
1.818457444228491204e-02
-6.898619094597913115e-02
-4.357373033079495889e-02
-5.678241409574945331e-02
-6.206472831151679109e-02
-3.353944990724438968e-02
-3.994155296208648509e-02
4.989023189277467379e-02
-7.514711882415463229e-02
-5.226565722167569178e-02
-2.915647375486181414e-02
-4.178575257779199720e-02
-2.594671971935818069e-02
6.396253233723887821e-02
-7.416450086490422242e-03
-2.711384546871120280e-02
-1.315628134118910220e-01
-7.576225501191030665e-02
1.886315833287090585e-02
-2.834222088715625532e-01
-3.155776905329542581e-01
-9.060684902603562130e-02
-2.541244263179914253e-01
-3.059181705109628724e-01
-1.539056958370238759e-01
8.620531111975386629e-02
2.203162715721421194e-02
-4.652387215920965324e-02
-4.798976516584944202e-02
-9.477814159298598995e-02
-1.380617883210279451e-01
1.519392822968580400e-02
-1.173763242735644148e-02
-3.443681675958594479e-02
4.483043248121167113e-02
1.074585106326833989e-01
3.440170797102037187e-02
-6.596591623637571011e-03
7.249885653885566883e-02
4.939150041600472857e-03
7.946820138623918173e-03
8.537520386776026315e-02
5.609825883645865735e-02
1.022664057171110592e-02
-3.803166294140438580e-02
3.475443872591516686e-02
2.656987707694740200e-02
-9.587366040368683340e-02
-2.855888819067916575e-04
5.166183316321446006e-02
-9.808006511765311741e-02
-8.817411470980139609e-02
-3.145840855034830186e-02
-8.745590795717006960e-04
2.368174575190665557e-02
-6.822125245554459816e-02
-1.101416476594676702e-01
-9.820521416152895589e-02
-7.860615377038748797e-02
-1.400226236172606997e-01
-1.641589873274140743e-01
-8.045509456411548133e-02
9.164176397363459070e-02
6.541559810612593284e-02
-1.393556137239879700e-01
6.234036407756680942e-03
1.796895798468668703e-01
-2.016759895108592715e-01
-5.499867826344046612e-02
9.792790914513341272e-02
-9.200710746209811441e-02
-1.306397346822207595e-01
8.590634085576592457e-04
-2.596213552281980558e-02
-7.288754458048166129e-02
-1.029933905662751975e-01
8.263954546118276257e-04
7.510710259353874096e-02
5.558840666134734487e-02
-1.929518001772868585e-01
-2.582760300700597811e-01
-1.787242290716477555e-01
-2.692569417165894818e-01
-5.040668661548904916e-01
-3.511142581118234518e-01
-3.627518726399623500e-02
-3.758382621008767854e-01
-1.583304425386828918e-01
6.647975417310038326e-02
5.228977624028887522e-02
-6.036001169740934022e-03
4.201966170984287180e-02
-1.471566786889248746e-01
-3.147873150254121288e-02
-9.107835149977740186e-02
1.017981287484834123e-02
1.054319198469059332e-01
5.766027068121386961e-02
-1.548059788832133361e-02
-8.121660836460344035e-02
-3.219087499838865774e-02
-4.558938200520234324e-02
-5.472936715718235839e-02
-1.832489860998590125e-02
-7.621773583057009230e-04
-2.535946570856285540e-02
8.741256085641237183e-02
3.789753199195878414e-02
-1.614765629344979206e-02
6.950998747938524902e-02
8.600290054075088175e-02
-1.502995930838404125e-02
-4.311211354703652077e-02
-5.566992767106050330e-03
5.449709379815745325e-02
-2.767317328136731369e-02
-8.788411296765565039e-02
-1.143870326443876678e-01
-3.181890155631066919e-01
-2.245302833043050506e-01
-3.493988648323171353e-01
-1.475120877930223284e-01
-8.973938209780819852e-02
-1.468759426891105835e-01
-2.327873386208561407e-02
-1.199363670960132827e-01
-6.299848716132876170e-02
8.820280773689133380e-02
5.090788439206707372e-02
-3.252274390026778372e-02
-2.840792611425965036e-02
-5.746774892106074062e-02
-3.962639188138356028e-02
-1.055607574927009962e-01
-1.196879231184165560e-01
-1.474091582904608067e-01
-1.261077641519857129e-01
-1.054433798939807404e-01
-1.218576826569761490e-01
-6.327945517436603731e-03
-1.559294783080649067e-02
-8.048862820861120773e-03
5.071470174576362538e-02
3.471932065205281248e-02
5.764101780212819298e-02
1.496489647302513067e-04
3.586259322806582828e-02
5.160268665717216569e-02
-3.077065105037753850e-02
-3.715019771474720178e-02
-2.103218849277291302e-02
4.728875934161882316e-02
-3.421230707735190696e-02
1.043879587733165665e-01
1.195190526456006430e-01
1.064020444699556034e-01
1.225784071267222441e-01
3.818364788626487510e-02
3.472692365506305917e-02
2.305859479462293513e-02
1.741403297636859859e-01
8.147525037795601277e-02
-4.869825373267235025e-02
-4.294658547077236793e-02
1.457237931465720122e-02
-9.177346311584647087e-02
3.094041582870750429e-02
1.064874956430520922e-02
-4.927277471841799705e-02
-1.963448248265824425e-01
-2.198978580792203263e-01
-2.718051921595819320e-01
-5.119229041922678664e-02
-1.101648489817663445e-01
-8.938168801499950245e-02
7.202049710477174960e-02
6.247250615411350377e-02
7.773212832122865235e-02
6.245227530413940270e-02
-6.370771924276291687e-02
-1.003280367220079072e-01
6.553969283918684163e-02
-6.843705006345592035e-02
-1.102007266628846210e-01
1.412886002531374696e-01
-2.915005204615037093e-02
-4.827665758369005522e-02
1.160750413328777708e-01
1.164820979865528877e-01
5.502616128430883047e-02
1.322568668464401964e-01
1.109295575340278062e-01
1.038342627320099354e-01
1.060473103134159378e-01
1.099029622986438526e-01
1.031232898483330218e-01
