-3.512653999737774813e-01
-3.147390253251752812e-01
-1.741409543545197058e-01
-5.001788679523271330e-01
-2.663000472050927603e-01
-3.703245245748476577e-02
8.098588602793566071e-02
-1.579757398959363845e-01
9.699035660577571827e-01
3.151344123374064665e-01
-4.259127112758959721e-01
-1.234598631753698328e-01
-3.445603413598621323e-01
7.856732340482058818e-02
-2.952856067496548720e-01
-8.567826405882855711e-01
3.943423182948011529e-01
-4.353916340938802643e-01
1.104593161821884273e+00
-6.775860713144693515e-02
3.294810224965993850e-01
4.072037783324092830e-01
-1.258159713513901323e+00
1.318146327728639822e-01
-2.416759496967599841e-01
1.418753503419231121e-01
3.730866793309797758e-01
5.835763831158352621e-02
1.318980246367805753e-01
-4.625517979238482069e-01
-2.232183773101507063e-01
-5.119147442865707998e-01
4.346224658537649610e-01
-2.156091707497894694e-01
-3.093575266533107326e-01
-2.173501809804287144e-01
-9.303767902357970576e-02
-2.170294735258195828e-01
6.510424877324600956e-01
-6.189322071270950687e-01
7.465150721203090978e-01
-1.823138432756219451e-01
-7.827828450891194390e-01
3.218411107811406380e-01
2.043236724036098240e-01
-1.774471747441216385e-01
6.201747454275707838e-03
-2.021998333265846992e-01
-1.819993551220831507e-01
-9.576326165107235111e-02
-1.948027561840118826e-01
-2.752004270996680768e-01
-1.014569980199647725e-01
1.187798086397167108e-01
-4.094644997132375619e-01
-5.216218899386266816e-01
1.401789541718064802e-01
-5.085271540385650768e-01
5.682340815885836283e-02
8.565299344738652731e-02
6.369759276245758883e-01
-1.012274344389666458e+00
-3.652317903771429286e-01
-3.423657792036272074e-02
